0.100985 9.9991E-05 0.898916
0.0290153 0.0125131 0.958472
0.177467 9.9991E-05 0.822433
0.165565 0.00573964 0.828695
0.142436 9.9991E-05 0.857464
0.0897361 0.266384 0.643879
0.0298568 0.083703 0.88644
0.0889987 0.117803 0.793198
9.9991E-05 0.0822889 0.917611
0.187374 0.0903614 0.722264
9.9991E-05 0.19376 0.80614
0.19268 0.740444 0.0668764
0.382778 0.571535 0.0456868
0.150675 0.716023 0.133301
0.318695 0.560814 0.120491
0.373313 0.494659 0.132028
0.426669 0.518758 0.0545732
0.373166 0.615102 0.0117321
0.247781 0.563555 0.188664
9.9991E-05 0.758674 0.241226
0.277666 0.693693 0.028641
0.300645 0.65423 0.045125
0.30047 0.634066 0.0654637
0.233169 0.671015 0.0958162
0.448267 0.490857 0.0608762
0.425644 0.52394 0.0504155
0.142734 0.720492 0.136774
0.231488 0.626383 0.142129
0.107515 0.778899 0.113586
0.192024 9.9991E-05 0.807876
0.199496 9.9991E-05 0.800404
0.233221 0.0304749 0.736304
0.260424 0.0152314 0.724344
0.334279 0.665621 9.9991E-05
0.364815 0.568736 0.0664497
0.304555 0.695345 9.9991E-05
9.9991E-05 0.73025 0.26965
0.198186 0.801714 9.9991E-05
0.391745 0.587395 0.0208604
0.473 0.5269 9.9991E-05
0.387492 0.564346 0.0481623
0.406578 0.593322 9.9991E-05
0.0449335 0.857575 0.0974918
0.431989 0.531897 0.0361138
0.41238 0.58752 9.9991E-05
0.370776 0.548275 0.0809495
0.16472 0.83518 9.9991E-05
0.351129 0.648771 9.9991E-05
0.477507 0.449427 0.0730661
9.9991E-05 0.875521 0.124379
0.0353039 0.875212 0.0894846
0.00351312 0.832923 0.163564
0.447334 0.533911 0.0187545
0.450678 0.501685 0.0476375
0.453889 0.475963 0.0701473
0.0431145 0.72906 0.227826
0.318613 0.677034 0.00435263
0.432092 0.489944 0.0779634
0.267242 0.555593 0.177165
0.0584127 0.601352 0.340235
0.365738 0.599188 0.0350737
0.281164 0.608411 0.110426
9.9991E-05 0.791575 0.208325
0.276584 0.70348 0.0199361
0.407043 0.592857 9.9991E-05
0.439642 0.509353 0.0510058
0.194568 0.695429 0.110003
0.326382 0.651176 0.0224419
0.40248 0.563027 0.0344932
0.0846033 0.807622 0.107774
0.258398 0.741502 9.9991E-05
0.116951 0.882949 9.9991E-05
0.323528 0.676372 9.9991E-05
9.9991E-05 0.955686 0.0442143
9.9991E-05 0.987624 0.0122764
0.147966 0.851934 9.9991E-05
0.284486 0.715414 9.9991E-05
0.350442 0.541518 0.10804
0.280217 0.719683 9.9991E-05
0.0597955 0.856914 0.0832906
0.0821805 0.849125 0.0686949
0.351734 0.592538 0.055728
0.183738 0.775371 0.0408916
0.277059 0.697063 0.0258772
0.194237 0.805663 9.9991E-05
9.9991E-05 0.912251 0.0876493
0.400217 0.599683 9.9991E-05
0.180885 9.9991E-05 0.819015
0.121066 9.9991E-05 0.878834
0.183545 9.9991E-05 0.816355
0.115149 9.9991E-05 0.884751
0.147874 0.0312324 0.820894
0.1185 9.9991E-05 0.8814
0.10948 9.9991E-05 0.89042
0.332924 0.575132 0.0919439
0.425478 0.570868 0.00365425
9.9991E-05 0.955005 0.0448949
0.372058 0.515435 0.112506
0.317451 0.682449 9.9991E-05
0.449979 0.543061 0.00695936
0.345417 0.654483 9.9991E-05
0.352781 0.646006 0.00121283
9.9991E-05 0.890038 0.109862
0.313144 0.58614 0.100716
0.422714 0.577186 9.9991E-05
0.398149 0.523918 0.0779333
0.184964 0.79387 0.021166
0.269846 0.730054 9.9991E-05
0.246234 0.753666 9.9991E-05
0.24045 0.75945 9.9991E-05
0.224509 0.736751 0.0387399
0.391623 0.571129 0.0372481
0.122893 0.731392 0.145715
0.312144 0.497428 0.190428
0.411895 0.549769 0.0383353
0.444345 0.497762 0.0578926
0.223678 0.735539 0.040783
0.391907 0.605632 0.00246028
0.25082 0.666327 0.0828532
0.319142 0.668087 0.0127705
0.408476 0.512894 0.0786298
0.35989 0.634005 0.00610475
0.23214 0.763173 0.00468627
0.438892 0.533986 0.0271229
0.379896 0.589772 0.0303322
0.425216 0.574684 9.9991E-05
0.413415 0.502781 0.0838038
0.45706 0.52487 0.0180695
0.235558 0.663755 0.100686
0.447176 0.552724 9.9991E-05
0.431038 0.568862 9.9991E-05
0.148739 0.763 0.0882614
0.0781652 0.812692 0.109142
0.401866 0.572984 0.0251493
0.0612458 0.881456 0.0572982
0.0915017 0.788286 0.120213
0.211634 0.781873 0.00649301
0.122648 0.78187 0.095482
0.125916 0.779111 0.0949734
0.410697 0.532884 0.056419
0.3656 0.551149 0.0832508
0.397554 0.549759 0.0526865
0.0710056 0.827562 0.101432
0.350233 0.497876 0.15189
0.360657 0.607477 0.0318662
9.9991E-05 0.710185 0.289715
0.429455 0.535018 0.0355273
0.252592 0.634422 0.112985
0.375227 0.531984 0.0927893
0.130713 0.637637 0.23165
0.062554 0.747074 0.190372
0.236957 0.709222 0.053821
0.300839 0.601847 0.0973142
0.286774 0.518078 0.195148
0.122672 0.657341 0.219988
0.48071 0.501001 0.018289
0.155756 0.844144 9.9991E-05
0.302323 0.697577 9.9991E-05
0.444893 0.501848 0.0532593
0.395656 0.204981 0.399363
0.159957 0.0702272 0.769816
0.125781 0.182259 0.69196
0.429539 0.0860837 0.484377
0.40367 0.59623 9.9991E-05
0.375556 0.59782 0.026624
0.931996 0.0390502 0.0289535
0.615061 0.298049 0.0868898
0.694946 0.250938 0.0541167
0.18879 0.752946 0.0582646
0.388424 0.504723 0.106853
0.09851 0.812441 0.0890494
0.370066 0.629834 9.9991E-05
0.27737 0.718204 0.00442644
0.380513 0.619387 9.9991E-05
0.098773 0.824879 0.0763481
0.448187 0.551713 9.9991E-05
0.368385 0.622234 0.00938075
0.961687 9.9991E-05 0.0382126
0.999746 9.9991E-05 0.000154291
0.746535 0.170926 0.082539
0.896447 0.0609592 0.042594
0.865596 0.0779808 0.0564234
0.925354 9.9991E-05 0.0745457
0.920759 9.9991E-05 0.0791405
0.9998 9.999E-05 9.999E-05
0.961454 9.9991E-05 0.0384462
0.968272 9.9991E-05 0.0316277
0.948126 9.9991E-05 0.0517745
0.870414 9.9991E-05 0.129486
0.882236 9.9991E-05 0.117664
0.949205 9.9991E-05 0.0506953
0.656254 0.253344 0.0904022
0.726732 0.126339 0.146929
0.860058 0.0551021 0.08484
0.914432 9.9991E-05 0.0854683
0.936877 9.9991E-05 0.0630233
0.891029 9.9991E-05 0.108871
0.944142 9.9991E-05 0.0557582
0.802639 0.0472939 0.150067
0.879779 9.9991E-05 0.120121
0.00547197 0.487605 0.506923
0.300371 0.43813 0.261499
0.315146 0.427148 0.257706
0.20945 0.436718 0.353832
0.417837 0.4509 0.131263
0.270833 0.41617 0.312998
0.404939 0.451942 0.143119
0.419424 0.422232 0.158344
0.483823 0.359295 0.156882
0.394089 0.376481 0.229429
0.40303 0.377423 0.219547
0.071809 0.0676851 0.860506
0.0717844 9.9991E-05 0.928116
0.0295512 9.9991E-05 0.970349
0.0453574 9.9991E-05 0.954543
0.106168 9.9991E-05 0.893732
0.0777856 9.9991E-05 0.922114
0.135097 9.9991E-05 0.864803
0.0699977 9.9991E-05 0.929902
0.099936 9.9991E-05 0.899964
0.121621 9.9991E-05 0.878279
9.9991E-05 0.264666 0.735234
9.9991E-05 0.284226 0.715674
9.9991E-05 0.357231 0.642669
9.9991E-05 0.420636 0.579264
0.347047 0.625332 0.0276206
0.265752 0.734148 9.9991E-05
0.338056 0.661844 9.9991E-05
0.220281 0.758637 0.021082
0.0161425 0.846392 0.137465
0.367355 0.573126 0.0595189
0.34196 0.65794 9.9991E-05
0.318246 0.681654 9.9991E-05
0.22692 0.77298 9.9991E-05
0.367981 0.627557 0.00446253
0.26599 0.717735 0.0162749
9.9991E-05 0.965091 0.034809
0.398665 0.563026 0.0383095
0.107774 0.854007 0.0382192
0.356484 0.643416 9.9991E-05
9.9991E-05 0.956302 0.0435977
9.9991E-05 0.685028 0.314872
9.9991E-05 0.722954 0.276946
9.9991E-05 0.745739 0.254161
9.9991E-05 0.708728 0.291172
9.9991E-05 0.799479 0.200421
9.9991E-05 0.716821 0.283079
0.162967 9.9991E-05 0.836933
0.154473 9.9991E-05 0.845427
0.248666 9.9991E-05 0.751234
0.204164 0.0115334 0.784302
0.1716 9.9991E-05 0.8283
9.9991E-05 0.474423 0.525477
9.9991E-05 0.374507 0.625393
9.9991E-05 0.425555 0.574345
0.160671 9.9991E-05 0.839229
9.9991E-05 0.449312 0.550589
0.547403 0.20998 0.242617
0.59242 0.285952 0.121629
0.711469 0.128661 0.15987
0.457112 0.269232 0.273656
0.53069 0.331577 0.137733
0.348902 0.0166725 0.634425
0.230553 0.769347 9.9991E-05
0.187964 0.75122 0.0608166
0.0998756 0.703732 0.196392
0.263955 0.735945 9.9991E-05
9.9991E-05 0.928164 0.0717356
0.462073 0.499313 0.038614
0.258332 0.741568 9.9991E-05
0.134678 0.726207 0.139115
0.355959 0.579677 0.0643645
9.9991E-05 0.890055 0.109845
0.312883 0.65278 0.034337
0.253505 0.746395 9.9991E-05
0.491399 0.396455 0.112145
0.21489 0.78501 9.9991E-05
0.261166 0.725724 0.0131099
0.402028 0.597872 9.9991E-05
0.297687 0.694046 0.00826758
0.42939 0.53417 0.0364403
0.354152 0.57244 0.0734085
0.340617 0.579482 0.0799016
0.220111 9.9991E-05 0.779789
0.132613 0.00843347 0.858954
0.100698 0.0798519 0.81945
0.128808 0.0345479 0.836644
0.17596 9.9991E-05 0.82394
0.0804708 0.776423 0.143106
0.332677 0.617151 0.0501716
0.421698 0.417746 0.160556
0.484292 0.515608 9.9991E-05
0.32313 0.637984 0.0388867
0.151905 0.727489 0.120607
9.9991E-05 0.695106 0.304794
0.322659 0.619646 0.0576946
0.107855 0.713218 0.178926
0.315596 0.643355 0.0410483
0.0135781 0.73307 0.253352
0.449485 0.493435 0.0570799
0.0292598 0.735691 0.235049
0.184696 0.694869 0.120435
0.322122 0.62353 0.0543479
0.136528 0.742144 0.121327
0.355486 0.570136 0.0743784
0.355079 0.557065 0.0878559
0.150348 0.803566 0.046086
0.471895 0.515313 0.012792
0.314633 0.664528 0.0208387
9.9991E-05 0.946826 0.0530741
0.0711323 0.848658 0.0802096
0.306385 0.667701 0.0259138
9.9991E-05 0.862155 0.137745
0.207088 0.783472 0.00944025
9.9991E-05 0.832987 0.166913
0.113814 0.886086 9.9991E-05
0.279881 0.656903 0.0632168
0.415824 0.584076 9.9991E-05
0.0625051 0.878847 0.0586482
0.396747 0.551749 0.051504
0.419231 0.548498 0.0322712
0.329267 0.665115 0.0056176
0.385939 0.588044 0.0260171
0.27197 0.66439 0.0636396
0.160666 0.76655 0.0727838
0.264334 0.669954 0.0657123
0.36992 0.62998 9.9991E-05
0.411417 0.552159 0.0364241
0.232799 0.713755 0.0534459
0.35722 0.64268 9.9991E-05
0.213785 0.641199 0.145016
0.363015 0.636885 9.9991E-05
0.372717 0.60099 0.0262932
0.379257 0.556513 0.0642302
0.475414 0.177802 0.346784
0.557154 0.306554 0.136292
0.470008 0.399391 0.1306
0.489833 0.510067 9.9991E-05
0.491121 0.308614 0.200265
0.259609 0.740291 9.9991E-05
0.474445 0.340858 0.184697
0.164935 0.47014 0.364925
0.535392 0.402728 0.0618797
0.462333 0.462461 0.0752061
0.496643 0.440258 0.0630994
0.290796 0.462678 0.246526
0.534412 0.34771 0.117877
0.533717 0.35511 0.111173
0.182155 0.222577 0.595268
0.500265 0.329272 0.170463
0.517435 0.330472 0.152093
0.488179 0.498485 0.0133352
0.573701 0.263049 0.163251
0.442454 0.363241 0.194305
0.317675 0.660232 0.0220927
0.384418 0.591232 0.0243509
9.9991E-05 0.975335 0.0245646
9.9991E-05 0.895271 0.104629
0.356086 0.566408 0.0775058
0.58876 0.339305 0.0719345
0.586886 0.266378 0.146736
0.395446 0.288546 0.316009
0.513694 0.267167 0.219139
0.150141 0.658726 0.191133
0.244444 0.56203 0.193526
0.412048 0.587852 9.9991E-05
0.417486 0.522129 0.0603853
0.208364 0.630545 0.161091
0.370643 0.599763 0.029594
0.457135 0.542765 9.9991E-05
0.47484 0.434445 0.0907156
0.146388 0.841352 0.0122598
0.213971 0.760526 0.0255035
0.341531 0.658369 9.9991E-05
0.238704 0.699013 0.0622832
0.35905 0.556882 0.0840682
0.257797 0.742103 9.9991E-05
0.0602179 0.870543 0.0692393
0.373017 0.626883 9.9991E-05
0.144938 0.854962 9.9991E-05
0.276557 0.711953 0.0114902
0.354255 0.645645 9.9991E-05
0.292354 0.701679 0.0059676
0.449748 0.364217 0.186036
0.447654 0.433544 0.118801
0.539925 0.307141 0.152934
0.43029 0.404764 0.164946
0.423668 0.420009 0.156323
0.504393 0.327821 0.167786
0.105554 0.533218 0.361228
0.606737 0.33236 0.0609032
0.13406 0.306216 0.559724
0.554839 0.439136 0.00602447
0.0332681 0.930146 0.0365861
9.9991E-05 0.906103 0.0937969
0.248459 0.751441 9.9991E-05
0.426459 0.573441 9.9991E-05
0.246864 0.753036 9.9991E-05
0.307281 0.692619 9.9991E-05
0.30012 0.69978 9.9991E-05
0.151186 0.0257357 0.823078
0.138146 0.061721 0.800133
0.10458 9.9991E-05 0.89532
0.0788368 9.9991E-05 0.921063
0.345948 0.635077 0.0189755
0.276317 0.701259 0.0224236
0.234197 0.765703 9.9991E-05
0.372575 0.579942 0.0474839
0.341096 0.623937 0.0349676
0.14306 0.804744 0.052196
0.391962 0.607938 9.9991E-05
0.176326 0.823574 9.9991E-05
0.482985 0.314581 0.202434
0.327309 0.672591 9.9991E-05
0.171885 0.78986 0.0382544
0.295963 0.703937 9.9991E-05
0.249114 0.750786 9.9991E-05
0.375777 0.624123 9.9991E-05
0.404213 0.567838 0.0279485
0.00465918 0.995241 9.9991E-05
0.147255 0.824565 0.0281798
0.168832 0.831068 9.9991E-05
9.999E-05 0.9998 9.999E-05
0.276494 0.723406 9.9991E-05
0.0428159 0.92502 0.0321636
9.9991E-05 0.888374 0.111526
0.36397 0.63593 9.9991E-05
0.0686911 0.901261 0.0300475
0.332044 0.607897 0.0600593
0.482578 0.517322 9.9991E-05
0.315226 0.684674 9.9991E-05
0.248217 0.720971 0.0308127
0.338148 0.661752 9.9991E-05
0.278359 0.692533 0.0291075
0.148955 0.850945 9.9991E-05
0.362075 0.618264 0.0196603
9.9991E-05 0.256164 0.743736
0.0539622 0.148481 0.797556
9.9991E-05 0.0858697 0.91403
9.9991E-05 0.126513 0.873387
0.000815418 0.199468 0.799716
0.0668784 0.856298 0.0768239
0.0258153 0.85813 0.116055
0.0917138 0.908186 9.9991E-05
0.453864 0.546036 9.9991E-05
0.36497 0.554018 0.0810119
0.203497 0.796403 9.9991E-05
0.394581 0.605319 9.9991E-05
0.273974 0.725869 0.000157244
0.32006 0.67984 9.9991E-05
0.369932 0.629968 9.9991E-05
0.129697 0.844058 0.0262456
0.196071 0.803829 9.9991E-05
0.195659 0.804241 9.9991E-05
0.430137 0.534028 0.0358347
0.226452 0.773448 9.9991E-05
0.325085 0.674815 9.9991E-05
0.734279 0.193303 0.0724178
0.733168 0.139158 0.127674
0.797903 0.112145 0.0899519
0.686234 0.107843 0.205923
0.592747 0.262853 0.1444
0.335607 0.664293 9.9991E-05
0.697709 9.9991E-05 0.302191
0.720677 0.0934894 0.185833
0.421673 0.431325 0.147002
0.317724 0.532903 0.149373
0.274018 0.574908 0.151074
0.464123 0.496307 0.0395699
0.365466 0.590999 0.0435351
0.762274 0.0126041 0.225122
0.674031 0.255899 0.0700702
0.818723 0.134647 0.04663
0.580779 0.237877 0.181343
0.690998 0.108255 0.200746
0.592779 0.215816 0.191405
0.706149 0.0707605 0.22309
0.675498 0.219221 0.10528
0.374286 0.577848 0.0478666
0.588658 0.266155 0.145187
0.811006 9.9991E-05 0.188894
0.560597 0.211152 0.228251
0.0990984 0.634918 0.265983
0.408899 0.574378 0.0167224
0.511492 0.252903 0.235605
0.402816 0.501148 0.0960361
0.294652 0.552415 0.152934
0.530764 0.322176 0.14706
0.515288 0.253897 0.230815
0.436145 0.547081 0.0167739
0.620847 0.262675 0.116478
0.815777 0.158899 0.0253245
0.747323 0.00270582 0.249971
0.416337 0.501336 0.0823266
0.267685 0.609426 0.122889
0.134594 0.666502 0.198904
0.418113 0.476372 0.105515
0.244188 0.629361 0.126452
0.461983 0.398044 0.139972
0.448415 0.406137 0.145447
0.201359 0.290523 0.508118
0.134798 0.332784 0.532418
0.305417 0.463736 0.230847
0.18321 0.348792 0.467998
0.282686 0.116216 0.601098
0.394452 0.421881 0.183667
0.463989 0.330791 0.20522
0.270385 0.337076 0.392539
0.239452 0.326202 0.434346
0.450577 0.431823 0.1176
0.210847 0.463204 0.325949
0.0891661 0.282609 0.628225
0.536623 0.398724 0.0646536
0.454962 0.363318 0.18172
0.482472 0.272502 0.245025
0.637778 0.262201 0.100021
0.493767 0.382851 0.123382
0.551698 0.335894 0.112408
0.429946 0.20148 0.368574
0.513502 0.275639 0.210859
0.586934 0.213827 0.199239
0.427846 0.312585 0.259569
0.275098 0.50953 0.215371
0.466181 0.345587 0.188232
0.484987 0.370117 0.144897
0.47713 0.452 0.0708706
0.546437 0.144694 0.30887
0.549004 0.282834 0.168162
0.358554 0.162242 0.479204
0.547344 0.377855 0.0748011
0.468594 0.19277 0.338636
0.046341 0.0931677 0.860491
9.9991E-05 0.725338 0.274562
9.9991E-05 0.746141 0.253759
9.9991E-05 0.732941 0.266959
9.9991E-05 0.810682 0.189218
9.9991E-05 0.769989 0.229911
9.9991E-05 0.815561 0.184339
9.9991E-05 0.726823 0.273077
9.9991E-05 0.590013 0.409887
0.0820096 9.9991E-05 0.91789
0.0905278 0.0589583 0.850514
0.146555 9.9991E-05 0.853345
0.0610156 0.0764159 0.862569
0.0992519 9.9991E-05 0.900648
0.00643549 0.0318158 0.961749
0.213446 0.0449173 0.741636
0.155483 9.9991E-05 0.844417
0.131193 0.114236 0.754571
0.143693 9.9991E-05 0.856207
0.0333164 9.9991E-05 0.966584
0.0990413 0.0254559 0.875503
0.0369945 9.9991E-05 0.962906
0.112025 9.9991E-05 0.887875
0.160379 9.9991E-05 0.839521
0.211295 9.9991E-05 0.788605
0.249048 9.9991E-05 0.750852
0.255425 9.9991E-05 0.744475
0.210095 9.9991E-05 0.789805
0.268872 0.574209 0.156919
0.397346 0.602554 9.9991E-05
0.438858 0.550836 0.0103061
0.0887563 0.732935 0.178308
0.259331 0.591456 0.149213
0.064555 0.629947 0.305498
0.431418 0.526277 0.0423049
0.19073 0.745663 0.0636072
0.346247 0.613722 0.0400304
0.319353 0.677942 0.00270504
0.286172 0.590698 0.12313
0.399943 0.599957 9.9991E-05
0.355879 0.5881 0.0560209
0.00351717 0.865819 0.130664
9.9991E-05 0.816767 0.183133
0.101869 0.70123 0.196901
0.457255 0.523424 0.0193205
0.345147 0.577989 0.0768642
0.269216 0.590086 0.140698
0.430249 0.561056 0.00869416
0.436672 0.388157 0.175171
0.577627 0.296154 0.12622
0.239405 0.286671 0.473924
0.42229 0.529645 0.0480652
0.392307 0.385306 0.222387
0.172519 0.225217 0.602264
0.425166 0.273529 0.301305
0.400334 0.259437 0.340229
0.402585 0.291953 0.305462
0.611174 0.317503 0.0713227
0.519693 0.315437 0.164871
0.495961 0.380932 0.123107
0.475745 0.373087 0.151168
0.362245 0.150557 0.487198
