0.112769 0.00784836 9.9973E-05 9.9973E-05 0.0345576 0.0393357 0.0177679 0.787421 9.9973E-05
0.347858 0.0110145 0.0229845 9.9964E-05 0.00539656 9.9964E-05 9.9964E-05 0.612347 9.9964E-05
0.151088 9.9964E-05 9.9964E-05 9.9964E-05 0.0777434 0.0754275 9.9964E-05 0.628029 0.0673125
0.171647 9.9964E-05 9.9964E-05 9.9964E-05 0.101364 0.0818978 9.9964E-05 0.625222 0.0194691
0.165167 9.9973E-05 0.0090526 9.9973E-05 0.0423038 0.0164445 9.9973E-05 0.697181 0.0695518
0.745221 0.0576517 9.9964E-05 0.115798 0.0613432 0.0195862 9.9964E-05 9.9964E-05 9.9964E-05
0.811147 9.9946E-05 9.9946E-05 0.082395 9.9946E-05 9.9946E-05 9.9946E-05 0.105858 9.9946E-05
0.638617 9.9955E-05 9.9955E-05 0.0789863 0.12353 9.9955E-05 9.9955E-05 0.158367 9.9955E-05
0.128286 0.0798065 9.99639E-05 0.0491753 0.0492 9.99639E-05 9.99639E-05 0.693132 9.99639E-05
0.704269 9.9982E-05 0.0510262 0.0777654 0.00801849 0.0156956 9.9982E-05 0.128733 0.0142921
0.663456 9.9955E-05 9.9955E-05 0.115836 0.0912663 9.9955E-05 9.9955E-05 0.128942 9.9955E-05
0.038479 0.00652254 9.9973E-05 0.00733617 9.9973E-05 0.0965091 0.837222 9.9973E-05 0.0136315
0.0949942 9.9964E-05 9.9964E-05 9.9964E-05 0.036408 0.0503279 0.38003 9.9964E-05 0.43784
0.0553519 9.9973E-05 0.0318081 9.9973E-05 9.9973E-05 0.0971494 0.709957 0.014071 0.0913626
0.0724406 9.9964E-05 0.022457 9.9964E-05 9.9964E-05 0.134493 0.593569 9.9964E-05 0.17664
0.116648 0.118642 9.9973E-05 9.9973E-05 9.9973E-05 0.160358 0.374195 0.00582236 0.224035
0.0708886 0.000681415 0.147128 0.0128795 9.9982E-05 0.077503 0.252467 9.9982E-05 0.438253
9.9973E-05 0.0190456 9.9973E-05 0.114385 9.9973E-05 0.0726771 0.407054 0.0188738 0.367665
0.138732 9.9964E-05 9.9964E-05 9.9964E-05 9.9964E-05 0.0919006 0.624254 0.00558868 0.139125
9.9955E-05 9.9955E-05 9.9955E-05 0.0324605 0.00679903 9.9955E-05 0.878152 0.082089 9.9955E-05
0.0157551 0.0878876 0.0199586 0.0705094 9.9982E-05 0.0757238 0.404049 9.9982E-05 0.325917
0.0282801 0.0614619 0.00617277 0.134242 9.9982E-05 0.073183 0.298993 9.9982E-05 0.397467
0.0710286 0.0819548 0.0122518 0.0194883 0.0361489 0.0212021 0.247185 9.9991E-05 0.510641
0.0542836 0.0558322 9.9973E-05 0.00724169 9.9973E-05 0.120127 0.678053 9.9973E-05 0.0841631
0.0720463 0.0391357 0.0344998 9.9982E-05 9.9982E-05 0.0742472 0.14697 0.0263262 0.606574
9.9964E-05 9.9964E-05 9.9964E-05 0.0263127 9.9964E-05 0.129941 0.431469 0.0344912 0.377386
0.0451853 0.00188883 0.0109666 9.9964E-05 9.9964E-05 0.0793388 0.862221 9.9964E-05 9.9964E-05
0.0162129 9.9946E-05 9.9946E-05 9.9946E-05 9.9946E-05 0.214616 0.768571 9.9946E-05 9.9946E-05
0.0609837 0.00228388 0.0554248 0.0751652 9.9973E-05 9.9973E-05 0.697474 9.9973E-05 0.108368
9.9946E-05 9.9946E-05 9.9946E-05 9.9946E-05 9.9946E-05 0.0268459 9.9946E-05 0.812477 0.160078
9.9937E-05 9.9937E-05 9.9937E-05 9.9937E-05 9.9937E-05 9.9937E-05 9.9937E-05 0.841953 0.157348
0.199777 0.00911262 9.9964E-05 9.9964E-05 9.9964E-05 0.0340227 9.9964E-05 0.623995 0.132693
0.0803487 0.0903715 9.9964E-05 9.9964E-05 9.9964E-05 0.109901 9.9964E-05 0.687171 0.0318082
9.9982E-05 0.220188 0.000211979 0.0512321 0.0269121 0.0268058 0.16053 9.9982E-05 0.51392
9.9973E-05 0.283804 9.9973E-05 0.0147729 9.9973E-05 0.0801839 0.151274 0.102189 0.367476
0.0442689 0.37583 0.0227227 9.9964E-05 9.9964E-05 0.0792396 9.9964E-05 9.9964E-05 0.477539
9.9964E-05 0.0515787 9.9964E-05 9.9964E-05 0.151455 9.9964E-05 0.627251 0.134876 0.0344398
0.0304841 0.725884 9.9964E-05 9.9964E-05 0.0140561 0.0746156 9.9964E-05 9.9964E-05 0.15456
9.9982E-05 0.159846 0.0544896 9.9982E-05 0.0221207 0.0256374 0.148774 0.0476593 0.541273
9.9964E-05 0.143552 9.9964E-05 0.142 0.0145425 0.0415667 9.9964E-05 9.9964E-05 0.65794
0.00181029 0.139241 9.9982E-05 0.167392 0.0630804 0.00381775 9.9982E-05 0.031744 0.592715
0.0336767 0.12895 9.9982E-05 0.062762 0.0596336 9.9982E-05 0.0841455 0.0386555 0.591977
0.0523153 0.657769 9.9982E-05 0.0419254 0.0176985 0.0091336 0.175828 9.9982E-05 0.0451302
0.0516146 0.0295868 9.9973E-05 0.291312 0.00136936 0.0290837 9.9973E-05 9.9973E-05 0.596734
0.0125105 0.32414 0.0231659 0.0189188 9.9982E-05 0.107589 9.9982E-05 0.0310173 0.482459
0.122922 0.0469963 0.0813481 0.056742 0.003226 0.102042 0.0886852 0.0257321 0.472306
9.9946E-05 0.672093 0.102535 9.9946E-05 9.9946E-05 9.9946E-05 9.9946E-05 9.9946E-05 0.224772
9.9964E-05 0.236768 9.9964E-05 9.9964E-05 0.0701338 0.0568328 9.9964E-05 0.0106491 0.625216
9.9982E-05 0.124198 0.0684557 0.0866291 9.9982E-05 0.011352 0.0682912 0.0925753 0.548299
9.9946E-05 0.697113 9.9946E-05 0.23721 9.9946E-05 9.9946E-05 9.9946E-05 0.0650767 9.9946E-05
0.0224975 0.160177 0.00881331 0.0988676 0.149196 9.9982E-05 0.424493 9.9982E-05 0.135755
0.0301613 0.109957 0.101008 0.368051 9.9973E-05 9.9973E-05 0.355822 9.9973E-05 0.0347007
9.9973E-05 9.9973E-05 0.0564424 0.103183 0.0795554 0.120005 0.107016 9.9973E-05 0.533498
9.9973E-05 9.9973E-05 0.064882 0.153507 0.0183299 9.9973E-05 0.0521115 0.103394 0.607476
0.00698715 0.0943308 9.9991E-05 0.124177 0.0121269 0.0416134 0.0601649 0.0800751 0.580424
0.0372942 0.218362 9.9982E-05 0.11063 0.217577 9.9982E-05 0.257232 0.0655895 0.0931146
9.999E-05 0.0870743 0.0433671 0.0449802 0.101106 0.0134935 0.187514 0.0164609 0.505904
9.9982E-05 0.00440971 0.0376349 0.127548 9.9982E-05 0.0969715 0.19552 0.0494599 0.488256
0.146942 0.0989602 0.00687608 0.0707167 9.9982E-05 0.0240243 0.391008 9.9982E-05 0.261272
0.0712772 0.0915557 0.00748526 0.182787 0.0525414 9.9991E-05 0.374674 0.163825 0.0557546
0.0165187 0.201857 9.9973E-05 0.103523 9.9973E-05 9.9973E-05 0.0800188 0.0369932 0.560789
0.03808 0.0647908 0.0722888 9.9991E-05 0.0528046 0.0202383 0.336622 0.0556793 0.359396
9.9964E-05 0.0900438 9.9964E-05 0.149638 0.112089 9.9964E-05 0.596658 0.0511717 9.9964E-05
9.9982E-05 0.0468232 0.0369864 0.0446625 9.9982E-05 0.00596776 0.371538 0.00724452 0.486578
0.0114509 0.0446285 0.104501 0.0894417 0.0494727 0.0445972 0.0480464 9.9991E-05 0.607762
9.999E-05 0.0204771 0.0601176 0.0263189 0.0164271 0.0387944 0.157108 0.0884134 0.592244
0.0580318 0.129045 0.0897118 0.0856771 9.9982E-05 0.0514576 0.410186 9.9982E-05 0.17569
0.00883848 0.12217 0.050827 0.0729519 9.9982E-05 0.0456854 0.252793 9.9982E-05 0.446533
0.0125654 0.0553575 0.0759831 0.0293079 0.159021 0.0209986 0.0597187 0.0224976 0.564551
0.0153574 0.0887923 0.033134 0.17008 9.9982E-05 9.9982E-05 0.581065 0.0065224 0.104849
9.9955E-05 0.432601 9.9955E-05 9.9955E-05 0.030453 9.9955E-05 0.0117874 9.9955E-05 0.524659
0.00503916 0.693164 9.9964E-05 9.9964E-05 9.9964E-05 0.00164987 0.174189 9.9964E-05 0.125558
0.0131228 0.171129 0.160625 9.9991E-05 0.00931955 0.0516356 0.0424901 0.0883462 0.463232
9.9946E-05 0.853167 0.0286351 0.117598 9.9946E-05 9.9946E-05 9.9946E-05 9.9946E-05 9.9946E-05
9.9955E-05 0.761919 0.107673 0.0629006 9.9955E-05 9.9955E-05 0.0670083 9.9955E-05 9.9955E-05
9.9955E-05 0.691852 0.00266615 9.9955E-05 9.9955E-05 0.0113039 9.9955E-05 9.9955E-05 0.293678
0.00678508 0.450533 9.9982E-05 0.00415639 0.0243558 9.9982E-05 0.0386514 0.0240466 0.451272
9.9973E-05 0.0553229 9.9973E-05 0.100762 0.0113848 9.9973E-05 0.00681327 0.147318 0.678099
9.9982E-05 0.468935 9.9982E-05 0.0351844 0.0282207 0.0470797 0.051401 0.0072973 0.361682
9.9973E-05 0.580174 9.9973E-05 9.9973E-05 0.0764905 0.067001 0.156394 0.00926676 0.110374
0.0657458 0.520744 9.9964E-05 9.9964E-05 0.17232 9.9964E-05 0.0625317 9.9964E-05 0.178258
9.9973E-05 0.330356 0.0245452 9.9973E-05 0.0443767 0.120494 9.9973E-05 0.0705798 0.409348
0.0118861 0.553733 9.9982E-05 0.0100897 9.9982E-05 0.0189612 0.125652 0.0181402 0.261338
9.9964E-05 0.511499 9.9964E-05 0.00896927 0.0448405 9.9964E-05 9.9964E-05 0.0284539 0.405837
9.9955E-05 0.570019 0.0300224 0.00999055 9.9955E-05 9.9955E-05 9.9955E-05 9.9955E-05 0.389468
9.9973E-05 0.65459 0.13521 0.169869 9.9973E-05 0.00553934 0.0142891 0.0202025 9.9973E-05
0.00488467 0.274094 9.9982E-05 0.0170796 0.0172801 0.0400426 0.0721752 9.9982E-05 0.574244
0.300483 9.9973E-05 9.9973E-05 9.9973E-05 0.0250789 0.0481933 0.0877441 0.521814 0.0163871
0.16068 9.9946E-05 9.9946E-05 9.9946E-05 9.9946E-05 9.9946E-05 9.9946E-05 0.747813 0.0909071
9.9946E-05 9.9946E-05 9.9946E-05 9.9946E-05 9.9946E-05 0.0521864 9.9946E-05 0.846409 0.100805
9.9946E-05 9.9946E-05 9.9946E-05 9.9946E-05 9.9946E-05 0.00675767 9.9946E-05 0.890435 0.102208
0.126303 9.9946E-05 9.9946E-05 9.9946E-05 9.9946E-05 9.9946E-05 9.9946E-05 0.765618 0.107479
0.168875 9.9964E-05 9.9964E-05 9.9964E-05 0.0237706 0.0451034 9.9964E-05 0.712177 0.0496747
0.0957155 0.000188015 9.9964E-05 9.9964E-05 9.9964E-05 0.00460876 9.9964E-05 0.843219 0.0558691
0.0363576 0.192808 9.9982E-05 0.00559768 0.137811 0.108827 9.9982E-05 0.0220659 0.496333
0.0485631 0.0823446 9.9982E-05 0.09883 9.9982E-05 0.105994 0.178617 0.0584135 0.427038
0.0523339 0.681415 0.0606005 9.9964E-05 0.0361459 9.9964E-05 0.169105 9.9964E-05 9.9964E-05
9.9982E-05 0.172787 0.0790594 0.0227195 0.0235194 0.0124538 9.9982E-05 0.136009 0.553251
9.9973E-05 0.481039 9.9973E-05 9.9973E-05 0.0351457 0.0342275 0.0357778 0.017308 0.396203
0.0270261 0.249541 0.0604744 0.0287078 9.9973E-05 9.9973E-05 9.9973E-05 0.0265652 0.607385
0.00945873 0.232313 0.0566906 0.0689686 9.9982E-05 9.9982E-05 0.0636137 0.0652875 0.503468
0.026818 0.504279 0.0248421 9.9964E-05 9.9964E-05 0.102367 9.9964E-05 9.9964E-05 0.341295
9.9964E-05 0.691619 0.0111417 9.9964E-05 0.0456526 9.9964E-05 0.181845 0.0693412 9.9964E-05
0.0988295 0.1009 0.0542142 0.0926079 0.0356637 0.0927703 0.0481533 9.9991E-05 0.476761
0.00422774 0.187794 0.0331928 0.0275144 9.9991E-05 0.00802386 0.0933292 0.046426 0.599393
0.0951583 0.112141 9.9973E-05 0.110135 9.9973E-05 0.0576868 0.11519 9.9973E-05 0.509389
9.9964E-05 0.528426 0.0616491 0.0625419 9.9964E-05 9.9964E-05 0.0298064 9.9964E-05 0.317177
9.9973E-05 0.414996 0.0523191 0.0313533 9.9973E-05 0.0296109 9.9973E-05 0.000124001 0.471297
0.0110067 0.419157 9.9964E-05 9.9964E-05 9.9964E-05 9.9964E-05 0.111334 0.0642542 0.393848
9.9955E-05 0.60013 0.063754 9.9955E-05 9.9955E-05 0.181051 9.9955E-05 9.9955E-05 0.154565
0.00743538 0.372923 9.9973E-05 9.9973E-05 0.109582 9.9973E-05 0.0523539 0.0418646 0.415542
0.0291079 0.115189 9.9991E-05 0.0417298 0.0807281 0.0574726 0.106744 0.0863155 0.482613
0.00432289 0.0663166 0.159455 0.0504846 0.0497449 9.9991E-05 0.356456 0.0956314 0.217489
9.9973E-05 9.9973E-05 9.9973E-05 0.0467854 0.0893281 0.0580712 0.306746 0.110827 0.387942
9.9964E-05 9.9964E-05 9.9964E-05 9.9964E-05 0.0380507 0.0229517 0.230384 0.176658 0.531555
0.113686 0.139005 0.0469202 0.0244976 0.0498742 9.9991E-05 0.0750546 0.0234985 0.527364
0.0134433 9.9964E-05 0.0599671 9.9964E-05 0.0821819 9.9964E-05 0.352138 9.9964E-05 0.49187
9.9964E-05 9.9964E-05 0.0987244 9.9964E-05 0.0695666 0.0254781 0.249375 9.9964E-05 0.556456
9.9964E-05 9.9964E-05 0.0413852 9.9964E-05 0.171818 9.9964E-05 0.300961 0.00412677 0.481309
9.9982E-05 0.0398705 0.0754818 0.085959 0.0303547 9.9982E-05 0.220702 0.0243786 0.523053
9.9982E-05 0.052478 9.9982E-05 0.0956362 0.136009 0.00865012 0.130188 0.0276746 0.549164
9.9964E-05 0.00385826 9.9964E-05 9.9964E-05 0.0648542 9.9964E-05 0.361598 0.059418 0.509871
9.9973E-05 0.0283013 0.0485826 9.9973E-05 0.173666 9.9973E-05 0.268081 0.0013798 0.479689
0.000423867 0.0425137 9.9973E-05 0.179607 0.144971 0.00747617 9.9973E-05 9.9973E-05 0.624708
0.0520475 0.0341016 0.0675434 0.109659 0.0980698 0.116996 0.0182128 9.9991E-05 0.50327
0.0221409 0.117132 0.0888317 9.9982E-05 0.0648897 0.0556294 0.183597 9.9982E-05 0.467579
9.9964E-05 9.9964E-05 0.0340617 0.158729 0.162801 9.9964E-05 0.0386933 9.9964E-05 0.605315
9.9982E-05 0.0331508 0.0717267 0.00884395 0.0512667 0.117312 0.264852 9.9982E-05 0.452648
9.9964E-05 9.9964E-05 9.9964E-05 0.0549847 0.0264219 9.9964E-05 0.384007 0.162792 0.371395
0.0797477 9.9973E-05 0.0484026 9.9973E-05 0.0269068 0.0690327 0.226077 9.9973E-05 0.549533
9.9964E-05 9.9964E-05 0.105636 9.9964E-05 0.0877208 9.9964E-05 0.0581587 0.00950892 0.738576
9.9973E-05 0.117933 0.0691816 9.9973E-05 0.160014 0.0806094 0.354745 9.9973E-05 0.217218
0.0153598 0.00861796 0.193914 0.224359 0.0349271 0.0331763 0.366402 0.0282212 0.0950223
0.0698405 0.0638006 0.0309833 0.0516254 0.118723 0.0359941 0.178592 9.9991E-05 0.450341
9.9982E-05 0.164599 0.321014 0.103649 0.117249 0.0336353 0.257213 9.9982E-05 0.00244011
9.9973E-05 0.0264187 9.9973E-05 0.0189358 0.0964877 9.9973E-05 0.540123 0.052445 0.26529
9.9973E-05 0.150761 9.9973E-05 0.0227291 0.144694 9.9973E-05 0.315439 0.00666075 0.359416
9.9973E-05 0.0908066 0.0242604 9.9973E-05 0.155183 9.9973E-05 0.422617 0.0287432 0.278089
9.9991E-05 0.0831167 0.0394967 0.0200043 0.130468 0.0232616 0.426279 0.0392728 0.238
0.0589057 0.118803 9.9973E-05 0.106618 9.9973E-05 0.0517042 0.199846 9.9973E-05 0.463823
0.0683891 9.9973E-05 9.9973E-05 0.0342533 0.0945596 0.0991348 0.197491 9.9973E-05 0.505873
0.0671586 0.0601129 0.116765 9.9973E-05 9.9973E-05 0.063872 0.267194 9.9973E-05 0.424598
9.9982E-05 0.128735 0.0662174 0.18689 0.0777968 0.0823679 0.427912 9.9982E-05 0.0298807
9.9982E-05 0.0859219 0.00420629 0.149726 0.0444239 0.0647415 9.9982E-05 0.192642 0.458139
0.037552 0.110847 0.0760482 0.216833 0.0345541 0.112822 9.9982E-05 9.9982E-05 0.411143
9.9973E-05 0.191304 0.145172 0.37547 0.0642397 9.9973E-05 0.0631915 0.160323 9.9973E-05
9.9982E-05 0.122333 0.0592556 0.116233 9.9982E-05 0.00518687 0.00479115 0.10395 0.58805
0.00193852 0.218932 0.0182068 0.312648 0.0288241 0.0096216 0.0583618 0.0513366 0.30013
9.9991E-05 0.042711 0.0743758 0.152086 0.0410848 0.121804 0.113879 0.0172789 0.43668
9.9991E-05 0.0425429 0.0373306 0.405127 0.0520807 0.0197105 0.2068 0.0349161 0.201393
9.9982E-05 0.0496126 0.125335 0.411425 0.0753388 9.9982E-05 0.0901057 0.0689207 0.179062
0.0275708 0.115425 0.150788 0.0959552 0.132067 9.9991E-05 0.0464957 0.016364 0.415234
0.0250044 9.9991E-05 0.0369226 0.115758 0.0742932 0.0116723 0.122382 0.0430158 0.570851
0.138614 0.0672088 9.9982E-05 0.216983 0.0849816 0.059787 0.0716215 9.9982E-05 0.360604
9.9973E-05 0.213629 0.0569984 0.360584 9.9973E-05 0.14702 0.180198 0.0412711 9.9973E-05
0.033122 0.0971613 0.103122 9.9991E-05 0.0534937 0.0140573 0.0989176 0.059297 0.540729
9.9964E-05 0.125381 9.9964E-05 0.343244 0.0952998 9.9964E-05 0.0753836 9.9964E-05 0.360292
9.9964E-05 0.0884433 0.135191 0.124283 9.9964E-05 9.9964E-05 0.186346 9.9964E-05 0.465336
0.0217929 0.0169122 0.0782457 0.092835 0.0510825 9.9991E-05 0.0612893 0.106691 0.571052
9.9964E-05 9.9964E-05 9.9964E-05 0.312368 9.9964E-05 0.25384 0.0226209 0.305394 0.105377
0.0206321 9.9955E-05 9.9955E-05 0.358137 9.9955E-05 0.125103 9.9955E-05 0.495628 9.9955E-05
0.083522 9.9955E-05 9.9955E-05 0.43909 9.9955E-05 0.140245 9.9955E-05 0.336644 9.9955E-05
0.0369341 9.9973E-05 9.9973E-05 0.235708 9.9973E-05 0.32112 0.0434546 0.330224 0.0322595
9.9946E-05 0.0444535 9.9946E-05 0.31501 9.9946E-05 9.9946E-05 9.9946E-05 9.9946E-05 0.639936
9.9991E-05 0.0238148 0.105811 0.14499 0.068173 0.0556414 0.00154288 0.0412726 0.558654
9.9946E-05 9.9946E-05 9.9946E-05 9.9946E-05 9.9946E-05 0.744691 0.0554871 9.9946E-05 0.199223
9.9973E-05 0.00785532 0.0655208 9.9973E-05 9.9973E-05 0.418431 0.0919681 0.0709941 0.34493
0.0824844 0.0437574 0.0144032 9.9982E-05 0.0972547 0.420019 0.0751921 9.9982E-05 0.266689
9.9964E-05 0.0203814 0.210874 0.37083 0.0507514 9.9964E-05 9.9964E-05 9.9964E-05 0.346763
0.055523 0.0222081 0.0700576 0.126522 0.00181126 0.100887 0.148086 0.0150332 0.459871
9.9973E-05 0.032502 0.187952 0.51133 0.0178201 9.9973E-05 0.0478749 9.9973E-05 0.202221
9.9973E-05 0.0970758 0.0994707 0.153214 0.0177897 9.9973E-05 0.0574544 9.9973E-05 0.574696
9.9964E-05 9.9964E-05 0.160647 0.230861 0.0422602 9.9964E-05 0.0994306 9.9964E-05 0.466402
9.9973E-05 0.0407448 0.0693656 0.270179 0.0247871 9.9973E-05 0.00460079 9.9973E-05 0.590023
9.9973E-05 0.0485029 0.14988 0.479004 0.0633088 9.9973E-05 0.0493478 9.9973E-05 0.209656
0.0628542 0.0921673 0.0818786 0.0559384 9.9991E-05 0.13565 0.0411054 0.0131849 0.517121
0.0574111 0.0877307 0.0879561 0.193304 9.9973E-05 0.016945 9.9973E-05 9.9973E-05 0.556353
0.00587783 9.9946E-05 9.9946E-05 9.9946E-05 0.00336859 0.990154 9.9946E-05 9.9946E-05 9.9946E-05
9.9955E-05 9.9955E-05 9.9955E-05 9.9955E-05 0.0153699 0.917213 0.0106194 9.9955E-05 0.0562979
0.0675148 0.0134419 9.9973E-05 0.0674784 9.9973E-05 0.549258 0.0161989 9.9973E-05 0.285808
9.9955E-05 9.9955E-05 0.0535047 9.9955E-05 0.00879864 0.695319 9.9955E-05 9.9955E-05 0.241878
9.9946E-05 0.0974245 9.9946E-05 9.9946E-05 9.9946E-05 0.823186 9.9946E-05 9.9946E-05 0.0787894
9.993E-05 9.993E-05 9.993E-05 9.993E-05 9.993E-05 0.999201 9.993E-05 9.993E-05 9.993E-05
9.9946E-05 9.9946E-05 9.9946E-05 0.00067137 0.0236092 0.97512 9.9946E-05 9.9946E-05 9.9946E-05
9.9946E-05 9.9946E-05 0.00860775 9.9946E-05 9.9946E-05 0.839625 9.9946E-05 9.9946E-05 0.151168
9.9955E-05 9.9955E-05 9.9955E-05 9.9955E-05 0.0139998 0.983642 0.00168516 9.9955E-05 0.000173388
9.993E-05 9.993E-05 9.993E-05 9.993E-05 9.993E-05 0.999201 9.993E-05 9.993E-05 9.993E-05
9.993E-05 9.993E-05 9.993E-05 9.993E-05 9.993E-05 0.999201 9.993E-05 9.993E-05 9.993E-05
9.9955E-05 9.9955E-05 9.9955E-05 9.9955E-05 9.9955E-05 0.771893 0.0414642 0.0387149 0.147428
0.0265162 0.00366297 9.9973E-05 9.9973E-05 0.00673565 0.792531 9.9973E-05 0.00121505 0.169039
9.9937E-05 0.00493195 9.9937E-05 9.9937E-05 9.9937E-05 0.994368 9.9937E-05 9.9937E-05 9.9937E-05
9.9964E-05 0.0857331 9.9964E-05 9.9964E-05 9.9964E-05 0.450676 0.11968 0.0248406 0.31867
9.9964E-05 0.0189942 9.9964E-05 9.9964E-05 0.0125873 0.607391 9.9964E-05 0.0911782 0.269449
0.0622383 9.9964E-05 9.9964E-05 0.000148264 0.0299842 0.732007 9.9964E-05 9.9964E-05 0.175222
9.9955E-05 9.9955E-05 9.9955E-05 9.9955E-05 9.9955E-05 0.871456 0.0659351 0.023326 0.0387834
0.00303875 0.00637758 9.9964E-05 9.9964E-05 0.0202868 0.957508 9.9964E-05 9.9964E-05 0.0123888
0.0285867 0.0210477 9.9973E-05 9.9973E-05 0.00160889 0.897442 9.9973E-05 0.0304412 0.0205739
0.0240419 9.9937E-05 9.9937E-05 9.9937E-05 9.9937E-05 0.975259 9.9937E-05 9.9937E-05 9.9937E-05
9.9982E-05 0.00109829 0.0522599 9.9982E-05 0.0243643 0.657826 0.0225847 0.0244227 0.217244
0.0533368 0.0054869 9.9973E-05 0.00859801 9.9973E-05 0.864726 0.0396232 9.9973E-05 0.0279292
0.0448843 0.0232678 0.0168679 0.605413 9.9982E-05 0.0251959 0.0446252 0.239546 9.9982E-05
0.103444 0.00374891 0.0437271 0.18976 0.151515 0.126004 9.9991E-05 0.0343845 0.347317
0.081422 0.0788256 9.9973E-05 0.225414 0.0224122 9.9973E-05 9.9973E-05 0.153745 0.437881
9.9982E-05 0.0279896 0.0242604 0.422078 0.0879483 0.127147 9.9982E-05 0.146478 0.163899
0.0279634 0.0205884 0.0454567 0.213629 0.0153368 0.158135 0.127963 0.00737612 0.383552
0.0629086 0.0374793 0.0123221 0.413413 9.9991E-05 0.0821343 0.042679 0.146002 0.202962
0.187522 0.101157 0.0760653 0.0998907 0.0234403 0.0853672 9.9991E-05 0.0489238 0.377534
0.129532 0.0392954 0.0603931 0.32344 9.9982E-05 0.140745 9.9982E-05 0.0142825 0.292112
0.192741 0.0785439 0.0264926 0.189588 9.9982E-05 0.133148 0.0535552 9.9982E-05 0.325731
0.0361122 9.9964E-05 9.9964E-05 0.27219 9.9964E-05 0.144406 9.9964E-05 0.15645 0.390442
0.197132 0.089837 9.9991E-05 0.072347 0.0456447 0.0980584 0.130298 0.00193075 0.364653
0.0981794 0.00168067 9.9982E-05 0.0474384 0.11392 0.0197231 9.9982E-05 0.700958 0.0179003
9.9946E-05 9.9946E-05 0.0409781 9.9946E-05 9.9946E-05 0.0712986 9.9946E-05 0.887124 9.9946E-05
9.9955E-05 0.0218601 9.9955E-05 9.9955E-05 0.00971746 9.9955E-05 0.00406104 0.963862 9.9955E-05
9.9946E-05 9.9946E-05 9.9946E-05 9.9946E-05 0.0443427 9.9946E-05 9.9946E-05 0.946421 0.00863637
0.0417862 9.9964E-05 9.9964E-05 9.9964E-05 0.0152837 9.9964E-05 0.0249569 0.862113 0.0554605
0.00175101 9.9964E-05 0.0127459 9.9964E-05 9.9964E-05 0.103644 0.00895782 0.872502 9.9964E-05
0.282253 9.9964E-05 9.9964E-05 9.9964E-05 0.0133996 0.0605664 9.9964E-05 0.627807 0.0155746
0.0895404 0.0287143 0.015741 0.0303382 9.9973E-05 9.9973E-05 9.9973E-05 0.829295 0.00607079
0.157712 0.00117783 9.9964E-05 9.9964E-05 9.9964E-05 0.0119024 9.9964E-05 0.773361 0.0554466
0.0419951 9.9964E-05 9.9964E-05 0.0377545 0.01209 0.101016 9.9964E-05 0.806744 9.9964E-05
0.0354959 0.115047 0.008319 9.9973E-05 0.0642655 9.9973E-05 0.194235 0.582337 9.9973E-05
0.0683053 0.0787775 9.9964E-05 9.9964E-05 0.169018 9.9964E-05 0.1315 0.551999 9.9964E-05
0.0328623 0.0513824 0.0126618 0.120279 0.12026 9.9982E-05 0.1616 0.500754 9.9982E-05
0.128822 0.0723164 9.9973E-05 0.0237022 0.140497 9.9973E-05 0.274663 0.359699 9.9973E-05
0.0391491 0.291539 9.9973E-05 9.9973E-05 0.00232355 9.9973E-05 0.158804 0.0422268 0.465657
0.00384682 0.32814 0.0600954 9.9982E-05 0.12569 9.9982E-05 0.00358737 0.0315627 0.446877
0.00536987 0.19256 0.0415739 9.9991E-05 0.121202 0.0366883 0.0651889 0.001787 0.535531
9.9964E-05 0.202509 9.9964E-05 9.9964E-05 0.0647745 9.9964E-05 0.336428 0.0138261 0.382062
9.9955E-05 0.138682 9.9955E-05 9.9955E-05 0.221688 9.9955E-05 0.524674 9.9955E-05 0.114456
9.9982E-05 0.203483 0.116417 9.9982E-05 0.0154441 0.132378 0.00987194 0.0459239 0.476282
0.0167092 0.207764 0.0416707 0.0101422 0.0205687 9.9982E-05 0.140441 9.9982E-05 0.562504
9.9973E-05 0.245178 0.0370455 0.089377 0.0700016 9.9973E-05 0.0241107 9.9973E-05 0.533987
9.9964E-05 0.641546 0.0575696 0.00147013 9.9964E-05 0.0508172 9.9964E-05 9.9964E-05 0.248197
9.9973E-05 0.12437 0.097705 0.0280187 0.118126 9.9973E-05 9.9973E-05 0.0129459 0.618534
9.9982E-05 0.352739 0.0834124 9.9982E-05 0.0572194 0.0158743 0.078639 0.0152145 0.396702
9.9964E-05 0.702527 0.209432 0.0315708 0.0513456 9.9964E-05 0.00472525 9.9964E-05 9.9964E-05
0.094582 0.122905 0.153979 9.9982E-05 0.0832422 9.9982E-05 0.0317818 0.0339657 0.479345
9.9982E-05 0.414401 0.0917207 0.18663 9.9982E-05 0.00133925 0.0325271 0.0310506 0.242131
9.9982E-05 0.333615 0.00696555 0.13564 9.9982E-05 0.0307033 0.0403897 0.00352708 0.448959
9.9973E-05 0.696129 0.026226 9.9973E-05 0.0835503 9.9973E-05 0.093478 0.039087 0.0612298
9.9946E-05 9.9946E-05 9.9946E-05 0.129513 0.835366 9.9946E-05 9.9946E-05 0.0345217 9.9946E-05
0.0324658 9.9955E-05 9.9955E-05 0.0471429 0.842622 9.9955E-05 9.9955E-05 9.9955E-05 0.07727
0.0178874 9.9946E-05 0.0444157 9.9946E-05 0.937097 9.9946E-05 9.9946E-05 9.9946E-05 9.9946E-05
0.0259891 0.0555668 9.9955E-05 9.9955E-05 0.871918 9.9955E-05 9.9955E-05 0.046026 9.9955E-05
9.9955E-05 9.9955E-05 0.0436678 0.0485315 0.849537 9.9955E-05 9.9955E-05 9.9955E-05 0.0577636
9.9955E-05 9.9955E-05 0.0110415 9.9955E-05 0.915649 0.0287936 9.9955E-05 9.9955E-05 0.0440161
9.9937E-05 9.9937E-05 9.9937E-05 9.9937E-05 9.9937E-05 9.9937E-05 9.9937E-05 0.877462 0.121838
0.0589612 9.9964E-05 9.9964E-05 9.9964E-05 0.0226281 0.0656744 0.0808518 0.771485 9.9964E-05
0.0723112 9.9973E-05 0.0173548 0.0223935 9.9973E-05 0.139102 9.9973E-05 0.675393 0.0731454
0.131725 9.9955E-05 9.9955E-05 9.9955E-05 9.9955E-05 0.102146 0.119284 0.646345 9.9955E-05
0.0226918 9.9973E-05 9.9973E-05 9.9973E-05 0.0663856 0.135846 0.00635328 0.73051 0.0379133
0.0594422 0.0466985 9.9973E-05 0.0345529 0.412632 9.9973E-05 0.120019 0.326355 9.9973E-05
0.0445456 0.11125 0.0215257 0.0278796 0.332648 9.9982E-05 0.0255663 0.436385 9.9982E-05
0.0843569 0.112085 0.10415 9.9964E-05 0.37039 9.9964E-05 9.9964E-05 0.328619 9.9964E-05
9.9946E-05 9.9946E-05 9.9946E-05 9.9946E-05 9.9946E-05 0.00744132 9.9946E-05 0.836037 0.155922
9.9964E-05 0.146166 0.0181283 9.9964E-05 0.41819 9.9964E-05 0.0552664 0.36185 9.9964E-05
0.0364372 9.9973E-05 0.0391119 0.148586 9.9973E-05 0.355637 9.9973E-05 0.158002 0.261925
0.0151445 0.0130168 0.0438819 0.0234177 0.0448029 0.181638 9.9991E-05 0.153825 0.524174
9.9946E-05 9.9946E-05 9.9946E-05 9.9946E-05 9.9946E-05 0.232648 9.9946E-05 0.187122 0.57963
9.9973E-05 0.0296061 9.9973E-05 0.0759349 0.0631784 0.217794 9.9973E-05 0.209954 0.403233
0.193605 0.0223146 9.9973E-05 0.135571 9.9973E-05 0.141351 0.0604368 9.9973E-05 0.446422
0.091941 9.9955E-05 9.9955E-05 0.258182 9.9955E-05 0.302096 9.9955E-05 0.347281 9.9955E-05
0.0285071 0.0603657 0.134258 0.0134469 0.0977391 9.9982E-05 0.299831 9.9982E-05 0.365652
9.9982E-05 0.0706565 0.185198 0.139548 0.0744136 9.9982E-05 0.232722 0.00586846 0.291394
9.9955E-05 9.9955E-05 9.9955E-05 9.9955E-05 0.114195 9.9955E-05 0.558181 0.0581541 0.26897
9.9973E-05 0.0604571 0.252447 0.066911 0.116971 9.9973E-05 0.0456754 9.9973E-05 0.457239
9.9964E-05 0.0994096 0.378001 0.332793 0.0211926 9.9964E-05 0.168204 9.9964E-05 9.9964E-05
9.9973E-05 9.9973E-05 0.0860238 0.06228 0.0115703 9.9973E-05 0.293432 0.053471 0.492923
0.0860238 9.9973E-05 0.219501 9.9973E-05 0.061918 0.0103941 0.237603 9.9973E-05 0.38426
9.9982E-05 0.0145083 0.00783733 0.00221506 0.109223 9.9982E-05 0.49921 0.0604288 0.306377
0.00886751 0.145679 0.0368544 0.0166649 9.9991E-05 0.0927655 0.23083 0.0881412 0.380097
9.9955E-05 0.0695705 0.148241 0.226609 9.9955E-05 9.9955E-05 0.55508 9.9955E-05 9.9955E-05
9.9973E-05 9.9973E-05 0.158672 0.119808 0.145717 0.0515129 0.11224 9.9973E-05 0.411751
9.9982E-05 0.0545256 0.0132779 0.0353853 0.130334 0.0677739 0.250674 9.9982E-05 0.447829
0.0961553 0.054066 9.9991E-05 0.0768763 0.0177556 0.157914 0.140418 0.087563 0.369152
9.9955E-05 9.9955E-05 0.147926 0.0929527 9.9955E-05 9.9955E-05 0.441223 9.9955E-05 0.317399
9.9973E-05 0.120161 0.0895982 9.9973E-05 0.124779 9.9973E-05 0.242725 0.03469 0.387747
9.9991E-05 0.141878 0.181357 0.0500629 0.0133898 0.0430868 0.097237 0.0359744 0.436914
0.0355895 0.100263 0.0887751 0.0428385 0.0703938 9.9982E-05 0.168375 9.9982E-05 0.493565
0.0144398 0.0608686 0.0451715 9.9991E-05 0.0486161 0.00652748 0.133647 0.0390654 0.651564
0.0821143 0.105581 0.0514496 0.0210082 9.9982E-05 0.0766424 0.347616 9.9982E-05 0.315389
9.9982E-05 9.9982E-05 0.00138799 0.0843251 0.0546604 0.0976544 0.18814 0.0343603 0.539272
0.420728 9.9955E-05 9.9955E-05 9.9955E-05 9.9955E-05 0.0572725 9.9955E-05 0.423795 0.097705
0.397191 9.9964E-05 0.0347788 9.9964E-05 9.9964E-05 0.0293609 9.9964E-05 0.490758 0.0475114
0.186987 9.9982E-05 0.025994 0.0549791 0.0858348 0.041286 9.9982E-05 0.572258 0.0324607
0.247378 0.121209 0.0184169 9.9964E-05 9.9964E-05 0.00362484 9.9964E-05 0.608972 9.9964E-05
0.210999 9.9955E-05 9.9955E-05 9.9955E-05 9.9955E-05 0.0230054 9.9955E-05 0.620578 0.144918
9.9964E-05 9.9964E-05 9.9964E-05 9.9964E-05 0.105549 0.000357873 0.667344 0.0863766 0.139972
9.9982E-05 0.109336 0.172615 0.0202347 0.0499456 0.142576 0.108118 9.9982E-05 0.396974
0.281276 0.170512 9.9982E-05 0.0958529 0.0335249 0.127222 9.9982E-05 0.0329013 0.258511
9.9973E-05 9.9973E-05 0.0169331 0.0717685 0.0352947 0.0620393 0.180303 9.9973E-05 0.633362
9.9964E-05 0.137807 9.9964E-05 9.9964E-05 0.103586 9.9964E-05 0.194279 0.0784649 0.485463
9.9973E-05 9.9973E-05 0.0905659 0.175989 0.0621123 0.0214359 0.437149 9.9973E-05 0.212449
9.9964E-05 0.048143 9.9964E-05 0.0598164 0.160547 9.9964E-05 0.554056 0.177038 9.9964E-05
0.0534972 0.0183142 0.00756193 9.9973E-05 0.157072 9.9973E-05 0.254228 9.9973E-05 0.509027
9.9982E-05 9.9982E-05 0.141273 0.0347252 0.179148 0.050336 0.390974 0.0926661 0.110677
9.9982E-05 0.122946 0.149577 0.113242 0.0707402 9.9982E-05 0.0776311 0.0545353 0.411129
9.9973E-05 0.0784154 0.0801708 9.9973E-05 0.176131 9.9973E-05 0.502705 0.150412 0.0118651
0.126734 9.9973E-05 0.0813651 9.9973E-05 0.073289 0.0572165 0.104333 9.9973E-05 0.556762
0.054076 9.9973E-05 0.0319372 9.9973E-05 0.0986747 9.9973E-05 0.649152 0.0610335 0.104826
0.00672443 0.0873625 0.0752518 0.145549 0.106105 0.0722964 0.248698 9.9991E-05 0.257913
0.031444 9.9991E-05 0.0843564 0.286489 0.0861583 0.0106457 0.0226546 0.00906489 0.469087
9.9964E-05 9.9964E-05 0.131172 0.435657 0.0586466 9.9964E-05 0.109959 9.9964E-05 0.264166
0.115824 0.0185446 0.0228089 0.247033 9.9973E-05 9.9973E-05 0.0337824 9.9973E-05 0.561708
9.9973E-05 9.9973E-05 0.125051 0.103501 0.00382531 9.9973E-05 0.127376 0.0916439 0.548303
9.9973E-05 0.0102407 0.092454 0.457708 0.0826568 9.9973E-05 0.0192416 9.9973E-05 0.337399
9.9982E-05 0.147282 0.080827 0.0920468 0.06407 0.0905869 9.9982E-05 0.0512967 0.47369
0.00583194 0.108872 0.114474 0.15763 0.0894352 9.9982E-05 9.9982E-05 0.0216154 0.501941
9.9973E-05 0.158869 0.0973733 0.559503 0.0640237 9.9973E-05 0.0677846 9.9973E-05 0.0521462
9.9964E-05 0.06948 0.034493 0.600374 0.0236136 9.9964E-05 9.9964E-05 9.9964E-05 0.271639
9.9973E-05 0.0169818 0.120089 0.326235 0.038687 9.9973E-05 0.0113477 9.9973E-05 0.486359
9.9964E-05 0.233819 0.0022842 0.492981 0.128854 9.9964E-05 9.9964E-05 9.9964E-05 0.141662
9.9964E-05 0.103824 9.9964E-05 0.331643 0.00267084 9.9964E-05 0.122612 9.9964E-05 0.43885
9.9982E-05 0.103271 9.9982E-05 0.0123571 0.198072 0.0147788 0.634206 0.0282455 0.00886925
9.99687E-05 0.0150424 0.366784 9.99687E-05 0.0453104 9.99687E-05 0.432776 9.99687E-05 0.139688
9.9982E-05 0.104199 0.0377687 9.9982E-05 0.185274 0.0222104 0.306904 0.0484028 0.295042
0.00208922 0.0468847 9.9982E-05 0.0461713 0.0623929 0.0777821 0.19064 9.9982E-05 0.57384
9.9973E-05 0.0877378 0.0122491 0.0215825 0.173222 9.9973E-05 0.542137 9.9973E-05 0.162773
0.0586487 0.011278 0.119425 0.0077413 0.0596483 0.0726418 0.24571 0.0111451 0.413762
9.9973E-05 0.0692369 9.9973E-05 0.0403273 9.9973E-05 0.024689 0.279051 0.0198144 0.566582
0.0139227 9.9973E-05 9.9973E-05 9.9973E-05 0.0223592 0.0839053 0.313615 0.062818 0.50308
9.9982E-05 0.0369203 0.0635921 9.9982E-05 0.137475 0.135248 0.202773 0.0331776 0.390614
0.0359613 0.152806 0.0173727 9.9982E-05 0.114304 0.0750165 0.249984 9.9982E-05 0.354354
9.9964E-05 0.12306 9.9964E-05 9.9964E-05 0.182788 0.0937748 0.488435 9.9964E-05 0.111543
0.023479 0.0453611 0.0340817 9.9982E-05 0.218077 0.106694 0.334788 9.9982E-05 0.237319
9.9982E-05 0.0146259 0.0485199 0.0222636 0.000508725 0.0524799 0.319828 9.9982E-05 0.541574
0.0411549 9.9973E-05 0.0145312 0.0558927 9.9973E-05 9.9973E-05 0.187631 0.0980027 0.602488
9.9973E-05 0.0616632 0.148099 9.9973E-05 0.117217 9.9973E-05 0.208074 0.110659 0.353988
9.9964E-05 9.9964E-05 0.20365 9.9964E-05 0.119169 0.0961496 0.183226 9.9964E-05 0.397406
0.0637583 9.9973E-05 9.9973E-05 0.0663313 0.0964516 9.9973E-05 0.411125 0.0557747 0.306259
0.0130665 0.0562942 0.0319161 9.9982E-05 0.0679486 0.00636575 0.246448 9.9982E-05 0.57776
0.053915 0.0474102 0.0800038 9.9991E-05 0.146572 0.0422228 0.126929 0.00486378 0.497983
9.9982E-05 0.137598 0.00256589 9.9982E-05 0.0419488 0.119808 0.156786 0.0501339 0.490959
0.128629 0.0113501 9.9991E-05 0.0860154 0.0170198 0.135884 0.0421131 0.196863 0.382027
0.0203955 9.9982E-05 0.0579353 0.0471295 9.9982E-05 0.215868 0.156527 0.0660251 0.435919
0.0390778 9.9991E-05 0.00449983 0.0994122 0.00535683 0.119671 0.172756 0.0885636 0.470563
9.9982E-05 9.9982E-05 0.0472518 0.0654805 0.0413483 0.113494 0.128031 0.0638456 0.540349
0.0573208 0.00505366 0.0397282 9.9982E-05 9.9982E-05 0.229517 0.130671 0.163947 0.373563
9.9973E-05 0.0273242 0.191936 0.0711788 0.00791722 9.9973E-05 0.284024 9.9973E-05 0.417319
0.0217893 0.0967404 0.0183658 9.9991E-05 0.0320168 0.128228 0.137375 0.112829 0.452555
9.9964E-05 0.0674945 9.9964E-05 0.467813 9.9964E-05 0.137049 0.112695 0.214548 9.9964E-05
0.0919322 0.0269407 9.9991E-05 0.0669082 0.023015 0.171688 0.146713 0.00361073 0.469092
0.0445594 0.0311356 0.0811487 9.9991E-05 0.0542071 0.118088 0.0770323 0.0446777 0.549051
9.9982E-05 9.9982E-05 0.0901413 0.00757106 0.0370455 0.246735 0.10607 0.0663538 0.445883
0.0888673 0.0980379 0.016046 0.15891 0.00476594 0.171337 0.195371 0.0493874 0.217278
0.10257 9.9973E-05 9.9973E-05 0.130215 9.9973E-05 0.10877 0.0527433 0.0913617 0.514039
0.0499573 9.9982E-05 0.048074 0.0851 9.9982E-05 0.084013 0.00976636 0.0979743 0.624915
9.9946E-05 9.9946E-05 9.9946E-05 0.323871 9.9946E-05 0.186952 9.9946E-05 0.488576 9.9946E-05
0.0956815 0.00276315 9.9982E-05 0.00032137 9.9982E-05 0.121629 0.00941838 0.170686 0.599301
0.0544547 0.0324823 9.9991E-05 0.0754944 0.00986006 0.197366 0.037849 0.116242 0.476152
9.9991E-05 0.0459178 0.0222741 0.094701 0.00699937 0.118341 0.0721379 0.147167 0.492362
0.109265 9.9973E-05 9.9973E-05 0.116487 9.9973E-05 0.124741 0.000990834 0.129091 0.519125
9.9973E-05 9.9973E-05 0.0289044 0.0665621 0.0923332 0.148555 9.9973E-05 0.117279 0.546066
0.0313718 0.0242856 0.400496 9.9982E-05 0.0672626 0.0367881 9.9982E-05 0.0198149 0.419781
0.000613895 0.0290879 0.16741 0.0327656 0.107373 0.128654 9.9991E-05 0.100443 0.433553
9.9955E-05 0.141037 0.751154 0.0307301 9.9955E-05 9.9955E-05 0.0765796 9.9955E-05 9.9955E-05
0.027182 0.0280465 0.880762 0.0126208 0.040914 9.9973E-05 0.0101747 9.9973E-05 9.9973E-05
0.0022796 9.9973E-05 0.3421 9.9973E-05 9.9973E-05 0.0821651 0.153983 0.0223219 0.39685
9.9973E-05 9.9973E-05 0.0852037 0.14996 0.0580654 0.255578 9.9973E-05 0.114206 0.336688
0.00501848 9.9973E-05 0.284401 0.0177047 9.9973E-05 0.328033 9.9973E-05 0.0877975 0.276745
9.9973E-05 9.9973E-05 0.148345 0.131696 9.9973E-05 0.234523 0.021177 0.241768 0.222191
9.9964E-05 9.9964E-05 0.180534 9.9964E-05 9.9964E-05 0.21749 0.0565734 0.215722 0.32928
0.0350661 9.9973E-05 0.62577 0.194163 9.9973E-05 0.050648 9.9973E-05 0.0394398 0.054613
9.9964E-05 9.9964E-05 0.68236 0.0456934 9.9964E-05 0.0286192 9.9964E-05 0.101606 0.141321
9.9946E-05 9.9946E-05 0.436902 9.9946E-05 9.9946E-05 0.133467 9.9946E-05 9.9946E-05 0.429031
0.0858313 9.9955E-05 0.467113 9.9955E-05 9.9955E-05 0.0615754 9.9955E-05 9.9955E-05 0.38498
9.9955E-05 9.9955E-05 0.688361 9.9955E-05 9.9955E-05 0.0927704 9.9955E-05 0.0813729 0.136995
9.9973E-05 9.9973E-05 0.333315 0.0264083 9.9973E-05 0.102787 0.0335011 0.0648033 0.438885
9.9973E-05 0.0112121 0.416964 0.0109072 0.0170192 0.156677 9.9973E-05 9.9973E-05 0.38692
0.052562 9.9973E-05 0.155963 9.9973E-05 9.9973E-05 0.0741791 0.169931 0.0784553 0.46861
9.9973E-05 0.00970534 0.679607 9.9973E-05 0.0362124 9.9973E-05 0.0365415 0.011918 0.225716
0.0748012 0.0500452 0.507809 9.9964E-05 9.9964E-05 9.9964E-05 0.093843 9.9964E-05 0.273101
9.9964E-05 0.135203 0.236025 9.9964E-05 0.119727 9.9964E-05 9.9964E-05 0.0049721 0.503673
9.9964E-05 0.0179095 0.384912 9.9964E-05 0.136101 9.9964E-05 9.9964E-05 0.0524044 0.408273
0.00788943 0.184898 0.0975407 0.115967 0.0298292 0.0947855 0.0734163 0.0909921 0.304682
9.9964E-05 0.0101543 0.427598 0.0626002 0.086183 9.9964E-05 9.9964E-05 9.9964E-05 0.413065
9.9946E-05 9.9946E-05 0.70204 9.9946E-05 0.120603 9.9946E-05 9.9946E-05 9.9946E-05 0.176758
0.0357252 0.0862173 0.322376 0.00553494 9.9964E-05 9.9964E-05 9.9964E-05 9.9964E-05 0.549746
9.9955E-05 0.0462779 0.744936 9.9955E-05 9.9955E-05 9.9955E-05 0.0598928 9.9955E-05 0.148394
0.021003 9.9964E-05 0.421975 0.113696 0.0858375 9.9964E-05 9.9964E-05 9.9964E-05 0.357088
9.9982E-05 0.0222093 0.200935 9.9982E-05 0.0260471 0.0362412 0.14167 0.0256283 0.547069
9.9964E-05 0.0437654 0.39215 9.9964E-05 0.0912919 9.9964E-05 0.056332 9.9964E-05 0.416061
0.026196 9.9973E-05 0.154122 0.0345182 9.9973E-05 0.0671282 9.9973E-05 0.174426 0.543309
0.0725418 9.9991E-05 0.211437 0.0528532 0.0221865 0.193637 0.0224854 0.0939402 0.33082
0.0172525 9.9982E-05 0.077434 0.132653 0.0882992 0.263884 9.9982E-05 0.139996 0.280281
0.129202 0.0179518 0.0788208 0.0632676 0.0588556 0.227931 9.9991E-05 0.120656 0.303215
9.9991E-05 0.0168533 0.0857324 0.0437358 0.101804 0.172106 0.0917903 0.101605 0.386273
9.9973E-05 9.9973E-05 0.227722 0.0411594 0.0116528 0.173476 9.9973E-05 0.15482 0.390871
0.0181624 9.9964E-05 0.628556 0.0539183 9.9964E-05 0.100793 9.9964E-05 0.198171 9.9964E-05
0.0628433 9.9973E-05 0.138513 9.9973E-05 0.0504064 0.237441 9.9973E-05 0.0198517 0.490644
0.126345 9.9964E-05 0.367629 0.174397 9.9964E-05 0.0601816 9.9964E-05 0.271048 9.9964E-05
0.0222268 0.001252 0.304967 9.9964E-05 9.9964E-05 0.251495 9.9964E-05 9.9964E-05 0.419659
9.9955E-05 0.102986 0.805244 0.0355411 9.9955E-05 9.9955E-05 9.9955E-05 9.9955E-05 0.0557287
9.9955E-05 0.0607343 0.866264 0.00684028 9.9955E-05 9.9955E-05 0.0656615 9.9955E-05 9.9955E-05
9.9955E-05 0.00372842 0.442613 9.9955E-05 9.9955E-05 9.9955E-05 0.142544 9.9955E-05 0.410615
0.0616954 9.9955E-05 0.390313 9.9955E-05 9.9955E-05 0.0366365 9.9955E-05 9.9955E-05 0.510855
9.9946E-05 9.9946E-05 0.631735 9.9946E-05 9.9946E-05 9.9946E-05 0.0493664 9.9946E-05 0.318299
9.9955E-05 9.9955E-05 0.56082 9.9955E-05 9.9955E-05 9.9955E-05 0.0100508 0.0143225 0.414306
9.9937E-05 9.9937E-05 0.499918 9.9937E-05 9.9937E-05 9.9937E-05 9.9937E-05 9.9937E-05 0.499382
0.202469 9.9973E-05 0.0689689 9.9973E-05 0.0137063 0.0380554 9.9973E-05 0.625762 0.050739
0.0122263 9.9973E-05 0.000901215 9.9973E-05 0.131477 0.154748 0.0219896 0.678359 9.9973E-05
0.152302 9.9955E-05 9.9955E-05 9.9955E-05 0.0150933 0.0942685 9.9955E-05 0.737837 9.9955E-05
9.9937E-05 9.9937E-05 9.9937E-05 9.9937E-05 9.9937E-05 9.9937E-05 9.9937E-05 0.91182 0.0874801
0.0194809 0.337352 0.159958 9.9973E-05 0.0340237 0.0467654 9.9973E-05 9.9973E-05 0.402119
0.0841414 0.335224 9.9973E-05 9.9973E-05 9.9973E-05 0.0472885 0.0482239 0.0425809 0.442241
9.9955E-05 0.472511 0.00382404 9.9955E-05 9.9955E-05 9.9955E-05 0.052407 9.9955E-05 0.470758
9.9982E-05 0.252497 9.9982E-05 0.0395324 0.050165 0.0466352 0.106316 0.0311608 0.473494
0.0433415 0.26802 9.9982E-05 0.0712045 0.0513285 0.0939366 0.00305918 9.9982E-05 0.46891
0.0262724 0.593488 9.9982E-05 0.0548467 0.0738725 9.9982E-05 0.0923835 0.0104335 0.148504
9.9955E-05 0.313375 9.9955E-05 9.9955E-05 9.9955E-05 0.039153 0.0902676 9.9955E-05 0.556705
9.9964E-05 0.416834 0.0412895 0.202481 9.9964E-05 9.9964E-05 9.9964E-05 0.0212763 0.317719
0.0855188 9.9982E-05 0.0359128 9.9982E-05 0.0161107 0.0789582 0.0450313 0.23549 0.502779
9.9973E-05 0.303562 0.149023 9.9973E-05 0.0528675 0.0720461 0.0737118 9.9973E-05 0.348489
9.9964E-05 0.571274 9.9964E-05 9.9964E-05 0.0499886 9.9964E-05 0.0701523 0.00716253 0.301023
0.00666846 0.314385 0.112955 9.9964E-05 9.9964E-05 9.9964E-05 0.0577512 9.9964E-05 0.507841
9.9973E-05 0.444328 0.00880084 9.9973E-05 0.0831695 9.9973E-05 0.0156513 0.0680164 0.379734
9.9955E-05 0.302502 0.0782564 9.9955E-05 0.0150594 9.9955E-05 9.9955E-05 9.9955E-05 0.603682
9.9964E-05 0.273723 0.0735749 9.9964E-05 0.025135 9.9964E-05 9.9964E-05 0.0618627 0.565304
9.9946E-05 0.783835 0.101732 9.9946E-05 9.9946E-05 9.9946E-05 9.9946E-05 9.9946E-05 0.113834
0.00652508 0.650517 0.028779 0.0918861 9.9982E-05 0.0341436 9.9982E-05 0.018559 0.16939
0.0660687 0.553149 0.0911909 9.9964E-05 0.0194 9.9964E-05 9.9964E-05 9.9964E-05 0.269792
9.9946E-05 0.737053 0.106425 0.155923 9.9946E-05 9.9946E-05 9.9946E-05 9.9946E-05 9.9946E-05
9.9982E-05 0.35518 0.0877399 9.9982E-05 0.038951 0.00508423 0.0706429 0.0261599 0.416042
9.9964E-05 0.647013 0.0966667 0.189805 9.9964E-05 0.00490179 9.9964E-05 9.9964E-05 0.0612141
0.0131222 0.653952 0.131847 0.200579 9.9955E-05 9.9955E-05 9.9955E-05 9.9955E-05 9.9955E-05
9.9973E-05 0.481502 0.0281699 9.9973E-05 9.9973E-05 0.0594247 0.0318871 0.0180702 0.380646
0.0712277 0.6184 9.9964E-05 9.9964E-05 0.043851 9.9964E-05 0.138261 9.9964E-05 0.127861
9.9973E-05 0.378564 9.9973E-05 0.0217103 0.0542344 0.0255159 0.101319 9.9973E-05 0.418357
0.091376 0.180454 0.0253621 0.0892404 9.9964E-05 9.9964E-05 9.9964E-05 9.9964E-05 0.613167
0.00795182 0.345956 9.9982E-05 0.00098479 0.0554978 0.0439277 0.0922505 9.9982E-05 0.453231
9.9982E-05 0.10166 0.110554 0.120478 0.0411471 0.0213563 0.303764 9.9982E-05 0.300841
0.00522578 0.319192 0.115439 9.9973E-05 0.0727912 9.9973E-05 9.9973E-05 0.00122069 0.485832
9.9964E-05 0.470985 9.9964E-05 9.9964E-05 9.9964E-05 0.0255757 0.102973 0.0362007 0.363866
9.9946E-05 0.550016 9.9946E-05 0.129534 9.9946E-05 9.9946E-05 9.9946E-05 9.9946E-05 0.31985
0.0916219 0.162983 0.0416989 0.0167605 0.0440005 9.9991E-05 0.0808817 0.0733648 0.488589
0.0480923 0.0546235 9.9982E-05 0.0292442 0.170004 0.0153254 0.0855659 0.596945 9.9982E-05
0.169365 0.0294013 9.9973E-05 9.9973E-05 0.0369416 9.9973E-05 0.0848144 0.622414 0.0567638
9.9955E-05 9.9955E-05 9.9955E-05 0.0344569 0.0767776 9.9955E-05 0.0629163 0.82535 9.9955E-05
0.0328978 0.0357417 9.9964E-05 0.0376467 0.103677 9.9964E-05 9.9964E-05 0.789637 9.9964E-05
0.162029 9.9973E-05 9.9973E-05 0.049155 0.181012 9.9973E-05 0.00594727 0.571253 0.0303037
9.9973E-05 0.720986 9.9973E-05 9.9973E-05 0.0114144 0.0501078 0.165701 0.00165562 0.0498357
9.9982E-05 0.586935 0.068411 0.00508772 0.0896675 9.9982E-05 0.106785 0.0518752 0.091038
