0.00331775 0.00032382 0.0571156 9.9964E-05 9.9964E-05 0.035663 9.9964E-05 9.9964E-05 0.720552 0.182628
9.9955E-05 9.9955E-05 0.0387633 9.9955E-05 9.9955E-05 9.9955E-05 0.00368412 0.0270639 0.798998 0.130991
9.9964E-05 0.00371668 0.0655148 0.0772267 9.9964E-05 0.0493319 9.9964E-05 9.9964E-05 0.690529 0.113281
0.0607092 9.9964E-05 0.0555497 0.0580401 9.9964E-05 0.0311855 9.9964E-05 9.9964E-05 0.687587 0.106529
9.9955E-05 0.00664369 9.9955E-05 9.9955E-05 9.9955E-05 0.067884 0.037833 9.9955E-05 0.693462 0.193678
9.9955E-05 9.9955E-05 9.9955E-05 0.0306 0.0363776 0.00935837 0.0563227 9.9955E-05 9.9955E-05 0.866842
9.99201E-05 9.99201E-05 9.99201E-05 9.99201E-05 9.99201E-05 9.99201E-05 9.99201E-05 9.99201E-05 9.99201E-05 0.999101
0.0186597 9.9955E-05 0.00629655 9.9955E-05 9.9955E-05 9.9955E-05 0.00235121 9.9955E-05 0.00421525 0.967978
0.0671271 0.063494 0.0155868 9.99639E-05 0.0386194 9.99639E-05 9.99639E-05 9.99639E-05 0.706734 0.108039
9.9946E-05 9.9946E-05 0.00449251 0.0177579 9.9946E-05 0.020737 9.9946E-05 9.9946E-05 9.9946E-05 0.956413
0.0385453 9.99369E-05 9.99369E-05 9.99369E-05 9.99369E-05 9.99369E-05 9.99369E-05 9.99369E-05 0.12421 0.836546
0.373454 9.9955E-05 9.9955E-05 0.203636 0.254671 0.127941 9.9955E-05 9.9955E-05 9.9955E-05 0.0397987
0.201605 0.103834 0.0211929 0.501386 0.0710548 0.0519767 0.0259049 0.0228466 9.9982E-05 9.9982E-05
0.364357 0.144578 0.00538708 0.228427 0.147671 0.0432251 9.9982E-05 0.0498863 9.9982E-05 0.0162681
0.322891 0.1301 9.9973E-05 0.284899 0.0751683 0.148861 9.9973E-05 0.00231977 0.0354615 9.9973E-05
0.200256 9.9982E-05 0.039353 0.350029 0.151683 0.13163 0.0441685 9.9982E-05 0.0326937 0.0499863
0.135483 9.9973E-05 0.0531179 0.581827 0.0463263 0.061198 9.9973E-05 0.0887711 9.9973E-05 0.0329766
0.0879356 0.07548 0.0360907 0.363241 0.254087 0.0652213 0.0776032 0.0367394 9.9991E-05 0.00350249
0.274794 0.120379 0.0190122 0.322481 0.129952 0.0265795 9.9982E-05 9.9982E-05 0.0897071 0.0168953
0.621572 9.9964E-05 9.9964E-05 9.9964E-05 0.0508529 0.100443 0.192304 9.9964E-05 0.0244067 0.0100215
0.265078 0.043985 0.0417732 0.327241 0.126468 0.086273 0.0404669 0.0685153 9.9982E-05 9.9982E-05
0.133618 0.0637949 0.0275905 0.333927 0.0434099 0.0745227 0.21507 0.107866 9.9982E-05 9.9982E-05
0.184312 9.9982E-05 0.00133776 0.460536 0.139604 0.0226103 0.114483 0.0225103 9.9982E-05 0.0544066
0.320556 9.9982E-05 0.0221558 0.228126 0.189915 0.109082 0.0760766 0.0135859 9.9982E-05 0.0403029
0.177871 9.9973E-05 0.00468073 0.54834 0.0783819 0.0608704 9.9973E-05 0.0188357 0.11072 9.9973E-05
0.160551 0.140312 0.0488624 0.564548 9.9964E-05 0.0176169 0.0677092 9.9964E-05 9.9964E-05 9.9964E-05
0.426783 0.00873845 0.0636677 0.160753 0.18032 0.12156 0.0378782 9.9973E-05 9.9973E-05 9.9973E-05
0.404421 0.102972 9.9964E-05 0.20891 0.106308 0.163546 9.9964E-05 9.9964E-05 9.9964E-05 0.0134428
0.389836 0.0273492 9.9982E-05 0.275098 0.128852 9.9982E-05 0.0970241 0.0545451 0.0221522 0.00494421
9.99201E-05 9.99201E-05 0.999101 9.99201E-05 9.99201E-05 9.99201E-05 9.99201E-05 9.99201E-05 9.99201E-05 9.99201E-05
9.99201E-05 9.99201E-05 0.999101 9.99201E-05 9.99201E-05 9.99201E-05 9.99201E-05 9.99201E-05 9.99201E-05 9.99201E-05
0.00249595 9.9964E-05 0.363277 0.0945879 0.0513805 0.0169939 9.9964E-05 9.9964E-05 0.470865 9.9964E-05
9.9973E-05 0.0590386 0.307071 0.0452555 0.0530657 0.0706415 9.9973E-05 9.9973E-05 0.379948 0.0846797
0.0510766 9.9964E-05 9.9964E-05 0.515882 0.280761 9.9964E-05 0.111306 9.9964E-05 0.0302898 0.0102848
0.125406 9.9964E-05 0.0361899 0.491836 0.245477 0.0375424 9.9964E-05 9.9964E-05 9.9964E-05 0.0631479
9.9964E-05 9.9964E-05 9.9964E-05 0.478009 0.384914 0.0252918 0.0461671 9.9964E-05 0.0439922 0.0212257
0.558961 0.00529502 0.0121089 0.159439 0.158275 0.00870545 0.000381334 0.00825955 0.0745086 0.0140664
9.9946E-05 9.9946E-05 9.9946E-05 0.266121 0.596368 0.0470514 9.9946E-05 0.0898601 9.9946E-05 9.9946E-05
0.131229 0.032387 0.0508725 0.464791 0.290522 9.9964E-05 9.9964E-05 9.9964E-05 9.9964E-05 0.0297995
9.9964E-05 9.9964E-05 9.9964E-05 0.684592 0.148467 0.00467484 0.0888491 0.0257188 0.0472989 9.9964E-05
9.9955E-05 9.9955E-05 9.9955E-05 0.515929 0.0557913 9.9955E-05 0.322503 9.9955E-05 0.0734957 0.0317815
9.9973E-05 9.9973E-05 0.0408759 0.499511 0.129748 0.00587391 0.203471 9.9973E-05 0.0877358 0.032484
0.0622456 0.0469548 0.02774 0.101754 0.760806 9.9955E-05 9.9955E-05 9.9955E-05 9.9955E-05 9.9955E-05
0.0121188 0.0192114 9.9973E-05 0.523805 0.142863 0.060893 0.228563 9.9973E-05 9.9973E-05 0.0122456
9.9973E-05 9.9973E-05 0.0222049 0.48314 0.181986 0.102398 0.109243 0.0251494 9.9973E-05 0.0755787
0.0288965 0.0589586 0.0300627 0.564781 0.144693 0.0604411 0.00968532 0.0175384 0.084843 9.9991E-05
9.9946E-05 9.9946E-05 0.0106956 0.348468 0.579657 9.9946E-05 9.9946E-05 0.0605796 9.9946E-05 9.9946E-05
9.9955E-05 9.9955E-05 9.9955E-05 0.617678 0.332726 0.0112724 9.9955E-05 0.0104736 0.0273506 9.9955E-05
9.9964E-05 0.04162 0.0294055 0.511514 0.299859 9.9964E-05 9.9964E-05 0.0618483 0.055353 9.9964E-05
9.9955E-05 0.0886705 9.9955E-05 9.9955E-05 0.684198 9.9955E-05 0.0522793 0.105224 0.069128 9.9955E-05
0.427191 0.00764353 9.9973E-05 0.179096 0.233118 9.9973E-05 0.103789 0.0278797 9.9973E-05 0.0209824
0.192575 0.172896 9.9982E-05 0.114882 0.214501 0.00652803 0.0957316 0.174326 9.9982E-05 0.0283617
0.0596619 0.000124501 0.0616638 0.611635 0.0248822 9.9973E-05 9.9973E-05 0.104008 9.9973E-05 0.137724
0.101588 0.0428838 9.9982E-05 0.548994 9.9982E-05 0.0563275 0.0486296 0.117204 0.0106899 0.073484
0.1204 0.039373 9.9991E-05 0.647541 0.0424184 0.0185637 0.0709912 0.0141353 0.0165808 0.0298963
0.38251 0.0938439 9.9982E-05 0.145846 0.21167 9.9982E-05 0.0453804 0.00377012 0.0636653 0.0531153
0.179157 0.0658279 0.0409446 0.521839 0.123685 9.9973E-05 0.0397593 0.0284871 9.9973E-05 9.9973E-05
0.0436473 0.0347626 9.9982E-05 0.568162 0.0570953 0.108148 0.101522 9.9982E-05 0.0446755 0.0417881
0.12375 9.9982E-05 0.0504737 0.331036 0.17844 9.9982E-05 0.0304831 0.141321 0.0857462 0.0585503
0.344185 0.194351 0.0200811 0.0546761 0.196112 0.0605279 0.0120925 9.9991E-05 0.0222201 0.0956538
0.0663829 0.0346544 0.0711959 0.476627 0.180504 0.0592337 9.9982E-05 0.0618425 0.0493599 9.9982E-05
0.19437 0.117575 9.9982E-05 0.4214 0.0661626 0.0412479 9.9982E-05 0.102954 0.0450203 0.0110702
0.485342 0.0537317 0.0630268 9.9964E-05 0.229253 9.9964E-05 0.142428 9.9964E-05 9.9964E-05 0.0258188
0.249477 0.0890244 0.000868267 0.497972 0.0962889 9.9964E-05 9.9964E-05 0.0659695 9.9964E-05 9.9964E-05
0.0406204 0.0674056 9.9973E-05 0.662042 0.0439708 0.0595747 0.0617066 0.0643802 9.9973E-05 9.9973E-05
0.196184 0.048014 0.0575196 0.51924 0.0149736 0.0174418 9.9982E-05 0.0566098 9.9982E-05 0.0898176
0.262576 0.144741 9.9973E-05 0.241637 0.198142 0.0561772 9.9973E-05 0.0922784 9.9973E-05 0.00414926
0.124409 0.0646369 0.0156676 0.435842 0.165838 9.9973E-05 9.9973E-05 0.127732 9.9973E-05 0.0655747
0.189404 9.9973E-05 0.016289 0.53844 9.9973E-05 9.9973E-05 0.0736563 0.122601 0.0334403 0.0258695
0.37178 0.0273722 0.0401961 0.196586 0.193301 9.9973E-05 0.075027 0.0954384 9.9973E-05 9.9973E-05
9.9937E-05 0.0410898 9.9937E-05 0.530548 0.427663 9.9937E-05 9.9937E-05 9.9937E-05 9.9937E-05 9.9937E-05
0.0527383 9.9955E-05 9.9955E-05 0.220243 0.70442 0.00302868 9.9955E-05 9.9955E-05 9.9955E-05 0.0190705
9.9982E-05 0.00188407 0.0136181 0.517196 0.21603 0.00137515 9.9982E-05 0.101747 0.123091 0.0248586
0.0111893 0.0237239 9.9955E-05 9.9955E-05 0.913626 9.9955E-05 0.0359336 0.015027 9.9955E-05 9.9955E-05
9.9946E-05 0.00222801 9.9946E-05 9.9946E-05 0.869965 9.9946E-05 0.0450666 0.0821408 9.9946E-05 9.9946E-05
0.010691 9.99461E-05 9.99461E-05 0.283254 0.702309 9.99461E-05 9.99461E-05 9.99461E-05 9.99461E-05 0.00314679
9.9955E-05 0.0663637 9.9955E-05 0.420785 0.468006 9.9955E-05 0.0221851 9.9955E-05 0.0221606 9.9955E-05
0.143433 0.112425 0.00923954 0.569938 0.112849 0.0141123 0.00134059 9.9982E-05 0.0364623 9.9982E-05
0.00317311 0.0568897 9.9973E-05 0.342127 0.527916 0.040408 0.0121173 0.0170682 9.9973E-05 9.9973E-05
0.147337 9.9964E-05 0.0263625 0.177767 0.60937 9.9964E-05 9.9964E-05 9.9964E-05 0.00319309 0.0355711
0.211572 9.9973E-05 0.00636574 0.214156 0.505563 0.0140695 9.9973E-05 9.9973E-05 0.0145686 0.0334054
0.034769 9.9973E-05 0.0562017 0.553254 0.255529 9.9973E-05 9.9973E-05 0.0134814 0.0773056 0.00915925
0.0352222 9.9964E-05 9.9964E-05 0.221842 0.554607 0.0491296 9.9964E-05 0.0454351 9.9964E-05 0.0933648
0.00586183 9.9964E-05 0.0451278 0.339432 0.484172 9.9964E-05 0.0883518 9.9964E-05 9.9964E-05 0.0366553
9.9955E-05 9.9955E-05 0.0072282 0.361024 0.576146 9.9955E-05 0.0215635 0.0335387 9.9955E-05 9.9955E-05
0.00759974 0.0510039 9.9955E-05 9.9955E-05 0.767059 9.9955E-05 0.101577 0.0722603 9.9955E-05 9.9955E-05
0.0540212 0.00513275 0.0272913 0.594509 0.231188 0.0189178 0.0582618 9.9982E-05 9.9982E-05 0.0104779
0.0182274 9.9973E-05 0.0384406 0.108994 0.00209874 0.0171571 9.9973E-05 9.9973E-05 0.714582 0.1002
9.9946E-05 9.9946E-05 0.123836 0.0780976 9.9946E-05 9.9946E-05 9.9946E-05 9.9946E-05 0.784316 0.0131509
9.9955E-05 0.0331928 0.109805 0.0511331 9.9955E-05 0.0466454 9.9955E-05 9.9955E-05 0.758724 9.9955E-05
9.9946E-05 0.130666 0.103619 0.0115277 9.9946E-05 9.9946E-05 9.9946E-05 9.9946E-05 0.753588 9.9946E-05
9.9973E-05 0.0697052 0.113726 0.0450385 9.9973E-05 0.00818859 9.9973E-05 0.0246286 0.681219 0.0571941
0.00726503 0.101934 0.0390484 9.9964E-05 9.9964E-05 0.0456327 9.9964E-05 9.9964E-05 0.766571 0.0391488
9.99461E-05 9.99461E-05 0.0459103 0.0472962 9.99461E-05 9.99461E-05 9.99461E-05 9.99461E-05 0.795782 0.110412
9.9982E-05 0.00654805 0.0456868 0.501784 0.224862 0.0851989 0.0376155 9.9982E-05 0.0494329 0.0486722
0.126366 9.9973E-05 0.0697832 0.486946 0.173529 0.0598344 0.00851083 9.9973E-05 0.074731 9.9973E-05
0.0732198 9.9955E-05 9.9955E-05 0.0229051 0.837289 9.9955E-05 9.9955E-05 0.0234131 0.0426733 9.9955E-05
0.0259304 0.0441434 0.0335459 0.35594 0.184143 0.125795 0.094934 0.063729 0.0717385 9.9991E-05
0.0960489 9.9964E-05 9.9964E-05 0.434615 0.374288 9.9964E-05 0.0232292 9.9964E-05 0.000654687 0.0707642
9.9964E-05 9.9964E-05 0.00724937 0.572536 0.249779 9.9964E-05 0.0353295 0.098525 0.0361811 9.9964E-05
9.9964E-05 9.9964E-05 9.9964E-05 0.466128 0.330986 0.0720658 0.0489124 0.0530778 0.0284306 9.9964E-05
9.9964E-05 9.9964E-05 0.0429184 0.389919 0.428892 0.0850466 9.9964E-05 0.0465222 9.9964E-05 0.00630217
0.182092 9.9946E-05 9.9946E-05 9.9946E-05 0.772661 9.9946E-05 9.9946E-05 9.9946E-05 0.0315042 0.0131427
0.127229 0.0235582 0.0744748 0.392597 0.1098 0.0592984 0.0407256 0.0781242 0.0469516 0.0472412
0.0746592 9.9973E-05 0.0185557 0.62074 0.212678 0.00808721 0.012574 9.9973E-05 0.0524059 9.9973E-05
0.104891 9.9982E-05 0.0261283 0.504102 0.0624685 0.0704585 0.0815271 0.12376 0.026464 9.9982E-05
9.9964E-05 0.0138736 0.0273853 0.25217 0.624261 9.9964E-05 0.0816738 9.9964E-05 0.000236174 9.9964E-05
9.9964E-05 9.9964E-05 0.0488847 0.483892 0.33648 9.9964E-05 0.0164836 0.100023 9.9964E-05 0.0138374
0.0571156 9.9973E-05 0.038593 0.398766 0.440293 0.0149145 0.0300913 9.9973E-05 0.019927 9.9973E-05
9.9937E-05 9.9937E-05 9.9937E-05 0.254857 0.651257 0.0931862 9.9937E-05 9.9937E-05 9.9937E-05 9.9937E-05
0.0174832 9.9964E-05 9.9964E-05 0.378183 0.512813 9.9964E-05 0.00699802 9.9964E-05 0.0621111 0.0220118
9.9964E-05 9.9964E-05 0.0306992 0.5241 0.142281 0.0471685 0.0890727 9.9964E-05 0.166279 9.9964E-05
0.28114 0.154314 9.9964E-05 0.26111 0.0617575 9.9964E-05 9.9964E-05 0.228074 9.9964E-05 0.0132049
0.325307 0.0416066 9.9973E-05 0.315783 0.0255198 0.11486 0.100282 9.9973E-05 0.0763425 9.9973E-05
0.121651 0.0326622 0.0137332 0.48071 0.0421484 0.0528923 9.9982E-05 0.128919 0.127083 9.9982E-05
0.112886 0.0276484 9.9973E-05 0.498316 0.142495 0.0871247 0.0406608 9.9973E-05 9.9973E-05 0.0905694
0.332754 0.0345509 0.0515508 0.46162 9.9973E-05 9.9973E-05 9.9973E-05 0.0694002 0.0146533 0.0351708
0.262526 9.9955E-05 0.00421735 0.598661 9.9955E-05 9.9955E-05 9.9955E-05 0.0972343 0.036862 9.9955E-05
0.38127 0.0373804 9.9955E-05 0.4995 9.9955E-05 9.9955E-05 9.9955E-05 0.0709815 0.0103687 9.9955E-05
0.19789 0.13684 9.9964E-05 0.538176 0.0757489 9.9964E-05 9.9964E-05 9.9964E-05 0.0306115 0.0203336
0.15694 9.9964E-05 0.0380646 0.608755 0.0348842 0.0193705 0.141586 9.9964E-05 9.9964E-05 9.9964E-05
0.172906 9.9973E-05 0.0454467 0.576462 0.114418 9.9973E-05 0.0130457 0.0402745 0.0371473 9.9973E-05
0.340393 9.9955E-05 9.9955E-05 0.548188 0.0336002 9.9955E-05 0.0335066 9.9955E-05 0.0438123 9.9955E-05
0.157515 0.00855728 0.00424237 0.580876 0.032846 0.041816 0.054096 9.9991E-05 0.0898046 0.0301475
0.122249 0.0026291 9.9991E-05 0.507907 0.0446835 0.0995339 0.0555713 0.08648 0.0664534 0.0143926
0.234366 0.00576458 0.0184391 0.536954 0.0780171 0.0576156 9.9973E-05 0.0685436 9.9973E-05 9.9973E-05
0.112913 0.0474775 9.9973E-05 0.527909 9.9973E-05 0.00815324 0.0519756 0.14045 0.110822 9.9973E-05
0.178194 0.0020813 9.99853E-05 0.564512 0.0338002 0.0451372 0.0110007 0.118893 0.0461816 9.99853E-05
0.29475 0.105265 0.0139025 0.388686 9.9973E-05 9.9973E-05 0.00136007 0.0710434 0.124693 9.9973E-05
0.161447 0.0127103 9.9973E-05 0.64418 9.9973E-05 0.0219677 0.0303176 0.0281994 9.9973E-05 0.100878
0.127556 0.082578 0.023107 0.661683 9.9964E-05 9.9964E-05 9.9964E-05 0.0959836 9.9964E-05 0.0086928
0.372756 0.0133206 9.9982E-05 0.179519 0.198853 0.071291 0.0370841 0.097986 0.0289904 9.9982E-05
0.299911 0.170707 9.9964E-05 0.150924 0.0779067 9.9964E-05 0.091694 0.208457 9.9964E-05 9.9964E-05
0.263262 0.0263861 0.0550292 0.455032 0.0364985 0.0785723 0.0723819 0.00559161 0.00714613 9.9991E-05
0.32144 0.0994847 9.9973E-05 0.0628401 0.135686 0.0368438 0.0897169 0.253689 9.9973E-05 9.9973E-05
0.370697 9.9982E-05 0.00812742 0.268972 0.144595 9.9982E-05 0.0493203 0.0853389 0.0462159 0.0265334
0.335339 9.9955E-05 9.9955E-05 0.420265 0.207356 9.9955E-05 9.9955E-05 0.0194522 0.0170886 9.9955E-05
0.433832 9.9955E-05 0.0432533 0.322419 0.199215 9.9955E-05 9.9955E-05 9.9955E-05 0.000781404 9.9955E-05
0.461843 9.9964E-05 9.9964E-05 0.327762 0.108682 0.0189501 0.0611614 0.0212007 9.9964E-05 9.9964E-05
0.122412 9.9973E-05 0.0424435 0.555676 0.114404 9.9973E-05 0.0388193 0.039062 0.0868838 9.9973E-05
0.0478799 9.9982E-05 0.0283151 0.456118 0.167272 0.0526621 9.9982E-05 0.0936633 0.0697473 0.084142
0.141874 0.008697 0.035343 0.560189 9.9973E-05 9.9973E-05 9.9973E-05 0.196294 0.0570737 0.000229231
0.36297 0.150029 9.9973E-05 0.191552 0.0344116 0.00878693 0.076863 0.175087 9.9973E-05 9.9973E-05
9.9982E-05 0.0362695 0.015781 0.595163 0.123547 0.0448546 9.9982E-05 0.075416 0.0429787 0.0657902
0.0807515 0.1004 9.9973E-05 0.43222 0.151025 0.0763591 0.135066 9.9973E-05 9.9973E-05 0.0238789
0.124904 0.189399 9.9964E-05 9.9964E-05 0.191447 9.9964E-05 0.299799 0.0965578 0.097493 9.9964E-05
9.9964E-05 9.9964E-05 9.9964E-05 0.564771 0.0609685 0.0196753 0.187733 0.0543591 0.112093 9.9964E-05
0.0494707 0.125415 9.9982E-05 0.320872 0.153649 9.9982E-05 0.17833 0.106323 0.0601829 0.00555794
0.0640899 0.0850342 0.00204175 0.484745 0.109244 0.0207738 0.115564 0.05328 0.0651281 9.9991E-05
0.141862 0.241967 9.9964E-05 0.256157 0.166787 9.9964E-05 0.149712 0.0431154 9.9964E-05 9.9964E-05
0.0794842 0.0463242 0.034378 0.159788 0.137555 9.9991E-05 0.288898 0.129505 0.054416 0.0695515
0.1181 0.081135 0.0229396 0.394053 0.0773902 9.9973E-05 0.207421 0.0986614 9.9973E-05 9.9973E-05
0.162003 0.0375468 9.9982E-05 0.519594 0.0129126 0.0188076 0.118773 0.0476593 9.9982E-05 0.0825028
0.0948476 0.130327 9.9982E-05 0.443804 0.0771903 9.9982E-05 0.073504 0.00847808 0.00310215 0.168546
0.0349818 0.213149 9.9973E-05 9.9973E-05 0.293284 0.104401 0.162512 0.119481 9.9973E-05 0.0718908
0.102249 9.9973E-05 9.9973E-05 0.415219 0.0283839 0.109635 0.0131811 0.148506 0.182526 9.9973E-05
0.0866528 0.0470323 9.9964E-05 0.293329 0.214399 9.9964E-05 0.290324 0.0678627 9.9964E-05 9.9964E-05
0.0839336 0.0293932 9.9973E-05 0.468388 0.115166 9.9973E-05 0.154269 0.112954 9.9973E-05 0.035596
0.0790693 9.9991E-05 0.0563477 0.422013 0.158673 0.136297 0.0337108 0.0446202 0.00520403 0.0639657
0.0280054 0.204497 0.0579694 0.15495 0.00474673 0.211897 0.116793 9.9991E-05 0.10232 0.118722
9.9964E-05 0.361388 0.00911512 9.9964E-05 9.9964E-05 0.100884 0.0646009 9.9964E-05 0.297562 0.166051
9.9973E-05 0.387332 0.0380868 9.9973E-05 9.9973E-05 0.0744266 0.0587588 0.0613598 0.219406 0.16033
9.9973E-05 0.220981 0.00920103 0.140556 9.9973E-05 0.218115 0.0467097 9.9973E-05 0.289843 0.0742942
9.9973E-05 0.0164811 9.9973E-05 0.577857 0.0209343 0.00943993 0.317383 0.0249094 9.9973E-05 0.0326954
0.0822674 0.0300227 0.029907 0.52844 0.0195936 0.0703384 0.152898 0.0703657 0.0160674 9.9991E-05
0.0564662 0.0065607 9.9955E-05 0.277094 9.9955E-05 0.639205 9.9955E-05 0.0201739 9.9955E-05 9.9955E-05
0.0435449 9.9973E-05 0.0235736 0.213056 0.181552 0.498372 9.9973E-05 0.0080407 0.0315599 9.9973E-05
9.9982E-05 9.9982E-05 0.0156005 0.352244 0.0377946 0.361169 0.0343479 0.0524957 0.126122 0.0200256
9.9955E-05 9.9955E-05 0.028325 0.237783 9.9955E-05 9.9955E-05 0.433655 0.226402 9.9955E-05 0.0733357
9.9982E-05 0.0489166 0.00304712 0.360303 0.174157 0.112732 0.219378 0.0627067 9.9982E-05 0.0185591
0.0649114 0.095221 9.9964E-05 0.164214 0.0416692 9.9964E-05 0.447747 0.185838 9.9964E-05 9.9964E-05
0.0107268 0.0457739 0.00515346 0.558993 0.0295904 0.00278284 0.297379 0.0346359 9.9991E-05 0.0148646
9.9973E-05 0.0504339 9.9973E-05 0.400813 0.107704 9.9973E-05 0.249018 0.127125 0.0631157 0.00149129
0.00735792 9.9973E-05 9.9973E-05 0.444763 0.0144723 0.124779 0.340886 0.0499938 9.9973E-05 0.0174475
0.010992 0.0601375 0.00454052 0.138266 0.150704 0.0201781 0.473838 0.140887 9.9991E-05 0.000356137
0.0258303 0.0665145 0.0357456 0.624139 0.0642913 0.0418545 0.115543 9.9982E-05 0.0258821 9.9982E-05
0.0364811 0.0992508 9.9982E-05 0.491875 0.0759496 0.0792158 0.198042 0.0022094 9.9982E-05 0.0167757
9.9946E-05 9.9946E-05 9.9946E-05 9.9946E-05 0.0397752 0.927499 9.9946E-05 0.0227648 0.00936176 9.9946E-05
9.9946E-05 9.9946E-05 9.9946E-05 0.0509984 9.9946E-05 0.887614 0.052648 0.00813964 9.9946E-05 9.9946E-05
0.0561087 9.9973E-05 9.9973E-05 0.206786 0.103444 0.569824 0.0157745 9.9973E-05 0.0175513 0.0302107
0.0380228 9.9973E-05 0.0370658 0.222906 9.9973E-05 0.681251 9.9973E-05 0.00394945 0.00896106 0.00754392
9.9955E-05 0.00376531 9.9955E-05 0.118709 9.9955E-05 0.779849 0.0754677 9.9955E-05 0.0217101 9.9955E-05
9.9937E-05 0.0240524 9.9937E-05 9.9937E-05 9.9937E-05 0.968679 9.9937E-05 9.9937E-05 9.9937E-05 0.00656892
0.0530297 9.9946E-05 0.0226286 9.9946E-05 9.9946E-05 0.920811 9.9946E-05 0.00293127 9.9946E-05 9.9946E-05
9.9928E-05 9.9928E-05 9.9928E-05 0.135591 9.9928E-05 0.863609 9.9928E-05 9.9928E-05 9.9928E-05 9.9928E-05
0.0303925 9.9928E-05 9.9928E-05 9.9928E-05 9.9928E-05 0.968808 9.9928E-05 9.9928E-05 9.9928E-05 9.9928E-05
9.99201E-05 9.99201E-05 9.99201E-05 9.99201E-05 9.99201E-05 0.999101 9.99201E-05 9.99201E-05 9.99201E-05 9.99201E-05
9.9928E-05 9.9928E-05 0.0296956 9.9928E-05 9.9928E-05 0.969505 9.9928E-05 9.9928E-05 9.9928E-05 9.9928E-05
9.9955E-05 9.9955E-05 0.0394803 0.18498 9.9955E-05 0.704595 0.000561019 0.0698837 9.9955E-05 9.9955E-05
0.010017 9.9964E-05 9.9964E-05 0.0699012 0.034834 0.773608 9.9964E-05 0.0305301 0.0807096 9.9964E-05
0.0393558 9.9937E-05 0.00270617 9.9937E-05 9.9937E-05 0.957238 9.9937E-05 9.9937E-05 9.9937E-05 9.9937E-05
0.11421 0.0785619 9.9964E-05 0.207491 0.0820176 0.506224 9.9964E-05 9.9964E-05 9.9964E-05 0.0110959
0.0612362 0.0566413 0.0513 0.176849 9.9964E-05 0.642695 9.9964E-05 9.9964E-05 0.0108787 9.9964E-05
9.9964E-05 0.0699429 0.0423276 0.128375 9.9964E-05 0.688976 0.0200601 9.9964E-05 9.9964E-05 0.049919
9.9955E-05 9.9955E-05 0.0155185 0.0693811 9.9955E-05 0.854534 0.025295 9.9955E-05 0.0347714 9.9955E-05
9.9928E-05 0.0210577 9.9928E-05 9.9928E-05 9.9928E-05 0.978143 9.9928E-05 9.9928E-05 9.9928E-05 9.9928E-05
9.9946E-05 0.0105649 9.9946E-05 0.100439 9.9946E-05 0.832535 9.9946E-05 9.9946E-05 9.9946E-05 0.0558612
9.9937E-05 9.9937E-05 0.0107859 9.9937E-05 9.9937E-05 0.969 9.9937E-05 9.9937E-05 9.9937E-05 0.0195146
0.085448 9.9973E-05 0.000423489 0.190547 9.9973E-05 0.637458 0.0394759 9.9973E-05 0.0158219 0.0305265
9.9955E-05 9.9955E-05 0.0100332 9.9955E-05 0.0599976 0.895913 9.9955E-05 0.013632 9.9955E-05 0.0199247
9.9955E-05 0.18324 9.9955E-05 9.9955E-05 9.9955E-05 9.9955E-05 0.48632 0.0228542 0.239615 0.0674709
0.107766 0.159878 0.0433461 0.40478 9.9973E-05 0.0150152 0.16539 9.9973E-05 0.103525 9.9973E-05
0.047313 0.0344295 9.9982E-05 0.392871 0.064439 0.0347584 0.14837 9.9982E-05 0.101259 0.17636
0.00112633 0.265745 0.0612849 0.150599 9.9991E-05 0.0460995 0.391697 0.0143687 0.0426156 0.0263629
0.0728112 9.9982E-05 0.032782 0.382585 9.9982E-05 0.175433 0.188778 0.0320079 0.054482 0.0609209
9.9991E-05 0.175114 0.0614146 0.184815 0.0412467 0.0390042 0.27076 0.000862524 0.117324 0.109358
0.0210721 0.107107 9.9991E-05 0.405142 0.095109 0.0344062 0.0667883 0.0513699 0.0342095 0.184696
9.9973E-05 0.10992 9.9973E-05 0.243259 0.00334764 0.145801 0.385702 9.9973E-05 0.0587723 0.0528995
0.0326487 0.123976 0.0664826 0.421738 9.9973E-05 0.0452129 0.174267 9.9973E-05 9.9973E-05 0.135376
9.9964E-05 0.133391 0.0354032 0.226763 9.9964E-05 0.198674 0.314339 9.9964E-05 0.091031 9.9964E-05
0.000547947 0.0633886 9.9991E-05 0.496694 0.0562318 0.0590036 0.08341 0.0537932 0.0646617 0.122169
0.0107987 9.9964E-05 9.9964E-05 0.0326354 9.9964E-05 9.9964E-05 0.0639616 0.038614 0.834795 0.0187956
9.9946E-05 0.0295782 0.0390669 9.9946E-05 9.9946E-05 0.0878243 9.9946E-05 9.9946E-05 0.842931 9.9946E-05
9.9946E-05 0.0911484 0.019109 0.000274022 9.9946E-05 9.9946E-05 9.9946E-05 9.9946E-05 0.888869 9.9946E-05
0.02771 0.0132644 0.0315381 0.0084822 9.9964E-05 9.9964E-05 9.9964E-05 0.00130552 0.9173 9.9964E-05
0.0257841 0.103396 0.100021 9.9955E-05 9.9955E-05 9.9955E-05 9.9955E-05 9.9955E-05 0.70191 0.0683893
9.9964E-05 0.0673054 0.0525432 9.9964E-05 9.9964E-05 0.0634312 9.9964E-05 0.0174984 0.736061 0.0627609
9.9946E-05 9.9946E-05 0.0567804 9.9946E-05 9.9946E-05 0.0534782 9.9946E-05 9.9946E-05 0.671205 0.217936
9.9964E-05 0.078478 0.0256995 0.0132568 9.9964E-05 9.9964E-05 9.9964E-05 0.0205828 0.764448 0.0971354
9.9955E-05 0.0645455 0.0492859 0.0381718 9.9955E-05 9.9955E-05 9.9955E-05 9.9955E-05 0.787981 0.0595162
9.9955E-05 0.122079 0.019444 0.00985792 9.9955E-05 0.0887594 9.9955E-05 9.9955E-05 0.75936 9.9955E-05
0.206507 0.0128964 0.0507776 9.9973E-05 0.104809 9.9973E-05 9.9973E-05 0.0193455 0.572405 0.03296
0.3217 0.0203498 0.00391552 9.9964E-05 0.066357 9.9964E-05 9.9964E-05 9.9964E-05 0.518103 0.0691747
0.270247 0.0877513 0.0334237 9.9973E-05 0.116174 9.9973E-05 0.0462302 9.9973E-05 0.425411 0.0204628
0.244617 9.9955E-05 9.9955E-05 9.9955E-05 0.159545 9.9955E-05 0.0349508 9.9955E-05 0.43646 0.123927
0.0814336 9.9955E-05 0.065471 0.507523 0.26652 9.9955E-05 9.9955E-05 9.9955E-05 0.0785528 9.9955E-05
0.0981085 9.9964E-05 9.9964E-05 0.43801 0.309618 0.0704115 9.9964E-05 0.0524381 0.0310134 9.9964E-05
0.243198 9.9964E-05 9.9964E-05 0.493652 0.0513751 0.0456506 0.132178 9.9964E-05 0.0335464 9.9964E-05
0.258418 0.0770149 9.9964E-05 0.449811 0.18861 9.9964E-05 9.9964E-05 0.0169088 9.9964E-05 0.00883675
0.627312 9.9964E-05 9.9964E-05 0.130915 0.0629346 0.0655084 0.0491656 0.0637645 9.9964E-05 9.9964E-05
0.0380452 9.9973E-05 9.9973E-05 0.578497 0.147292 0.0126887 0.13825 9.9973E-05 0.0771769 0.0077498
0.0556625 0.0868193 9.9964E-05 0.490635 0.300913 0.0243946 9.9964E-05 0.0411752 9.9964E-05 9.9964E-05
0.0865888 0.0843426 9.9955E-05 0.541863 0.272677 9.9955E-05 9.9955E-05 0.0140281 9.9955E-05 9.9955E-05
9.9964E-05 9.9964E-05 9.9964E-05 0.339358 0.451639 0.00389096 0.141283 0.0453058 0.0181224 9.9964E-05
0.017379 0.030719 9.9982E-05 0.637218 0.113727 0.000699949 0.0337934 0.0703806 9.9982E-05 0.0958829
0.0807588 9.9955E-05 0.0195365 0.39054 0.42145 9.9955E-05 9.9955E-05 0.0872144 9.9955E-05 9.9955E-05
0.0422131 9.99371E-05 9.99371E-05 9.99371E-05 0.662185 9.99371E-05 9.99371E-05 0.294903 9.99371E-05 9.99371E-05
0.176382 0.0528237 0.00415496 0.479606 0.12739 9.9982E-05 9.9982E-05 0.0703795 0.0692913 0.0197723
9.9973E-05 0.0727789 9.9973E-05 0.19186 0.513728 0.00300008 0.0192499 0.141842 0.0572413 9.9973E-05
9.9955E-05 9.9955E-05 0.042543 0.502735 0.335233 9.9955E-05 9.9955E-05 0.104114 0.0148757 9.9955E-05
0.141505 9.9946E-05 9.9946E-05 0.037251 0.727784 9.9946E-05 9.9946E-05 9.9946E-05 0.0928611 9.9946E-05
0.642313 0.0121614 9.9955E-05 9.9955E-05 9.9955E-05 9.9955E-05 0.209597 9.9955E-05 0.0407717 0.094657
0.633085 9.9946E-05 9.9946E-05 0.0369735 9.9946E-05 9.9946E-05 0.220894 9.9946E-05 0.108449 9.9946E-05
0.689086 9.99491E-05 9.99491E-05 9.99491E-05 9.99491E-05 9.99491E-05 0.206244 0.0325202 0.0715507 9.99491E-05
0.66233 9.9955E-05 9.9955E-05 9.9955E-05 0.0072403 9.9955E-05 0.157646 0.0319764 0.140308 9.9955E-05
0.720994 9.9955E-05 0.0290782 9.9955E-05 9.9955E-05 0.0247717 0.214642 9.9955E-05 0.0100142 9.9955E-05
0.675273 9.9964E-05 9.9964E-05 0.0671684 9.9964E-05 0.0135635 0.103316 9.9964E-05 0.104232 0.0360473
9.9955E-05 9.9955E-05 0.0595357 0.0130408 0.0309482 0.0743293 9.9955E-05 9.9955E-05 0.821646 9.9955E-05
0.0435607 9.9955E-05 9.9955E-05 0.0318804 9.9955E-05 0.0757779 9.9955E-05 9.9955E-05 0.802952 0.0453289
9.9973E-05 0.0489469 0.0442238 0.0598286 9.9973E-05 0.131242 0.00249947 0.016073 0.696886 9.9973E-05
0.076844 0.0184672 0.0562521 9.9955E-05 9.9955E-05 0.147425 9.9955E-05 9.9955E-05 0.700512 9.9955E-05
9.9973E-05 0.0290671 0.0185808 0.0434188 0.00822797 0.124662 9.9973E-05 9.9973E-05 0.683977 0.0917665
0.479886 9.9964E-05 0.0454308 9.9964E-05 9.9964E-05 9.9964E-05 0.11868 0.0168865 0.334423 0.00429367
0.341092 0.0317601 9.9964E-05 9.9964E-05 9.9964E-05 9.9964E-05 0.0724595 0.0657003 0.362271 0.126317
0.416468 9.9964E-05 0.0313221 9.9964E-05 0.063563 9.9964E-05 9.9964E-05 0.0364039 0.366359 0.0854842
9.99201E-05 9.99201E-05 0.999101 9.99201E-05 9.99201E-05 9.99201E-05 9.99201E-05 9.99201E-05 9.99201E-05 9.99201E-05
0.48552 9.9973E-05 0.0335832 9.9973E-05 0.057087 9.9973E-05 0.0367091 0.00630082 0.353844 0.0266554
9.9964E-05 0.142998 9.9964E-05 0.331881 0.00368285 0.274046 9.9964E-05 0.0132796 0.233713 9.9964E-05
9.9973E-05 0.00696343 0.0174319 0.575387 9.9973E-05 0.204821 0.0116444 9.9973E-05 0.126049 0.0574032
9.9946E-05 9.9946E-05 0.0173634 0.56932 9.9946E-05 0.173539 9.9946E-05 9.9946E-05 0.239178 9.9946E-05
9.9982E-05 0.106847 0.0327349 0.223149 0.148784 0.280907 0.00424968 9.9982E-05 0.154088 0.0490397
0.0199702 0.1339 0.0571667 0.442022 0.00370902 0.131248 0.0924679 0.0568201 0.0564924 0.00620322
9.9964E-05 0.244531 9.9964E-05 9.9964E-05 9.9964E-05 0.234912 0.0249027 0.0459264 0.334186 0.115143
0.277491 9.9964E-05 9.9964E-05 0.415464 0.079756 9.9964E-05 0.0770114 0.0822658 9.9964E-05 0.0676121
0.188966 0.0783366 0.00248358 0.2839 0.169103 9.9982E-05 9.9982E-05 0.250596 0.0116953 0.0147199
0.493127 0.0613788 0.0238488 0.292436 0.00183081 9.9991E-05 0.024309 0.0221746 0.0135739 0.0672211
0.149938 9.9964E-05 9.9964E-05 0.450885 0.0565095 9.9964E-05 0.0444903 0.263427 0.0343499 9.9964E-05
0.204006 0.20418 9.9955E-05 9.9955E-05 0.168659 9.9955E-05 0.0318917 0.390764 9.9955E-05 9.9955E-05
0.0888605 0.0756114 0.00188401 0.587817 0.0825225 0.0264829 0.0663054 0.0328882 0.0187382 0.01889
0.201451 0.029666 0.0551155 0.405415 0.062692 0.086083 9.9973E-05 0.159278 9.9973E-05 9.9973E-05
0.400304 0.111436 0.0405141 0.303455 0.138244 9.9964E-05 9.9964E-05 9.9964E-05 0.00564806 9.9964E-05
0.186467 0.0560722 9.9973E-05 0.448532 0.112397 0.0131346 9.9973E-05 0.0663696 9.9973E-05 0.116728
0.23599 0.193466 9.9964E-05 0.11643 0.216456 9.9964E-05 0.0440899 0.193168 9.9964E-05 9.9964E-05
0.121832 0.0733815 9.9964E-05 0.430628 9.9964E-05 0.0599639 0.0901834 0.223611 9.9964E-05 9.9964E-05
0.235861 0.0383328 0.0312317 0.540506 0.0384174 0.00532349 0.110027 9.9973E-05 9.9973E-05 9.9973E-05
0.109535 0.080307 0.00511336 0.34415 0.0991022 0.197288 9.9991E-05 0.0174462 0.0604444 0.086514
0.288954 0.0329625 9.9964E-05 0.375429 0.0368187 9.9964E-05 0.048775 0.216661 9.9964E-05 9.9964E-05
0.2632 0.121659 9.9955E-05 0.42089 0.0562351 9.9955E-05 9.9955E-05 0.137516 9.9955E-05 9.9955E-05
0.225232 0.0446915 9.9982E-05 0.388643 0.0678498 0.0902321 0.0592604 0.10158 9.9982E-05 0.0223107
0.177062 0.0512374 9.9955E-05 0.55203 0.139828 9.9955E-05 9.9955E-05 0.0793431 9.9955E-05 9.9955E-05
0.211576 0.089303 0.033517 0.593637 9.99729E-05 0.0406869 0.03088 9.99729E-05 9.99729E-05 9.99729E-05
0.149896 9.9982E-05 9.9982E-05 0.47894 0.0799775 0.0308436 0.0239758 0.119348 0.0851435 0.0316756
0.145195 0.0762635 0.00635474 0.539402 0.0937453 0.0303326 9.9973E-05 9.9973E-05 0.108407 9.9973E-05
9.9946E-05 9.9946E-05 9.9946E-05 0.109519 9.9946E-05 0.101585 0.0177066 9.9946E-05 0.77059 9.9946E-05
9.9973E-05 9.9973E-05 0.0314113 0.0249222 0.0148268 0.076074 0.0170964 0.0612676 0.774102 9.9973E-05
0.0589688 0.00208186 9.9973E-05 0.0419186 9.9973E-05 0.0192303 0.103687 0.0120493 0.761764 9.9973E-05
9.9964E-05 9.9964E-05 0.0144936 0.00470969 0.052714 0.0562282 9.9964E-05 0.0540503 0.817404 9.9964E-05
9.9955E-05 9.9955E-05 0.086629 0.111363 9.9955E-05 0.00205227 0.0284225 9.9955E-05 0.771034 9.9955E-05
0.531903 0.105287 9.9964E-05 0.294572 0.0422916 0.000224664 9.9964E-05 9.9964E-05 0.0253216 9.9964E-05
0.197597 0.0546289 0.0190123 0.426287 0.0700854 0.0549981 0.00180338 0.123902 0.0515862 9.9991E-05
9.9973E-05 0.0970689 0.0137283 0.374827 9.9973E-05 0.130676 0.106477 9.9973E-05 0.148457 0.128466
0.109003 0.0403788 0.0531481 0.602177 0.061823 0.0531812 0.0687344 9.9982E-05 0.011355 9.9982E-05
0.221773 0.0421822 9.9973E-05 0.509254 0.0772663 9.9973E-05 9.9973E-05 0.0718812 0.0748207 0.00252243
0.319347 0.161567 0.00846356 0.305531 9.9964E-05 0.00170606 9.9964E-05 0.202985 9.9964E-05 9.9964E-05
0.582117 0.153171 0.0358366 0.0275445 0.113025 9.9973E-05 0.0127152 9.9973E-05 0.0752913 9.9973E-05
0.247711 0.0173556 0.00333858 0.518346 0.0827233 9.9982E-05 0.073224 0.0232578 0.0338435 9.9982E-05
0.514518 9.9973E-05 9.9973E-05 0.0532074 0.0467332 0.127677 0.0400808 0.164227 0.0532564 9.9973E-05
0.160721 0.143235 9.9973E-05 0.446604 0.00416022 9.9973E-05 0.176809 0.0623246 9.9973E-05 0.00584566
0.513937 0.0301443 0.0100458 0.127009 0.0431157 9.9973E-05 9.9973E-05 0.135071 0.140378 9.9973E-05
0.168978 0.0455249 0.0558186 0.594795 9.9964E-05 9.9964E-05 0.0597623 9.9964E-05 0.0747211 9.9964E-05
0.486583 0.00160616 0.0117719 0.203104 0.0659376 9.9973E-05 9.9973E-05 0.0921068 9.9973E-05 0.138591
0.201808 0.0784751 0.0148673 0.333188 0.097606 0.0161126 0.122227 0.0999828 0.0356335 9.9991E-05
0.0698086 9.9973E-05 0.0217285 0.506273 9.9973E-05 9.9973E-05 0.250991 0.0359471 0.015094 0.0998578
0.0300779 9.9955E-05 9.9955E-05 0.203121 9.9955E-05 9.9955E-05 0.611938 0.106714 0.0476496 9.9955E-05
9.9946E-05 9.9946E-05 9.9946E-05 0.505077 0.00624254 9.9946E-05 0.392538 9.9946E-05 0.0955431 9.9946E-05
0.0817923 0.0866724 0.0219006 0.548 0.0395907 0.0186568 0.0731581 0.041268 0.0888612 9.9991E-05
0.0211291 9.9955E-05 9.9955E-05 0.244949 0.0795166 9.9955E-05 0.593596 0.0603087 9.9955E-05 9.9955E-05
0.0906417 9.9973E-05 0.0119265 0.450692 9.9973E-05 0.0965429 0.220113 0.056101 9.9973E-05 0.0736825
9.9973E-05 0.0264042 0.0138049 0.436602 0.083967 9.9973E-05 0.204524 0.103334 0.131064 9.9973E-05
0.0662165 9.9964E-05 9.9964E-05 0.0239253 0.081215 9.9964E-05 0.700709 0.12533 9.9964E-05 0.00220418
9.9955E-05 0.0848408 9.9955E-05 0.155618 0.063279 9.9955E-05 0.556702 0.13906 9.9955E-05 9.9955E-05
9.9973E-05 0.0162982 0.0123284 0.396929 0.0334197 9.9973E-05 0.452605 0.0575588 0.0305612 9.9973E-05
0.100912 0.0195357 9.9973E-05 0.092096 0.170025 9.9973E-05 0.563823 0.0519645 9.9973E-05 0.00134383
0.168393 0.0524074 9.9946E-05 0.429027 9.9946E-05 9.9946E-05 0.349573 9.9946E-05 9.9946E-05 9.9946E-05
0.529177 0.0971294 0.016687 0.142394 0.192218 9.9964E-05 9.9964E-05 9.9964E-05 0.0219948 9.9964E-05
0.293309 0.0714094 9.9955E-05 0.311077 0.0355994 9.9955E-05 9.9955E-05 0.288106 9.9955E-05 9.9955E-05
0.396238 0.0027894 0.045359 0.336329 0.126435 0.0223738 9.9982E-05 0.0319693 0.0383064 9.9982E-05
0.0693644 0.0439503 9.9973E-05 0.546521 0.115881 0.127171 9.9973E-05 0.030836 9.9973E-05 0.065976
0.467535 9.9946E-05 9.9946E-05 0.286219 0.189276 9.9946E-05 0.0563701 9.9946E-05 9.9946E-05 9.9946E-05
0.193846 0.109987 9.9982E-05 0.397156 0.00277691 0.103762 9.9982E-05 0.154133 0.0174831 0.020656
0.169108 0.130903 9.9964E-05 0.499238 0.127808 0.0289103 9.9964E-05 9.9964E-05 0.0436333 9.9964E-05
0.3061 9.9964E-05 0.0218226 0.512076 0.0817898 0.051647 9.9964E-05 0.0261649 9.9964E-05 9.9964E-05
0.203885 9.9964E-05 9.9964E-05 0.463594 0.0966738 0.0680909 9.9964E-05 0.101047 9.9964E-05 0.0663098
0.25605 9.9991E-05 0.0429697 0.372763 0.140406 0.0485406 0.0297629 0.0208949 0.0357806 0.0527317
0.460076 0.0334651 0.021211 0.272019 0.163687 0.0491414 9.9964E-05 9.9964E-05 9.9964E-05 9.9964E-05
0.435807 9.9964E-05 9.9964E-05 0.384618 0.033208 0.105512 0.0187936 0.021662 9.9964E-05 9.9964E-05
0.213955 9.9973E-05 9.9973E-05 0.597714 0.0296159 0.0628974 0.0759278 0.018239 9.9973E-05 0.00135165
0.127153 0.127117 0.0228324 0.644734 0.0212971 9.9973E-05 0.0327493 9.9973E-05 9.9973E-05 0.0238165
0.263157 0.0750537 0.0279594 0.458179 0.0914901 9.9982E-05 0.00336069 0.0792262 0.00137418 9.9982E-05
0.208107 0.0292238 0.000552506 0.552915 9.9964E-05 0.00839568 9.9964E-05 0.200407 9.9964E-05 9.9964E-05
0.370803 0.0540183 0.0188828 0.394104 9.9982E-05 0.0256224 0.0595363 0.0290094 0.0478236 9.9982E-05
0.160011 0.0371315 0.014748 0.622641 0.0762617 9.9964E-05 9.9964E-05 9.9964E-05 0.088807 9.9964E-05
0.180617 9.9973E-05 9.9973E-05 0.448926 0.160049 0.105488 0.00099282 0.0435481 0.0600789 9.9973E-05
0.157076 0.0393703 0.00339982 0.45212 0.0534666 0.142857 0.039791 0.11172 9.9982E-05 9.9982E-05
0.00144131 0.128508 0.0275253 0.416718 0.0377399 0.0878552 0.0156656 9.9991E-05 0.234565 0.0498812
9.9982E-05 0.0867296 0.0312881 0.492368 0.0088887 0.176823 9.9982E-05 0.0614695 0.113272 0.0289603
0.0452369 0.127546 0.0397539 0.442897 0.122297 0.135461 9.9973E-05 9.9973E-05 9.9973E-05 0.0865074
0.100594 0.0289578 0.050926 0.501596 9.9982E-05 0.170408 0.0171946 0.0883311 9.9982E-05 0.0417928
9.9982E-05 0.0704539 0.0237988 0.530478 0.0484461 0.13182 9.9982E-05 0.0258838 0.123211 0.0457088
0.161307 0.0531758 9.9973E-05 0.417538 0.0331107 0.0487234 0.068438 0.217407 9.9973E-05 9.9973E-05
0.0462366 0.11388 0.0472796 0.583132 0.0941832 0.00389315 9.9982E-05 9.9982E-05 0.0671021 0.0440934
9.9982E-05 0.313732 9.9982E-05 0.0234729 0.151582 0.089476 0.160351 0.0958914 0.163206 0.00208874
0.0588695 0.00956609 0.0176502 0.455274 0.042068 0.145541 0.0958829 0.0465656 0.128483 9.9991E-05
0.0304255 9.9973E-05 0.0325781 0.490321 0.0335842 0.186415 9.9973E-05 0.0884591 0.137917 9.9973E-05
0.0807783 0.0457719 9.9991E-05 0.488586 0.0714598 0.206959 0.0517361 0.0181961 0.0348939 0.00151901
0.120868 0.244267 0.040546 0.321809 0.0852137 0.0686408 9.9973E-05 9.9973E-05 9.9973E-05 0.118355
9.9982E-05 0.0998968 0.0116973 0.490797 0.0657423 0.173016 9.9982E-05 0.01118 0.0852772 0.0621935
9.9973E-05 0.0216537 0.0668238 0.557229 9.9973E-05 0.100725 0.0608832 0.0597057 0.132679 9.9973E-05
9.9973E-05 0.466027 0.0144693 9.9973E-05 0.0147822 0.137027 9.9973E-05 0.0572421 0.258902 0.0512499
0.0277767 0.0610267 0.0824116 0.537591 0.00915113 0.163577 9.9973E-05 9.9973E-05 0.118166 9.9973E-05
9.9991E-05 0.0368106 0.0342935 0.412202 0.0784945 0.210265 0.0190273 0.137787 0.0284084 0.0426119
0.0245425 0.050357 9.9982E-05 0.458444 0.177758 0.146403 0.0227707 9.9982E-05 0.0833742 0.0361505
9.9955E-05 0.0675388 9.9955E-05 0.563179 9.9955E-05 0.0933881 9.9955E-05 0.0869504 0.188444 9.9955E-05
9.9964E-05 9.9964E-05 0.0688561 0.554485 9.9964E-05 0.135617 0.108863 9.9964E-05 0.0899751 0.041804
0.0305475 9.9982E-05 0.0779374 0.276421 0.0198349 0.0993646 0.0247522 0.449355 9.9982E-05 0.0215874
0.0782178 0.0125231 9.9973E-05 0.432439 9.9973E-05 0.0370813 9.9973E-05 0.371966 0.0429695 0.0245032
0.0628784 9.9946E-05 9.9946E-05 9.9946E-05 0.0666903 9.9946E-05 0.0528559 0.816976 9.9946E-05 9.9946E-05
0.0359941 9.9946E-05 9.9946E-05 9.9946E-05 9.9946E-05 9.9946E-05 0.00918115 0.944875 0.00935008 9.9946E-05
0.0545695 9.9973E-05 9.9973E-05 0.383187 0.0519658 0.167129 9.9973E-05 0.265602 0.0695923 0.00765371
9.9973E-05 0.117474 9.9973E-05 0.364241 9.9973E-05 0.262665 0.0406096 0.122761 0.0871679 0.00478111
9.9955E-05 0.168059 9.9955E-05 0.289609 9.9955E-05 0.28173 9.9955E-05 0.209999 9.9955E-05 0.0501033
9.9973E-05 0.260557 0.0142821 0.227243 0.0313026 0.264476 9.9973E-05 0.0939434 9.9973E-05 0.107896
0.0383314 0.107567 0.0186674 0.321054 9.9973E-05 0.212939 9.9973E-05 0.177807 0.123335 9.9973E-05
9.9982E-05 0.0943023 0.0111507 0.0496775 9.9982E-05 0.0330204 0.0358642 0.701605 0.0457031 0.028477
9.9964E-05 0.130595 0.0372902 0.137355 9.9964E-05 0.0379602 9.9964E-05 0.615429 9.9964E-05 0.0409712
9.9955E-05 9.9955E-05 0.0297979 0.499391 9.9955E-05 0.072515 9.9955E-05 0.392482 9.9955E-05 0.00531456
9.9946E-05 9.9946E-05 9.9946E-05 0.39464 9.9946E-05 0.0672847 9.9946E-05 0.439519 9.9946E-05 0.0979571
9.9964E-05 0.0229275 0.0954887 0.143112 9.9964E-05 0.0737966 9.9964E-05 0.662829 0.00144593 9.9964E-05
9.9973E-05 9.9973E-05 0.0111685 0.42404 0.0115201 0.143586 9.9973E-05 0.343207 0.0157144 0.0504637
9.9964E-05 9.9964E-05 9.9964E-05 0.409568 0.0421889 0.132982 9.9964E-05 0.360371 0.0207714 0.0337192
0.127953 9.9982E-05 0.0310772 0.466828 0.0358869 0.0951826 9.9982E-05 0.161566 0.0743821 0.00692482
0.0265161 9.9973E-05 0.012473 0.265692 0.0836664 9.9973E-05 0.0344189 0.548981 0.0279532 9.9973E-05
0.0376744 0.00242623 0.013188 0.321537 0.0424073 9.9973E-05 9.9973E-05 0.494517 9.9973E-05 0.0879503
0.0967051 0.0301824 0.000118595 0.557178 0.0268616 9.9982E-05 0.035449 0.189294 9.9982E-05 0.064012
0.0555425 9.9973E-05 0.019424 0.311287 9.9973E-05 0.00426224 0.143247 0.395538 0.0703991 9.9973E-05
0.0852656 0.14352 0.031209 0.436876 9.9991E-05 0.0100489 0.0738042 0.155319 0.03763 0.0262271
0.00408918 0.0228501 9.9964E-05 0.507935 9.9964E-05 9.9964E-05 0.083508 0.379367 0.00185124 9.9964E-05
0.053167 9.9955E-05 9.9955E-05 0.191658 9.9955E-05 9.9955E-05 0.0362722 0.683871 9.9955E-05 0.0345324
9.9964E-05 0.0560032 9.9964E-05 0.465962 0.0175709 0.0684783 9.9964E-05 0.372703 9.9964E-05 0.0188824
0.0225362 0.0186105 9.9964E-05 0.196716 0.00981686 9.9964E-05 0.0126472 0.739274 9.9964E-05 9.9964E-05
9.9973E-05 9.9973E-05 0.0204752 0.335116 9.9973E-05 0.0310778 0.00607125 0.585006 0.0198011 0.00215327
9.9964E-05 9.9964E-05 0.0749195 0.571348 0.0220454 0.0621037 9.9964E-05 0.234375 0.0348089 9.9964E-05
0.0855665 9.9982E-05 0.0320172 0.384947 0.0366963 0.0338132 0.0542871 0.356424 9.9982E-05 0.0160487
0.0420847 0.0254533 0.0811014 0.409118 0.0555065 0.0952674 0.0498256 0.0823236 0.13835 0.0209701
0.0278155 0.0057892 0.0735459 0.398391 9.9982E-05 0.148559 0.0541351 0.132983 0.158582 9.9982E-05
0.0237301 0.134266 0.0319817 0.274598 9.9982E-05 0.208552 0.15016 0.0676869 0.108825 9.9982E-05
0.111805 0.000362036 0.074859 0.248034 9.9991E-05 0.228743 0.151218 0.0725072 0.0648492 0.0475229
0.00871425 9.9982E-05 9.9982E-05 0.461908 0.00918702 0.0528105 0.092067 0.0689239 0.147725 0.158465
0.0287557 0.105717 0.0329639 0.426132 9.9982E-05 0.162669 0.0644626 0.115895 0.0632035 9.9982E-05
9.9973E-05 0.0530767 0.0262024 9.9973E-05 9.9973E-05 0.0918438 0.00311985 0.590976 0.0657049 0.168776
9.9973E-05 9.9973E-05 0.0317227 0.576256 9.9973E-05 0.10473 0.00770811 0.124957 0.104768 0.0495588
9.9964E-05 0.200035 0.00582833 9.9964E-05 9.9964E-05 0.0684781 9.9964E-05 0.358999 0.124026 0.242234
9.9946E-05 9.9946E-05 9.9946E-05 0.452123 9.9946E-05 0.182501 9.9946E-05 0.283556 0.0812203 9.9946E-05
9.9946E-05 9.9946E-05 9.9946E-05 0.0637914 0.140213 9.9946E-05 0.00864454 0.786751 9.9946E-05 9.9946E-05
0.00796213 9.9946E-05 0.0287331 9.9946E-05 0.0659672 9.9946E-05 9.9946E-05 0.896738 9.9946E-05 9.9946E-05
9.9946E-05 9.9946E-05 0.0385736 0.409383 0.0472991 9.9946E-05 9.9946E-05 0.504145 9.9946E-05 9.9946E-05
