9.9973E-05 0.0212333 0.873182 0.0303344 9.9973E-05 9.9973E-05 0.0749507
0.0214227 9.9964E-05 0.957645 9.9964E-05 9.9964E-05 9.9964E-05 0.0205323
9.9973E-05 0.0731882 0.786406 0.0711237 9.9973E-05 9.9973E-05 0.0689819
9.9982E-05 0.0780307 0.768481 0.0368745 9.9982E-05 0.0326854 0.0837286
9.9973E-05 0.0202044 0.808128 0.0896072 9.9973E-05 9.9973E-05 0.0817602
0.040487 0.0886301 0.581521 0.0111015 0.171718 9.9991E-05 0.106442
9.9982E-05 9.9982E-05 0.804566 0.00415403 0.136048 0.00710348 0.0479283
9.9982E-05 0.0300218 0.72412 0.0291028 0.0989723 9.9982E-05 0.117583
0.0417638 9.99729E-05 0.816332 9.99729E-05 0.076123 9.99729E-05 0.0654816
9.9982E-05 0.0717187 0.67007 0.0792673 0.127167 9.9982E-05 0.0515776
0.0485596 0.0101394 0.722289 9.9991E-05 0.114752 0.0181842 0.0859764
0.0464739 0.0869135 9.9973E-05 0.030176 9.9973E-05 0.836137 9.9973E-05
9.9982E-05 0.449024 0.00454264 0.0631418 9.9982E-05 0.472602 0.0104892
0.00591325 0.0908792 0.000795535 0.102477 0.0387936 0.750571 0.0105708
9.9973E-05 0.0963214 0.0123157 0.167606 9.9973E-05 0.723457 9.9973E-05
0.0156772 0.225427 0.120604 0.165639 0.00321741 0.4654 0.00403559
9.9982E-05 0.456169 0.0897411 0.0910219 0.0650369 0.297831 9.9982E-05
0.178809 0.344059 0.00533102 0.0897427 0.0283382 0.35362 9.9991E-05
0.0245956 0.116754 0.105689 0.0802511 9.9982E-05 0.672511 9.9982E-05
9.9973E-05 9.9973E-05 0.0505623 9.9973E-05 0.0199026 0.784389 0.144846
0.132611 0.270285 9.9991E-05 0.0900196 0.00278023 0.425047 0.0791573
0.0445959 0.373801 9.9982E-05 0.0423382 0.18297 0.356095 9.9982E-05
0.167163 0.469677 0.030617 0.0346496 9.9991E-05 0.194188 0.103606
9.9964E-05 0.156794 9.9964E-05 0.048205 9.9964E-05 0.794601 9.9964E-05
0.0708793 0.556748 0.103218 0.0332769 0.0113465 0.224431 9.9991E-05
9.9982E-05 0.366236 0.0409361 0.0914638 0.0289569 0.472207 9.9982E-05
0.041091 0.000405362 0.00675389 0.0682207 9.9991E-05 0.865731 0.0176983
9.9955E-05 9.9955E-05 9.9955E-05 0.158382 9.9955E-05 0.841118 9.9955E-05
9.9964E-05 0.0701245 9.9964E-05 9.9964E-05 0.127537 0.801939 9.9964E-05
9.99686E-05 0.127944 0.837041 0.034615 9.99686E-05 9.99686E-05 9.99686E-05
9.9973E-05 0.130334 0.83045 0.00449873 9.9973E-05 0.0344178 9.9973E-05
0.0548556 0.147522 0.74068 0.0375547 9.9982E-05 0.0191877 9.9982E-05
0.0180356 0.170887 0.743134 0.0525052 9.9982E-05 9.9982E-05 0.015238
0.284038 0.540263 0.029417 0.00161723 0.0108227 0.0107379 0.123104
0.2462 0.505985 0.0452135 0.067051 0.0559927 0.0286964 0.0508617
0.424315 0.575185 9.9955E-05 9.9955E-05 9.9955E-05 9.9955E-05 9.9955E-05
0.00470771 0.0745299 0.0846112 9.9991E-05 0.0286607 0.541837 0.265554
0.572042 0.291255 0.0112885 0.0182475 0.106968 9.9982E-05 9.9982E-05
0.209465 0.506453 0.0365878 9.9982E-05 9.9982E-05 0.169274 0.0780209
0.201957 0.64457 0.0541027 0.0415187 0.0531841 9.9991E-05 0.00456705
0.115074 0.584806 0.095022 9.9982E-05 0.0743247 9.9982E-05 0.130573
0.269554 0.514602 0.0604032 0.0693293 0.0325993 0.00359395 0.0499178
0.677626 0.00516417 0.00959276 9.9982E-05 0.0376843 0.269733 9.9982E-05
0.0361471 0.620975 0.0351022 0.0457342 0.125667 0.109955 0.0264195
0.250635 0.584217 9.9982E-05 0.103156 0.0215873 9.9982E-05 0.0402049
0.0432965 0.526374 0.0890427 0.0973932 0.0830537 0.16074 9.9991E-05
0.718653 0.266913 9.9973E-05 9.9973E-05 9.9973E-05 0.00757854 0.0065554
0.371093 0.518502 0.0569696 0.0412505 9.9982E-05 9.9982E-05 0.0119854
0.263306 0.494465 0.132645 0.0108566 0.00870067 0.0899269 9.9991E-05
0.637429 9.9964E-05 0.0593773 9.9964E-05 0.302794 9.9964E-05 9.9964E-05
0.211207 0.0969527 9.9982E-05 9.9982E-05 0.0954055 0.365296 0.230938
0.101088 0.0218627 0.0101554 0.0369622 0.425468 0.404364 9.9991E-05
0.0787479 0.520539 0.111301 0.0215766 0.0169556 0.200238 0.0506422
0.00441999 0.699323 0.0886361 0.00985329 0.0855652 0.112102 9.9991E-05
0.0420724 0.68367 0.0268073 0.030763 0.143957 9.9991E-05 0.0726301
0.248805 0.0899856 0.0572672 9.9991E-05 0.149781 0.326155 0.127905
0.0661889 0.576384 9.9982E-05 9.9982E-05 0.0413147 0.162573 0.15334
0.0442529 0.480619 0.0244082 0.135121 0.118094 0.161708 0.0357973
0.0838695 0.308848 0.187731 0.0287457 0.113355 0.220864 0.0565864
0.101643 0.00503074 0.228623 0.00860342 0.156811 0.476649 0.0226382
0.151072 0.448182 0.0346615 0.0877471 0.0946265 0.0671182 0.116592
0.0185945 0.392287 0.0743797 0.0822415 0.0759844 0.283445 0.0730687
0.137597 9.9982E-05 0.0661153 9.9982E-05 0.106178 0.514713 0.175197
0.0202974 0.395418 9.9982E-05 9.9982E-05 0.0852556 0.462963 0.0358654
0.0655533 0.568497 9.9991E-05 0.0921523 0.0511312 0.147742 0.0748249
9.9982E-05 0.439501 0.0707373 0.0732825 0.0307934 0.385486 9.9982E-05
0.146308 0.155268 0.0198937 0.057508 0.126671 0.398184 0.0961667
0.0621705 0.364707 9.9991E-05 0.0770072 0.118074 0.366637 0.0113033
0.171951 0.357955 0.00958824 0.134617 0.0298357 0.155166 0.140888
0.212496 0.0519627 0.0470844 9.9991E-05 0.0836036 0.526967 0.0777873
0.459288 0.514789 9.9973E-05 0.010928 0.014695 9.9973E-05 9.9973E-05
0.780505 0.0905796 0.00964231 0.0155538 9.9991E-05 0.0853551 0.0182643
0.265998 0.456548 0.0524399 0.0879882 0.0577082 0.0719763 0.00734126
0.822307 9.9964E-05 9.9964E-05 9.9964E-05 0.170408 9.9964E-05 0.00688468
0.806839 9.9964E-05 9.9964E-05 9.9964E-05 0.121283 0.0714781 9.9964E-05
0.759797 0.235617 9.9964E-05 9.9964E-05 0.00418607 9.9964E-05 9.9964E-05
0.508076 0.388229 9.9982E-05 0.0300467 9.9982E-05 0.0680784 0.00536991
0.168018 0.484037 0.174493 9.9991E-05 0.0451616 0.0874785 0.0407111
0.54103 0.361278 9.9982E-05 0.0682505 9.9982E-05 0.00138533 0.0278559
0.669845 0.0197088 0.0646207 0.0721983 9.9991E-05 0.0740413 0.0994857
0.600895 0.163307 0.0184064 0.0144535 9.9982E-05 9.9982E-05 0.202739
0.223668 0.515533 0.099457 0.113387 0.047754 9.9982E-05 9.9982E-05
0.600155 0.255148 0.00370474 0.0369018 0.0110432 0.0929469 9.9991E-05
0.538915 0.303642 0.0337629 0.0540863 9.9982E-05 0.0693938 9.9982E-05
0.584836 0.329156 9.9964E-05 9.9964E-05 0.0856079 9.9964E-05 9.9964E-05
0.700112 9.9973E-05 0.0476015 9.9973E-05 0.242499 9.9973E-05 0.00948771
0.336435 0.447599 0.036776 0.0975209 0.0312587 0.0503103 9.9991E-05
9.9973E-05 0.101523 0.823531 0.0133651 9.9973E-05 0.0612814 9.9973E-05
9.9955E-05 0.110139 0.889361 9.9955E-05 9.9955E-05 9.9955E-05 9.9955E-05
9.9955E-05 0.122967 0.876533 9.9955E-05 9.9955E-05 9.9955E-05 9.9955E-05
9.9973E-05 0.0483291 0.918248 0.0187303 0.0143923 9.9973E-05 9.9973E-05
9.9955E-05 0.129025 0.870475 9.9955E-05 9.9955E-05 9.9955E-05 9.9955E-05
9.9982E-05 0.0156955 0.855157 0.0473234 0.0686512 9.9982E-05 0.0129731
9.99551E-05 0.0691351 0.930365 9.99551E-05 9.99551E-05 9.99551E-05 9.99551E-05
0.330026 0.484442 0.0934703 0.0337609 9.9982E-05 0.0581006 9.9982E-05
0.111237 0.536645 0.0829152 0.0539556 0.0638439 0.0348453 0.116557
0.821589 9.9973E-05 0.02204 9.9973E-05 0.0796808 0.0763906 9.9973E-05
0.260675 0.383504 0.112601 0.11642 9.9982E-05 0.126601 9.9982E-05
0.44235 0.389293 9.9973E-05 9.9973E-05 9.9973E-05 0.109911 0.058146
0.270333 0.590345 0.0406509 9.9973E-05 0.0983716 9.9973E-05 9.9973E-05
0.418809 0.501986 0.0534515 0.00171565 0.0104852 0.0134529 9.9991E-05
0.476062 0.421371 0.0216483 0.0792444 9.9982E-05 9.9982E-05 0.00147418
0.760297 9.9982E-05 0.025694 9.9982E-05 0.0205876 0.0783701 0.114851
0.079017 0.632365 0.0491599 0.0550453 0.0239315 0.0225085 0.137973
0.250986 0.652233 0.0963812 9.9964E-05 9.9964E-05 9.9964E-05 9.9964E-05
0.210876 0.493115 0.0487963 0.0997126 9.9991E-05 0.0418782 0.105522
0.551973 0.270354 0.0288578 9.9982E-05 0.132163 0.0164522 9.9982E-05
0.403679 0.51705 0.0324527 9.9973E-05 0.0465185 9.9973E-05 9.9973E-05
0.338955 0.42015 9.9982E-05 0.0187738 9.9982E-05 0.207511 0.0144104
0.626334 0.286973 9.9973E-05 0.083924 9.9973E-05 0.00246904 9.9973E-05
0.494422 0.392173 0.0157879 9.9982E-05 9.9982E-05 0.0436359 0.053781
0.201824 0.611627 0.0844642 0.0101711 9.9991E-05 0.0688701 0.022943
9.9991E-05 0.102916 0.00836457 0.0542742 0.202844 0.583154 0.0483468
9.9991E-05 0.34989 0.0641577 0.0795996 0.0669185 0.223701 0.215633
0.0541211 0.572068 0.0800617 0.0411197 0.0611763 0.0883582 0.103095
0.101973 0.534675 0.0761947 0.106821 0.0909416 0.0137908 0.0756036
9.9982E-05 0.446605 0.0465557 9.9982E-05 0.046825 0.390257 0.0695579
9.9982E-05 0.533071 9.9982E-05 0.0681551 0.0224236 0.285972 0.0901785
9.9973E-05 0.379248 9.9973E-05 0.0836433 9.9973E-05 0.400638 0.136171
0.137983 0.436288 0.088152 0.0168081 0.039827 0.208995 0.0719472
9.9991E-05 0.557176 0.0781329 0.0592627 0.092128 0.110007 0.103193
0.0377371 0.53413 0.0265339 9.9982E-05 0.0697071 0.331692 9.9982E-05
0.00905247 0.460096 9.9973E-05 9.9973E-05 9.9973E-05 0.446245 0.0843072
9.9991E-05 0.649862 0.0300065 0.0481236 0.0833807 0.10333 0.0851964
0.207753 0.480207 0.0516537 0.118466 9.9991E-05 0.0631326 0.0786874
0.0801019 0.466825 9.9982E-05 0.0478534 9.9982E-05 0.355434 0.0495854
9.9991E-05 0.616744 0.0435903 0.0702565 0.0206423 0.123851 0.124816
0.0129293 0.502889 9.9991E-05 0.0642371 0.100018 0.210183 0.109643
9.9991E-05 0.312843 0.0767016 0.0100228 0.187576 0.342632 0.0701247
0.0939195 0.588305 0.0329429 0.0499115 0.0180541 0.216767 9.9991E-05
9.9991E-05 0.749875 0.00722877 0.0172663 0.0751747 0.0734233 0.0769315
0.188546 0.129623 0.0455226 0.0657634 0.0197247 0.318656 0.232165
9.9991E-05 0.19389 0.00641669 0.0106021 0.361717 0.332144 0.0951309
0.0773694 0.531429 9.9991E-05 0.0556404 0.0228615 0.155806 0.156794
0.155286 0.0858217 9.9991E-05 0.029644 0.358803 0.147148 0.223197
0.137218 0.1737 0.0374972 0.00411186 0.0547018 0.518198 0.0745731
0.150336 0.362666 9.9973E-05 9.9973E-05 9.9973E-05 0.341642 0.145055
0.167092 0.283422 0.0150559 9.9991E-05 0.0314896 0.289768 0.213073
0.115174 0.253184 0.0314721 9.9982E-05 9.9982E-05 0.409898 0.190072
0.076834 0.62749 0.0335088 9.9991E-05 0.12013 0.0797882 0.0621485
0.169907 0.52275 0.0263039 0.0827499 0.00703351 0.136693 0.0545621
0.110082 0.470905 9.9991E-05 0.056803 0.0587305 0.247101 0.0562777
0.130948 0.143761 9.9991E-05 0.0365558 0.265559 0.274354 0.148723
0.186559 0.427078 0.103325 0.0510557 0.0821263 0.145341 0.00451506
0.105513 0.438176 0.00964026 0.0937321 0.299114 9.9991E-05 0.0537249
0.140918 9.9982E-05 0.144809 9.9982E-05 0.575981 0.0227301 0.115362
0.0846038 0.610629 0.116869 0.0370829 0.118736 0.0319787 9.9991E-05
0.193216 0.318031 0.0523317 0.0698453 0.267267 9.9991E-05 0.0992084
0.0648915 0.58464 0.0919139 9.9991E-05 0.116413 0.131844 0.010197
0.0629032 0.233051 0.0607913 0.0610602 0.410638 0.101558 0.0699982
0.0375959 0.239065 0.0729643 9.9991E-05 0.452389 0.0501451 0.147741
0.104869 0.45134 0.0628769 9.9991E-05 0.229477 0.119055 0.0322817
9.9991E-05 0.557497 0.0731472 0.000730704 0.175012 0.0921858 0.101327
0.0117812 0.436807 0.15896 9.9991E-05 0.254698 0.04454 0.0931132
0.184166 9.9991E-05 0.0316482 0.157763 0.461127 0.135342 0.0298541
0.0963574 0.495608 0.0622677 0.104209 0.116812 0.124646 9.9991E-05
0.155176 0.373276 9.9973E-05 9.9973E-05 0.281376 0.189872 9.9973E-05
0.199077 0.43597 9.9982E-05 9.9982E-05 0.2453 0.0546943 0.0647585
0.148066 0.590486 0.0874417 0.0891328 0.0745012 0.0102722 9.9991E-05
0.0182251 0.128326 0.350282 0.246887 0.207852 0.0483281 9.9991E-05
9.9964E-05 9.9964E-05 0.52409 0.144038 0.331472 9.9964E-05 9.9964E-05
9.9964E-05 9.9964E-05 0.413891 0.144786 0.440923 9.9964E-05 9.9964E-05
9.9982E-05 0.0412134 0.380872 0.337059 0.138911 0.101745 9.9982E-05
0.0697026 0.644251 9.9973E-05 9.9973E-05 0.276484 9.9973E-05 0.00926202
0.103402 0.445362 0.0962347 0.0643617 0.145605 0.00332439 0.14171
0.0461379 0.239763 9.9973E-05 0.661731 9.9973E-05 0.0520684 9.9973E-05
0.0826884 0.340787 9.9982E-05 0.443994 9.9982E-05 0.114807 0.0175238
0.000333749 0.297221 0.0726654 0.467208 0.0667431 0.021087 0.0747414
0.0453101 0.372671 9.9973E-05 9.9973E-05 0.562762 0.0189566 9.9973E-05
0.10037 0.551496 0.018366 0.0228125 0.14145 0.0634919 0.102013
9.9964E-05 0.22988 9.9964E-05 9.9964E-05 0.669852 0.0998676 9.9964E-05
0.0770186 0.60967 9.9973E-05 0.0246759 0.288336 9.9973E-05 9.9973E-05
0.103224 0.532053 0.0482743 9.9991E-05 0.228117 0.0392278 0.0490035
0.00581256 0.568819 9.9991E-05 0.0692915 0.250369 0.0663012 0.0393071
0.0710153 0.245979 9.9991E-05 0.00590829 0.573714 0.0258068 0.0774771
0.184526 0.565121 0.0221298 0.111598 0.0473297 0.0691947 9.9991E-05
0.127329 0.435117 0.0828022 0.138252 0.145313 9.9991E-05 0.0710867
0.015346 0.0148435 9.9982E-05 0.959678 0.00309968 0.00683293 9.9982E-05
0.00904763 0.14012 9.9982E-05 0.82659 0.0112463 0.0127958 9.9982E-05
0.0568038 0.187143 9.9982E-05 0.61901 9.9982E-05 0.120284 0.0165595
9.9973E-05 0.332344 0.0311672 0.609399 9.9973E-05 9.9973E-05 0.0267893
0.083566 0.08612 0.0437661 0.765044 9.9982E-05 9.9982E-05 0.021304
9.995E-05 9.995E-05 9.995E-05 0.9994 9.995E-05 9.995E-05 9.995E-05
0.00196489 9.9964E-05 9.9964E-05 0.917027 9.9964E-05 9.9964E-05 0.0806081
9.9955E-05 0.104136 9.9955E-05 0.895364 9.9955E-05 9.9955E-05 9.9955E-05
9.9964E-05 0.00150707 9.9964E-05 0.970742 9.9964E-05 0.0273514 9.9964E-05
9.995E-05 9.995E-05 9.995E-05 0.9994 9.995E-05 9.995E-05 9.995E-05
9.995E-05 9.995E-05 9.995E-05 0.9994 9.995E-05 9.995E-05 9.995E-05
9.9973E-05 0.147464 0.0553587 0.722203 9.9973E-05 0.0746741 9.9973E-05
9.9973E-05 0.0641201 0.00964417 0.858687 9.9973E-05 9.9973E-05 0.0672491
0.00851434 9.9964E-05 9.9964E-05 0.96978 9.9964E-05 9.9964E-05 0.0213058
9.9991E-05 0.299205 0.0720412 0.392941 0.0145419 0.209384 0.0117878
9.9973E-05 0.318735 0.0685498 0.61013 9.9973E-05 0.00228549 9.9973E-05
0.04428 0.163361 0.0459865 0.697667 9.9982E-05 9.9982E-05 0.048506
9.9964E-05 0.105577 9.9964E-05 0.852342 9.9964E-05 9.9964E-05 0.0416818
9.9955E-05 0.0267856 9.9955E-05 0.972715 9.9955E-05 9.9955E-05 9.9955E-05
9.9964E-05 0.0138804 9.9964E-05 0.894678 9.9964E-05 9.9964E-05 0.0910421
9.995E-05 9.995E-05 9.995E-05 0.9994 9.995E-05 9.995E-05 9.995E-05
0.0176892 0.29537 0.0162236 0.606638 9.9982E-05 9.9982E-05 0.0638794
0.0363338 0.0207869 9.9973E-05 0.907907 9.9973E-05 0.034672 9.9973E-05
0.00125971 9.9973E-05 0.323626 0.0787555 0.596059 9.9973E-05 9.9973E-05
9.9991E-05 0.461868 0.221728 0.000356056 0.191861 0.0913152 0.0327712
9.9991E-05 0.47544 0.203175 0.0411526 0.227132 0.00164006 0.0513597
9.9982E-05 0.194418 0.213363 0.123559 0.452696 9.9982E-05 0.0157642
9.9982E-05 0.487736 0.192705 0.107986 0.132459 9.9982E-05 0.0789144
0.0963066 0.149861 0.242123 0.162476 0.32778 0.021354 9.9991E-05
0.0063685 0.46231 0.107248 0.113554 0.122547 0.187734 0.000238035
0.0308578 0.291367 0.169054 0.163279 0.345242 9.9982E-05 9.9982E-05
9.9973E-05 0.577649 0.14089 9.9973E-05 0.221659 0.059503 9.9973E-05
9.9973E-05 0.386779 0.164954 0.156957 0.291011 9.9973E-05 9.9973E-05
0.0146286 0.489552 0.156902 0.0707899 0.108629 0.10095 0.058548
9.9973E-05 0.0588685 0.808221 9.9973E-05 0.0263786 9.9973E-05 0.106232
0.0176227 9.9973E-05 0.877322 0.0685469 0.0362087 9.9973E-05 9.9973E-05
9.9964E-05 0.00765106 0.92248 9.9964E-05 9.9964E-05 9.9964E-05 0.0694693
9.9964E-05 0.028347 0.916961 9.9964E-05 9.9964E-05 9.9964E-05 0.0542925
9.9982E-05 9.9982E-05 0.892674 0.0138534 0.0167755 0.0377387 0.0387581
0.0134315 9.9982E-05 0.869469 0.0855484 0.0091701 0.0221811 9.9982E-05
9.9973E-05 0.0169622 0.890028 0.0829664 9.9973E-05 9.9973E-05 0.00974345
9.9964E-05 0.00803538 0.86877 9.9964E-05 0.122794 9.9964E-05 9.9964E-05
0.0490664 0.0210615 0.904807 9.9973E-05 9.9973E-05 0.0247653 9.9973E-05
9.9991E-05 0.0150015 0.848699 0.0926163 0.00123248 0.035051 0.00729956
0.0651378 9.9982E-05 0.644864 9.9982E-05 0.0291478 0.135425 0.125226
0.0658261 9.9973E-05 0.567926 9.9973E-05 9.9973E-05 0.133912 0.232036
0.0190827 9.9982E-05 0.517266 9.9982E-05 0.147801 0.218289 0.0973606
0.0380568 9.9982E-05 0.490147 9.9982E-05 0.0610208 0.26194 0.148636
0.400894 0.474352 0.0471019 9.9973E-05 9.9973E-05 0.0773525 9.9973E-05
0.379772 0.348575 0.0457196 0.0439899 9.9991E-05 0.0986462 0.0831979
0.193319 0.491211 0.0470712 0.0214683 0.100458 0.113915 0.0325566
0.195667 0.351999 0.0265608 9.9991E-05 0.0039247 0.337477 0.0842716
0.0683938 0.0634368 9.9982E-05 9.9982E-05 0.104078 0.535936 0.227956
0.284982 0.515184 0.0489248 0.0700269 0.0214694 0.0593127 9.9991E-05
0.336068 0.516547 9.9973E-05 9.9973E-05 9.9973E-05 0.110716 0.0363686
0.388657 0.463142 9.9982E-05 9.9982E-05 0.0737102 0.000777204 0.0735137
0.53127 0.408344 9.9973E-05 9.9973E-05 0.0483204 9.9973E-05 0.0117659
0.141044 0.584022 0.0443455 0.0557844 0.108245 0.00669863 0.0598604
0.464344 0.346363 0.00979346 0.0441543 9.9991E-05 0.0360419 0.0992031
0.669342 9.9955E-05 9.9955E-05 9.9955E-05 0.330158 9.9955E-05 9.9955E-05
0.168744 0.510466 0.0203997 0.0380046 0.111446 0.0910501 0.0598895
0.596828 0.174283 0.0315016 0.00216543 0.195022 9.9982E-05 9.9982E-05
0.441841 0.445383 9.9973E-05 0.0415757 0.0709009 9.9973E-05 9.9973E-05
0.778375 0.00895077 0.0762622 9.9982E-05 9.9982E-05 0.0928661 0.0433461
9.9973E-05 0.0266926 0.0263717 9.9973E-05 0.0759948 9.9973E-05 0.870641
9.9973E-05 0.0892179 0.0195088 9.9973E-05 0.00445739 9.9973E-05 0.886516
9.9955E-05 0.035036 9.9955E-05 9.9955E-05 9.9955E-05 9.9955E-05 0.964464
0.0102506 9.9973E-05 0.0325594 9.9973E-05 0.0115938 9.9973E-05 0.945296
0.0269875 0.0153005 9.9982E-05 0.064173 0.02246 9.9982E-05 0.870879
9.9964E-05 0.0242273 9.9964E-05 0.0821896 9.9964E-05 9.9964E-05 0.893183
0.0191853 0.109881 0.855686 0.0149483 9.9973E-05 9.9973E-05 9.9973E-05
9.9982E-05 0.00696171 0.793255 0.0501331 9.9982E-05 0.113173 0.0362775
9.9982E-05 0.120373 0.759561 0.0640555 9.9982E-05 0.0551233 0.000687525
9.9973E-05 0.0190789 0.762153 0.0696789 9.9973E-05 0.148789 9.9973E-05
0.00646827 0.13238 0.785552 0.0556969 9.9982E-05 9.9982E-05 0.0197029
9.9973E-05 9.9973E-05 0.37638 9.9973E-05 0.0514755 0.00138049 0.570464
0.0372165 9.9973E-05 0.408479 9.9973E-05 0.107621 9.9973E-05 0.446383
0.0706507 9.9964E-05 0.416739 9.9964E-05 9.9964E-05 9.9964E-05 0.512211
9.9973E-05 0.134845 0.774695 0.0354745 9.9973E-05 0.0546857 9.9973E-05
0.101196 9.9982E-05 0.305873 0.0102938 0.0226672 9.9982E-05 0.55977
0.03476 0.264895 0.192699 0.350289 0.154832 0.00242462 9.9991E-05
0.0416288 0.50986 0.0736266 0.273523 0.0223259 0.012382 0.0666544
0.0123049 0.508493 0.161736 0.278721 9.9982E-05 0.0385455 9.9982E-05
0.056069 0.331318 0.199541 0.278611 0.134261 9.9982E-05 9.9982E-05
9.9991E-05 0.462488 0.162642 0.184703 0.102511 0.0719665 0.0155889
9.9964E-05 9.9964E-05 0.42773 0.336359 0.235511 9.9964E-05 9.9964E-05
0.10857 0.373464 0.00947082 9.9991E-05 0.0669068 0.292271 0.149217
0.0807686 0.425286 0.0101158 9.9991E-05 0.285473 0.116933 0.0813242
9.9973E-05 0.171197 0.0784189 9.9973E-05 9.9973E-05 0.602876 0.147208
0.175896 0.441095 9.9982E-05 9.9982E-05 0.236822 0.0858528 0.0601343
0.145927 9.9973E-05 9.9973E-05 9.9973E-05 0.637595 0.143801 0.0723774
0.00263512 0.465184 0.13982 9.9982E-05 0.0720566 0.320104 9.9982E-05
0.00404417 0.43868 0.0277545 9.9991E-05 0.0929654 0.407982 0.0284732
0.126455 0.237557 0.0548944 9.9991E-05 0.0162778 0.451299 0.113416
0.120057 0.478199 9.9991E-05 0.0407772 0.0454109 0.224627 0.0908293
0.116297 0.0468896 9.9973E-05 9.9973E-05 0.372087 0.464427 9.9973E-05
9.9973E-05 0.476027 9.9973E-05 9.9973E-05 0.252031 0.0889897 0.182653
0.182694 0.492729 9.9982E-05 9.9982E-05 0.00652184 0.189295 0.128561
0.149498 0.386972 0.135558 0.133344 0.0609692 0.0464317 0.0872273
0.0737558 0.294449 9.9982E-05 9.9982E-05 0.219366 0.367658 0.0445717
0.0911892 0.408974 0.030356 0.0028759 0.0886688 0.28692 0.0910166
0.15818 0.292385 9.9991E-05 0.144053 0.19841 0.155794 0.0510786
0.151439 0.562521 9.9982E-05 9.9982E-05 0.112468 0.0400666 0.133305
0.139041 0.689004 9.9982E-05 0.0323623 9.9982E-05 0.0894691 0.0499232
0.0947677 0.447928 0.0965703 0.120953 9.9991E-05 0.149729 0.0899529
0.0907411 0.520396 0.118937 0.0154139 0.044574 0.0635081 0.14643
9.9973E-05 0.17164 0.788091 0.0373144 9.9973E-05 9.9973E-05 0.00265498
0.0394411 0.0520458 0.797789 0.0872059 0.0233177 9.9982E-05 9.9982E-05
9.9982E-05 0.0484556 0.735034 9.9982E-05 0.122306 0.0223788 0.0716264
0.142229 9.9973E-05 0.804399 0.0386588 9.9973E-05 9.9973E-05 0.0144128
9.9973E-05 0.154561 0.816266 9.9973E-05 9.9973E-05 0.0275809 0.00129302
0.0438911 0.0918128 0.0409163 9.9991E-05 0.0307032 0.638805 0.153771
0.0685184 0.506848 0.0743897 0.0401731 0.0144933 0.256765 0.0388127
0.0514365 0.559238 0.139158 0.149486 0.100482 9.9982E-05 9.9982E-05
0.0368801 0.612584 0.00581319 9.9991E-05 0.0439913 0.18327 0.117361
0.0322621 0.557859 0.0112772 9.9991E-05 0.0547661 0.134122 0.209613
9.9982E-05 0.260018 9.9982E-05 0.0392197 0.236439 0.337432 0.126691
9.9973E-05 9.9973E-05 0.101385 9.9973E-05 0.128797 0.516884 0.252634
0.0436081 0.529324 9.9991E-05 0.0339123 0.023845 0.149575 0.219636
0.0607641 0.0773457 0.0396937 0.0616941 0.0862998 0.405253 0.26895
0.186695 0.425698 0.00572035 0.0897698 0.130108 0.00973975 0.15227
0.119454 9.9982E-05 0.143966 9.9982E-05 0.0574755 0.482669 0.196236
0.000158835 0.603249 0.110762 0.0264832 9.9991E-05 0.113429 0.145818
0.0603946 0.0728053 0.0674108 0.00854616 0.0290444 0.574227 0.187572
9.9991E-05 0.264909 0.00952694 0.0674515 0.170192 0.360659 0.127161
9.9991E-05 0.569682 0.0185807 0.0267049 0.22394 0.00215065 0.158841
9.9982E-05 0.351269 0.00307215 9.9982E-05 0.491653 0.0437012 0.110104
0.0310171 0.466838 0.0254205 0.0584597 0.226219 0.0889817 0.103064
0.171539 0.506517 0.0410531 9.9991E-05 0.152019 0.0213667 0.107406
0.00343017 0.365944 9.9973E-05 9.9973E-05 0.511669 9.9973E-05 0.118658
0.123133 0.517356 0.0236477 0.0419812 0.224648 0.033228 0.0360064
0.0613043 0.571357 0.0568503 9.9982E-05 0.222189 9.9982E-05 0.0880994
0.0623768 0.15596 9.9982E-05 9.9982E-05 0.635104 0.0294198 0.116939
0.0403128 0.339866 9.9973E-05 9.9973E-05 0.609799 0.00972235 9.9973E-05
0.000859284 0.59103 9.9973E-05 9.9973E-05 0.314961 9.9973E-05 0.0928501
0.0691259 0.207326 9.9982E-05 9.9982E-05 0.54764 0.0372053 0.138502
0.0473097 0.448354 0.00271169 9.9991E-05 0.244699 0.181183 0.0756421
0.158299 0.0534767 0.00542106 9.9982E-05 9.9982E-05 0.50466 0.277943
0.0841576 0.23794 9.9991E-05 0.00867399 0.223527 0.345617 0.0999849
0.0288752 0.244309 0.0103426 0.0769209 9.9991E-05 0.444866 0.194587
9.9991E-05 0.613495 0.0311108 0.0753539 0.0165706 0.177811 0.0855589
0.198285 0.115194 9.9973E-05 9.9973E-05 9.9973E-05 0.518809 0.167411
9.9991E-05 0.461463 0.00252228 0.132982 0.153585 0.122911 0.126437
0.136744 0.515531 0.0715829 0.0811666 0.0238112 0.0139902 0.157174
0.0312872 0.473398 0.0454778 9.9991E-05 0.0505595 0.365357 0.0338209
0.0372829 0.332141 9.9991E-05 0.176056 0.0160793 0.276445 0.161896
0.190982 0.33861 0.0373619 0.067188 9.9991E-05 0.106281 0.259477
0.112766 0.102771 9.9982E-05 0.0583532 9.9982E-05 0.521839 0.204071
0.0183273 0.35133 9.9991E-05 0.0612446 0.0493288 0.23309 0.28658
9.9982E-05 0.574588 9.9982E-05 0.0310485 0.00546667 0.259756 0.12894
0.0696639 0.511883 0.0371331 0.0145102 9.9991E-05 0.337122 0.0295881
0.050729 0.390108 9.9991E-05 0.0460902 0.170029 0.218396 0.124548
0.0809052 0.54931 0.00154121 0.0225553 0.0356707 0.178887 0.131131
9.9991E-05 0.349197 0.0405575 0.0490302 0.0937619 0.274023 0.19333
0.0866584 0.511349 0.0200668 0.0463615 9.9991E-05 0.180737 0.154728
0.031584 0.405292 0.0324679 0.111733 9.9991E-05 0.318738 0.100086
0.0772662 0.428594 0.0518547 0.086885 0.0749278 0.190664 0.0898084
0.0210912 0.42041 0.314546 0.150556 0.0182754 0.0750217 9.9991E-05
9.9982E-05 0.477806 0.0773412 0.26087 0.131554 0.0522291 9.9982E-05
0.0356535 0.503932 0.117491 0.125476 0.0541359 0.163212 9.9991E-05
0.0981696 0.471104 0.0774577 0.178535 9.9982E-05 0.174534 9.9982E-05
0.00455965 0.472956 0.152359 0.156536 0.0244717 0.189018 9.9991E-05
9.9973E-05 0.330593 9.9973E-05 0.0235093 0.209716 0.435882 9.9973E-05
0.141536 0.486939 0.193104 0.110333 0.0627255 9.9991E-05 0.00526274
0.10233 9.9982E-05 0.232206 0.15 0.421126 0.0941391 9.9982E-05
9.9982E-05 0.465478 0.0865976 0.119663 0.0713682 0.256694 9.9982E-05
0.143407 0.486604 0.0870328 0.151548 9.9991E-05 0.10174 0.0295689
0.0995442 0.391088 0.0366178 0.23617 0.0789484 0.125712 0.0319202
0.0383753 0.22983 0.164982 0.160404 0.197032 0.209277 9.9991E-05
0.161297 0.368537 0.144101 0.167706 0.0231591 0.1351 9.9991E-05
9.9982E-05 0.517105 0.10272 0.15412 0.173701 0.0521543 9.9982E-05
9.9964E-05 9.9964E-05 0.45455 0.217252 0.327798 9.9964E-05 9.9964E-05
9.9982E-05 0.435509 0.205106 0.296607 9.9982E-05 0.0599635 0.00261408
0.00321434 0.542893 0.145522 0.191243 0.085948 9.9991E-05 0.0310793
0.0532342 0.578867 0.0719636 0.117227 0.082843 0.0647525 0.0311136
9.9991E-05 0.548036 0.147352 0.170556 0.0244298 0.0630899 0.0464366
9.9991E-05 0.474307 0.187878 0.134329 0.133539 0.0587161 0.0111313
0.111346 0.517684 0.00363493 0.0306154 0.193304 0.0514096 0.0920063
0.0254 0.527571 0.00194738 0.045416 0.171108 0.156434 0.0721235
0.268255 0.0204521 9.9982E-05 9.9982E-05 0.563033 0.131444 0.0166164
0.222947 0.039311 9.9982E-05 9.9982E-05 0.659309 0.0295365 0.0486968
0.176122 0.380328 9.9982E-05 0.160706 0.230426 0.052218 9.9982E-05
9.9991E-05 0.42839 0.12246 0.228627 0.14721 0.0617249 0.0114882
9.9973E-05 0.346278 0.0744733 0.374554 0.204395 9.9973E-05 9.9973E-05
9.9982E-05 0.204236 0.175082 0.310464 0.300058 0.00995884 9.9982E-05
9.9982E-05 0.282093 0.154004 0.257562 0.169766 0.136375 9.9982E-05
9.9982E-05 0.146427 0.0435431 0.100649 0.681121 9.9982E-05 0.0280594
0.0453468 0.230517 0.0798649 0.090224 0.553848 9.9982E-05 9.9982E-05
0.0685919 0.498052 0.0180648 0.153888 0.187685 0.0736187 9.9991E-05
0.0544059 0.5261 0.0457548 0.0696336 0.303906 9.9982E-05 9.9982E-05
0.0336948 0.337606 0.0694339 0.0614534 0.482719 9.9991E-05 0.0149929
0.102555 0.498435 0.0319093 0.111851 0.16178 0.0208685 0.0726011
0.0172613 0.59544 9.9982E-05 0.0559862 0.255182 9.9982E-05 0.0759311
0.0429126 0.480361 0.0840943 0.096879 0.0385138 0.167632 0.089607
0.0509584 0.418506 0.00916424 9.9991E-05 0.333232 0.133064 0.0549759
0.151062 0.352615 9.9991E-05 0.0371412 0.332258 0.111342 0.0154822
0.0932594 0.584383 0.0769209 9.9982E-05 0.213378 9.9982E-05 0.0318586
0.0767561 0.419566 9.9991E-05 0.0315881 0.278445 0.0677933 0.125751
0.0675873 0.440012 0.0346579 0.0320955 0.319237 0.0531486 0.0532615
0.0115286 0.525119 9.9973E-05 9.9973E-05 0.432936 0.0301167 9.9973E-05
0.0611643 0.28324 9.9982E-05 9.9982E-05 0.508256 0.0479108 0.0992291
0.124223 0.584258 9.9982E-05 0.02771 0.212587 9.9982E-05 0.0510217
0.131478 0.277528 9.9982E-05 9.9982E-05 0.431174 0.108931 0.0506891
0.0197789 0.50183 0.0101644 0.0161399 0.381048 0.0206584 0.0503811
0.149534 0.538157 0.0815399 0.103824 0.0392037 0.0731082 0.0146334
0.206997 0.463824 9.9991E-05 0.07373 0.176624 0.0356786 0.043047
0.0246281 0.487201 0.155737 0.0950297 0.137675 0.0996286 9.9991E-05
9.9991E-05 0.381835 0.198943 0.158658 0.207878 0.00654974 0.0460352
9.9982E-05 0.312927 0.188793 0.229652 0.237012 9.9982E-05 0.0314157
9.9991E-05 0.340723 0.189138 0.213954 0.116194 0.0793342 0.0605562
0.0357915 0.47978 0.152339 0.173992 0.111902 0.00957441 0.0366214
0.012423 0.522571 0.09312 0.126667 0.120472 0.0248738 0.0998733
9.9982E-05 0.00324736 0.133068 0.167501 0.618775 9.9982E-05 0.0772086
9.9982E-05 0.690533 0.0574144 0.124658 0.124554 9.9982E-05 0.00264035
9.9964E-05 9.9964E-05 0.362251 0.136057 0.501293 9.9964E-05 9.9964E-05
9.9973E-05 0.604316 0.0393525 0.15518 0.200851 9.9973E-05 9.9973E-05
0.238745 0.132707 9.9964E-05 9.9964E-05 0.628148 9.9964E-05 9.9964E-05
0.280483 9.9964E-05 9.9964E-05 9.9964E-05 0.654635 0.064482 9.9964E-05
0.128401 0.47896 9.9973E-05 9.9973E-05 0.345865 0.0464734 9.9973E-05
0.0741623 0.65639 0.0223629 0.00634838 0.240536 9.9982E-05 9.9982E-05
0.137553 0.418394 9.9973E-05 9.9973E-05 0.358897 0.0848559 9.9973E-05
0.220806 0.43169 9.9982E-05 0.0359577 0.212614 0.0987323 9.9982E-05
0.074543 0.568545 9.9973E-05 9.9973E-05 0.328075 0.0285377 9.9973E-05
9.9982E-05 0.0599997 0.777835 0.0718991 0.0647155 0.0253509 9.9982E-05
9.9982E-05 9.9982E-05 0.655148 0.131789 0.0607563 0.0250252 0.127082
9.9973E-05 9.9973E-05 0.897963 0.0647592 9.9973E-05 0.00429046 0.0326874
9.9964E-05 0.0691901 0.910145 9.9964E-05 0.020265 9.9964E-05 9.9964E-05
0.347824 0.467631 0.0290662 0.0222933 0.010198 0.122888 9.9991E-05
0.387413 0.385258 0.0550358 0.104283 9.9991E-05 0.0466389 0.0212715
0.50848 0.406717 9.9973E-05 0.0209371 9.9973E-05 0.0635668 9.9973E-05
0.266646 0.51737 0.0798155 9.9973E-05 9.9973E-05 0.135869 9.9973E-05
0.283048 0.481828 0.081911 0.00585019 0.0433117 9.9991E-05 0.103951
0.611756 0.109917 0.00422318 0.0331213 0.125756 0.0681152 0.0471112
0.374777 0.472505 9.9973E-05 0.0733893 9.9973E-05 0.0790292 9.9973E-05
0.470652 0.303098 0.0057659 9.9973E-05 0.220184 9.9973E-05 9.9973E-05
9.9973E-05 0.448221 0.266779 0.194255 9.9973E-05 0.0904459 9.9973E-05
0.4261 0.362135 9.9991E-05 0.0799285 0.0798411 0.0428771 0.00901879
0.599117 0.239108 9.9982E-05 0.00943755 9.9982E-05 0.0699637 0.0821736
0.440346 0.486279 9.9973E-05 0.0117403 9.9973E-05 0.0613348 9.9973E-05
0.49638 0.377616 0.0195062 9.9982E-05 9.9982E-05 0.0971868 0.00911144
0.414712 0.501651 9.9973E-05 0.0160905 0.0672467 9.9973E-05 9.9973E-05
0.376096 0.523344 0.0625644 0.00550772 9.9982E-05 9.9982E-05 0.0322885
0.845209 0.0435418 9.9964E-05 9.9964E-05 0.11085 9.9964E-05 9.9964E-05
0.633725 0.116164 0.00452928 0.0550284 0.135598 0.0548552 9.9991E-05
0.66955 0.279169 0.0212477 0.00618465 9.9982E-05 9.9982E-05 0.0236484
0.739926 9.9955E-05 9.9955E-05 9.9955E-05 0.259574 9.9955E-05 9.9955E-05
0.475977 0.367808 0.0258473 0.034012 9.9991E-05 0.0540287 0.0422272
0.660259 0.0677869 9.9982E-05 0.00236949 0.247284 9.9982E-05 0.0221001
0.687683 9.9955E-05 9.9955E-05 9.9955E-05 0.311818 9.9955E-05 9.9955E-05
0.292202 0.562293 0.0222326 0.0529545 9.9991E-05 0.0561654 0.0140525
0.706249 0.137494 0.0645846 9.9991E-05 0.0113769 0.0789424 0.00125281
0.404867 0.353081 9.9982E-05 0.0878465 9.9982E-05 0.0670543 0.0869508
0.24008 0.623571 0.114015 9.9982E-05 0.0104663 9.9982E-05 0.0116676
0.394273 0.50031 9.9973E-05 9.9973E-05 9.9973E-05 0.086095 0.0190219
0.0204808 0.373863 9.9991E-05 0.0186414 0.236198 0.25371 0.0970066
0.405453 0.369946 9.9982E-05 0.111349 0.0465473 9.9982E-05 0.0665053
0.416951 0.364704 0.0256359 0.0291881 9.9991E-05 0.148725 0.0146959
0.721706 0.26334 9.9964E-05 9.9964E-05 0.0145539 9.9964E-05 9.9964E-05
0.208728 0.466754 0.0547392 0.0683071 0.123638 9.9991E-05 0.0777345
9.9973E-05 9.9973E-05 0.633521 9.9973E-05 0.0896758 0.125442 0.151062
0.114587 0.00349784 0.771042 9.9982E-05 9.9982E-05 0.0560231 0.0546503
9.9973E-05 9.9973E-05 0.796839 9.9973E-05 0.102803 0.0293893 0.0706696
0.0367933 9.9973E-05 0.787909 9.9973E-05 0.0445909 9.9973E-05 0.130406
9.9982E-05 0.076617 0.69396 9.9982E-05 0.00625837 0.021134 0.20183
0.752216 0.00479329 0.0284643 0.0596337 9.9991E-05 0.086619 0.0681735
0.738958 0.0734486 0.112772 9.9991E-05 0.0275335 0.0179759 0.0292115
0.761799 0.108926 9.9964E-05 9.9964E-05 0.128875 9.9964E-05 9.9964E-05
0.123269 0.588575 0.0898537 9.9991E-05 0.121331 0.0265683 0.050303
0.210982 0.546954 0.0835468 9.9982E-05 0.0927527 9.9982E-05 0.0655646
0.559388 0.247638 0.0283095 0.0323143 0.109374 0.022877 9.9991E-05
0.303638 0.54576 0.026304 0.0483598 0.0691771 0.00666097 9.9991E-05
0.511778 0.332764 0.0741664 0.0239479 0.0172488 0.0399949 9.9991E-05
0.310883 0.529605 0.030986 0.0628673 9.99975E-05 0.0135166 0.0520422
0.301021 0.466746 0.0518964 0.0586044 9.9982E-05 0.121532 9.9982E-05
0.661564 0.176133 9.9982E-05 0.0412184 9.9982E-05 0.0534795 0.0674051
0.584844 0.27503 9.9964E-05 9.9964E-05 9.9964E-05 0.139726 9.9964E-05
0.60622 0.289275 9.9973E-05 9.9973E-05 9.9973E-05 0.0771964 0.0270089
0.039649 0.613594 0.0957871 9.9982E-05 0.16307 9.9982E-05 0.0876995
0.598232 0.382475 9.9964E-05 9.9964E-05 9.9964E-05 0.0188931 9.9964E-05
0.480963 0.381495 0.0703966 0.0161659 9.9991E-05 0.0430347 0.00784522
9.9982E-05 0.477402 0.00283747 0.414946 0.00248418 9.9982E-05 0.102131
9.9982E-05 0.391496 0.0330613 0.406368 0.14153 9.9982E-05 0.0273448
0.00862784 0.503538 0.0918306 0.377667 9.9982E-05 9.9982E-05 0.0181371
9.9982E-05 0.314284 0.166715 0.427934 0.0570047 0.0338616 9.9982E-05
0.0681359 0.396391 0.116942 0.31254 0.000829146 0.019072 0.0860898
0.364087 0.393341 0.0360895 0.0515305 0.154752 9.9982E-05 9.9982E-05
9.9973E-05 0.115423 0.247105 0.571907 0.0652657 9.9973E-05 9.9973E-05
0.0146221 0.311381 0.186261 0.433275 9.9982E-05 0.0542607 9.9982E-05
0.225775 0.311175 0.192404 0.175189 0.0952565 9.9982E-05 9.9982E-05
9.9973E-05 0.60012 0.107472 9.9973E-05 0.281302 0.0108066 9.9973E-05
0.0513263 0.47275 0.111366 9.9982E-05 0.219746 9.9982E-05 0.144612
0.00663219 0.580184 0.116378 9.9991E-05 0.148619 0.0519263 0.0961599
0.00713753 0.657564 0.114454 9.9982E-05 0.136415 9.9982E-05 0.08423
0.0043684 0.385484 0.18986 0.40375 0.0163371 9.9982E-05 9.9982E-05
0.0172827 0.377824 0.0891421 0.359651 0.0389049 0.112206 0.00498889
9.9964E-05 0.51445 0.107264 0.377886 9.9964E-05 9.9964E-05 9.9964E-05
9.9982E-05 0.477782 0.0742753 0.311384 0.0267037 9.9982E-05 0.109655
0.0119139 0.281674 0.126769 0.531531 9.9982E-05 0.0479125 9.9982E-05
0.0291305 0.3846 0.0930552 0.361512 0.0196393 9.9991E-05 0.111962
9.9982E-05 0.230097 0.129393 0.588663 0.0112014 9.9982E-05 0.0404464
9.9991E-05 0.364923 0.0619443 0.415668 0.0503474 0.022498 0.0845202
0.0449012 0.537352 0.0230737 0.0301425 0.268879 0.0275484 0.0681035
0.0447555 0.277977 0.139584 0.333504 0.0418095 0.0461676 0.116202
9.9973E-05 0.180555 0.180296 0.613021 0.0258277 9.9973E-05 9.9973E-05
0.0743774 0.276629 0.114703 0.351416 0.0489353 0.0707454 0.063195
0.0520314 0.241714 0.139431 9.9991E-05 0.201651 0.122355 0.242717
0.0293639 0.563807 0.0238128 0.0583104 0.170224 0.154382 9.9991E-05
9.9982E-05 0.467962 0.162139 0.244569 0.00929373 9.9982E-05 0.115837
0.00633932 0.577265 0.0830889 0.0598097 0.139618 0.0712979 0.0625802
0.152823 0.488348 0.171728 9.9991E-05 0.11034 0.075592 0.00106977
0.0975069 0.315321 0.192504 0.188204 0.134394 9.9991E-05 0.0719708
0.0355971 0.308869 0.239321 0.276235 0.139777 9.9982E-05 9.9982E-05
0.119265 0.5632 0.0770358 0.114384 0.0506111 0.075405 9.9991E-05
0.131613 0.241699 0.0879478 0.45235 0.0456545 0.0406354 9.9991E-05
9.9973E-05 0.443119 0.0988698 0.422284 0.0354278 9.9973E-05 9.9973E-05
9.9982E-05 0.18414 0.213442 0.552595 0.0399234 0.00969967 9.9982E-05
0.10653 0.630124 0.0962455 0.0246569 0.142243 9.9982E-05 9.9982E-05
0.0157745 0.47899 0.122725 9.9991E-05 0.253929 0.111625 0.0168567
9.9973E-05 0.26113 0.104447 9.9973E-05 0.595198 9.9973E-05 0.0389254
0.0921327 0.583282 0.0974863 0.108905 0.0400748 9.9991E-05 0.0780186
0.0518031 0.373186 0.107264 9.9991E-05 0.152002 0.267996 0.0476491
9.9973E-05 0.440414 0.212814 0.140062 9.9973E-05 0.206409 9.9973E-05
0.115129 0.345733 0.0826851 0.202384 0.150377 9.9991E-05 0.103591
9.9964E-05 9.9964E-05 0.347419 0.158621 0.49356 9.9964E-05 9.9964E-05
9.9964E-05 9.9964E-05 0.296691 0.133539 0.56937 9.9964E-05 9.9964E-05
9.9991E-05 0.25686 0.140316 0.136248 0.334068 0.13141 0.00099824
9.9973E-05 9.9973E-05 0.313347 0.201141 0.365463 0.119748 9.9973E-05
9.9964E-05 9.9964E-05 0.400792 0.243388 0.35542 9.9964E-05 9.9964E-05
0.0162275 0.375762 0.151763 0.136399 0.273902 0.012868 0.0330783
0.0112825 0.383263 0.207172 0.173704 0.187557 0.0369208 9.9991E-05
0.0414523 0.188565 0.268565 0.164621 0.252504 0.0262938 0.0579985
9.9982E-05 0.090714 0.280668 0.126776 0.41316 0.0884824 9.9982E-05
0.0361353 0.554899 0.111865 0.0428794 0.220618 9.9991E-05 0.0335036
0.0245175 0.174451 0.208688 0.131055 0.35512 0.106068 9.9991E-05
9.9964E-05 9.9964E-05 0.438356 0.0569236 0.50432 9.9964E-05 9.9964E-05
9.9991E-05 0.504033 0.105639 0.0984272 0.182029 0.0910542 0.0187185
0.0511356 0.313063 0.16043 0.249595 0.112173 0.0758242 0.0377782
0.0742965 0.460789 0.366797 0.0562572 9.9982E-05 0.0416612 9.9982E-05
9.9964E-05 0.623627 0.179976 0.195997 9.9964E-05 9.9964E-05 9.9964E-05
0.0448753 0.475248 0.166775 0.221427 0.0914747 9.9982E-05 9.9982E-05
9.9982E-05 0.499166 0.128623 0.268787 0.0823418 0.0208831 9.9982E-05
9.9982E-05 0.316916 0.345825 0.206383 0.0177719 0.112904 9.9982E-05
9.9982E-05 0.554707 0.232915 0.132188 0.00658559 0.0734042 9.9982E-05
0.101196 0.439882 0.243052 0.213755 9.9982E-05 0.00191471 9.9982E-05
0.0865304 0.243176 0.199952 0.296961 0.112442 0.0224005 0.0385378
0.329261 0.155432 0.173196 0.177033 0.0780675 0.0758011 0.0112102
9.9991E-05 0.507374 0.112014 0.114936 0.0887148 0.161024 0.0158371
9.9973E-05 0.516909 0.208675 0.0900886 9.9973E-05 0.184027 9.9973E-05
0.269199 0.483689 0.126725 0.0807128 9.9982E-05 0.0394743 9.9982E-05
9.9982E-05 0.393897 0.253082 0.220414 0.105085 0.0273206 9.9982E-05
0.0838612 0.524108 0.140111 0.176982 0.0747373 9.9982E-05 9.9982E-05
0.01209 0.168155 0.353134 0.223953 0.242468 9.9982E-05 9.9982E-05
0.0247766 0.541386 0.155108 0.178775 9.9982E-05 0.0997542 9.9982E-05
9.9973E-05 0.264252 0.277592 0.247169 0.210686 9.9973E-05 9.9973E-05
0.0621741 9.9982E-05 0.77415 0.015645 0.0277429 9.9982E-05 0.120088
0.0300353 0.103999 0.0617895 9.9991E-05 0.0175823 0.182493 0.604001
0.0489448 9.9964E-05 9.9964E-05 9.9964E-05 9.9964E-05 0.0611574 0.889498
9.9955E-05 9.9955E-05 9.9955E-05 9.9955E-05 9.9955E-05 0.18185 0.81765
9.9964E-05 0.0619746 9.9964E-05 9.9964E-05 9.9964E-05 0.0884659 0.84916
9.9973E-05 0.0762198 9.9973E-05 0.00968747 9.9973E-05 0.103436 0.810357
9.9964E-05 0.0769299 9.9964E-05 9.9964E-05 9.9964E-05 0.069708 0.852962
0.00284596 9.9973E-05 0.0059097 9.9973E-05 9.9973E-05 0.215196 0.775748
9.9973E-05 9.9973E-05 0.191256 0.0277647 9.9973E-05 0.0161806 0.764499
9.9973E-05 0.0703311 0.879901 9.9973E-05 9.9973E-05 0.0403362 0.00913167
9.9982E-05 0.00755563 0.798518 0.0316124 9.9982E-05 0.105067 0.0570464
0.0341312 0.0594155 0.899567 0.00658659 9.9973E-05 9.9973E-05 9.9973E-05
9.9964E-05 9.9964E-05 0.805551 9.9964E-05 0.00985271 0.184196 9.9964E-05
0.0407464 9.9973E-05 0.881142 0.0510709 9.9973E-05 0.026741 9.9973E-05
9.9973E-05 9.9973E-05 0.864347 0.0224238 0.0105799 9.9973E-05 0.102349
9.9991E-05 0.0621754 0.708808 0.10816 0.00488292 0.0544315 0.0614429
9.9982E-05 0.0530134 0.823741 0.0967144 0.0179398 9.9982E-05 0.00839108
9.9982E-05 0.0615278 0.679168 0.0980099 0.0551392 9.9982E-05 0.105955
0.00290085 9.9964E-05 0.906631 0.090068 9.9964E-05 9.9964E-05 9.9964E-05
0.0257627 9.9964E-05 0.93639 9.9964E-05 9.9964E-05 9.9964E-05 0.0374477
0.0251549 0.0147376 0.852305 0.0589015 0.00390041 0.00421119 0.0407897
9.9964E-05 0.0208378 0.911241 9.9964E-05 9.9964E-05 9.9964E-05 0.0675218
9.9973E-05 0.0812358 0.894274 0.0221175 9.9973E-05 9.9973E-05 0.00207284
0.0329404 0.0750062 0.840635 0.0352186 9.9982E-05 9.9982E-05 0.0159998
9.9964E-05 0.153289 0.840273 0.00603848 9.9964E-05 9.9964E-05 9.9964E-05
9.9964E-05 0.118888 0.771183 0.109529 9.9964E-05 9.9964E-05 9.9964E-05
9.9964E-05 0.157996 0.787967 0.0536379 9.9964E-05 9.9964E-05 9.9964E-05
0.0229234 0.0758138 0.813042 0.0879208 9.9973E-05 9.9973E-05 9.9973E-05
0.105766 0.413672 0.0755629 0.00778172 0.239128 0.00055857 0.15753
0.0816579 0.684504 0.0408441 9.9991E-05 0.048106 0.00507715 0.139711
0.0979247 0.511076 0.145963 0.0922114 0.0729367 0.0568691 0.0230198
0.0555244 0.215146 0.0545535 9.9982E-05 0.621448 9.9982E-05 0.0531285
0.0427631 0.559656 0.1598 9.9991E-05 0.103892 0.013091 0.120698
9.9982E-05 0.161221 0.111884 0.022174 0.6898 9.9982E-05 0.0147205
9.9982E-05 0.697157 0.0403822 0.0200681 0.171869 9.9982E-05 0.0703236
0.168869 0.398554 0.0409662 9.9991E-05 0.124427 0.0597256 0.207358
0.0317437 0.546798 0.0618494 9.9991E-05 0.164318 0.0782362 0.116955
0.340826 0.46202 0.0289021 0.00512686 0.104319 0.0484919 0.0103132
0.0300256 0.467619 0.0441308 9.9982E-05 0.189291 9.9982E-05 0.268733
0.0121821 0.656698 0.0777138 9.9982E-05 0.170372 9.9982E-05 0.082834
0.0323742 0.595982 0.105906 9.9982E-05 0.0841586 9.9982E-05 0.18138
0.0612894 9.9982E-05 9.9982E-05 0.0504022 0.259589 0.386159 0.24236
9.9964E-05 0.0269059 9.9964E-05 9.9964E-05 0.823844 9.9964E-05 0.148851
9.9973E-05 0.25775 0.00100643 9.9973E-05 0.630342 9.9973E-05 0.110602
9.9991E-05 0.57539 0.0466497 0.0400275 0.187292 0.0820335 0.0685077
0.0764671 0.534381 0.102957 0.0106984 0.256374 0.0190221 9.9991E-05
0.0781144 0.535693 0.125595 9.9973E-05 0.260298 9.9973E-05 9.9973E-05
0.0536971 0.764328 0.0369812 9.9973E-05 0.144694 9.9973E-05 9.9973E-05
