9.9991E-05 0.93524 0.00154413 0.0631156
9.9982E-05 0.918343 0.0814575 9.9982E-05
0.122586 0.855268 9.9991E-05 0.0220464
0.0543752 0.840333 0.0511184 0.054173
0.0274438 0.906709 9.9991E-05 0.0657476
0.0724757 0.667886 0.182672 0.0769669
9.9982E-05 0.92033 0.0794698 9.9982E-05
9.999E-05 0.735451 0.202847 0.0616023
9.9982E-05 0.847034 0.152766 9.9982E-05
0.103281 0.737317 0.0711367 0.088266
0.0747906 0.774697 0.150413 9.9991E-05
0.328943 0.0658877 0.513412 0.0917569
0.640273 0.113632 0.212571 0.0335244
0.336163 0.0910883 0.524729 0.0480191
0.348126 0.143221 0.338078 0.170576
0.434592 0.232159 0.254423 0.0788263
0.707573 0.121558 0.0939939 0.0768746
0.524751 0.082701 0.298435 0.094113
0.413608 0.147121 0.308389 0.130882
0.170951 0.151011 0.657589 0.02045
0.51609 0.0400674 0.386842 0.0570012
0.526568 0.0598913 0.320423 0.0931184
0.699207 0.00587127 0.221064 0.0738577
0.400496 0.0263162 0.485828 0.0873598
0.664141 0.120813 0.120049 0.0949976
0.634951 0.0632588 0.238083 0.0637077
0.272454 0.104739 0.559139 0.0636681
0.256967 0.11041 0.440705 0.191918
0.324052 0.100864 0.53143 0.0436541
0.101759 0.858061 9.9991E-05 0.0400793
0.14291 0.85689 9.9982E-05 9.9982E-05
0.127483 0.824857 9.9991E-05 0.0475595
0.203431 0.746905 9.9991E-05 0.0495642
0.720198 0.0414476 0.238255 9.9991E-05
0.70853 0.065119 0.135585 0.0907668
0.707669 0.0832372 0.208994 9.9991E-05
0.247027 0.160086 0.592787 9.9991E-05
0.486297 0.00447497 0.440718 0.06851
0.657722 0.0509436 0.244195 0.0471396
0.762512 0.0283721 0.0897139 0.119402
0.658132 0.13847 0.203298 9.9991E-05
0.677253 0.184495 0.138152 9.9991E-05
0.425508 0.0108435 0.563548 9.9991E-05
0.610554 0.0322283 0.225635 0.131582
0.654094 0.0343979 0.175595 0.135913
0.681617 0.247447 0.070836 9.9991E-05
0.539996 9.9982E-05 0.459804 9.9982E-05
0.787537 0.0462302 0.111736 0.0544968
0.666106 0.0324026 0.217654 0.0838375
0.0484536 0.125509 0.815227 0.0108113
0.313836 0.0377038 0.64836 9.9991E-05
0.150113 0.0276794 0.725442 0.0967652
0.604444 0.153726 0.194195 0.0476357
0.636976 0.135013 0.120034 0.107977
0.575792 9.9991E-05 0.254882 0.169227
0.298612 0.171067 0.53022 9.9991E-05
0.668424 0.087123 0.217076 0.0273768
0.599723 0.168268 0.0938865 0.138123
0.517021 0.15787 0.325009 9.9991E-05
0.135403 0.26281 0.557693 0.0440935
0.735795 0.0682136 0.195892 9.9991E-05
0.500411 0.1247 0.342174 0.0327159
0.174158 0.118432 0.70731 9.9991E-05
0.566899 9.9991E-05 0.384657 0.0483441
0.689397 0.0218633 0.194701 0.0940388
0.584319 0.132284 0.222522 0.0608745
0.378904 0.0895326 0.502245 0.0293176
0.60793 9.9991E-05 0.315759 0.0762115
0.555829 0.115392 0.218169 0.110609
0.338579 0.0897445 0.571576 9.9991E-05
0.745771 9.9982E-05 0.254029 9.9982E-05
0.452827 9.9982E-05 0.546973 9.9982E-05
0.574861 0.0981092 0.213425 0.113605
0.233891 9.9982E-05 0.765909 9.9982E-05
0.225927 9.9982E-05 0.773873 9.9982E-05
0.515506 9.9982E-05 0.484294 9.9982E-05
0.640152 9.9982E-05 0.359648 9.9982E-05
0.662698 0.138904 0.172044 0.0263543
0.605382 0.0487739 0.323217 0.0226268
0.422852 0.0242191 0.521619 0.03131
0.489414 0.0577088 0.452777 9.9991E-05
0.601221 0.110666 0.205194 0.0829188
0.538665 0.0383319 0.42205 0.000954046
0.622682 0.0940477 0.28317 9.9991E-05
0.566318 0.0114064 0.422175 9.9991E-05
0.235181 9.9991E-05 0.761246 0.00347306
0.665018 0.074297 0.186932 0.0737535
0.136933 0.854692 9.9991E-05 0.00827489
0.0914627 0.908337 9.9982E-05 9.9982E-05
0.0636178 0.892249 9.9991E-05 0.0440335
0.0307785 0.948211 9.9991E-05 0.02091
0.0710365 0.882608 9.9991E-05 0.0462556
0.0190635 0.921366 9.9991E-05 0.0594708
0.0388739 0.960926 9.9982E-05 9.9982E-05
0.520387 0.127723 0.224494 0.127395
0.517973 0.048334 0.270889 0.162805
0.280684 0.00480432 0.714412 9.9991E-05
0.535083 0.0756542 0.262359 0.126904
0.684861 0.0379467 0.277092 9.9991E-05
0.783398 0.0506306 0.165871 9.9991E-05
0.726882 0.0250672 0.235057 0.0129936
0.691673 0.0187533 0.243906 0.0456679
0.179871 0.0504191 0.76961 9.9991E-05
0.509018 0.223119 0.181128 0.0867349
0.762185 0.0601977 0.111686 0.065931
0.587415 0.102261 0.141056 0.169268
0.513081 0.0083327 0.478487 9.9991E-05
0.662788 9.9991E-05 0.331539 0.00557314
0.612789 0.0528544 0.326178 0.00817845
0.5076 9.9991E-05 0.403865 0.0884348
0.646555 0.0789832 0.274362 9.9991E-05
0.700123 0.127689 0.135856 0.0363324
0.323273 0.0507744 0.599042 0.0269106
0.501277 0.188012 0.26454 0.0461714
0.568959 0.110126 0.22193 0.0989849
0.662487 0.13746 0.109965 0.0900872
0.528987 0.117905 0.353008 9.9991E-05
0.600289 0.0150775 0.320331 0.0643028
0.586233 0.111566 0.302101 9.9991E-05
0.53949 0.150038 0.257782 0.0526908
0.622518 0.025046 0.228383 0.124053
0.667461 0.0712995 0.239003 0.0222365
0.567185 0.0102494 0.422466 9.9991E-05
0.722952 0.0335647 0.140638 0.102844
0.535438 0.107311 0.210384 0.146866
0.68669 0.0286028 0.182802 0.101906
0.567531 0.050961 0.273371 0.108137
0.568875 9.9991E-05 0.286385 0.14464
0.366633 0.118441 0.440958 0.0739683
0.652168 0.0623562 0.181621 0.103855
0.721809 0.0965566 0.116815 0.0648194
0.320842 0.0336372 0.533415 0.112106
0.213453 0.0778656 0.570046 0.138636
0.637603 0.0867005 0.220483 0.0552132
0.179943 9.9991E-05 0.734065 0.0858921
0.368653 0.098714 0.532533 9.9991E-05
0.566529 0.0461103 0.387261 9.9991E-05
0.494507 0.104209 0.401184 9.9991E-05
0.399155 0.0945701 0.500198 0.00607682
0.742301 0.105014 0.139739 0.0129452
0.67164 0.132983 0.136682 0.0586956
0.626264 0.0596782 0.303762 0.0102956
0.208465 0.0762032 0.625624 0.0897082
0.583332 0.187204 0.181415 0.0480492
0.570291 0.107202 0.197988 0.12452
0.0846647 0.200474 0.714762 9.9991E-05
0.707637 0.108206 0.125868 0.0582891
0.472059 0.135828 0.371049 0.0210636
0.506035 0.0785271 0.311094 0.104343
0.318137 0.105323 0.523632 0.0529083
0.284572 0.135382 0.579946 9.9991E-05
0.485346 0.024461 0.454313 0.0358807
0.530691 0.127023 0.225017 0.117269
0.438249 0.271698 0.229687 0.0603655
0.0579896 0.0528986 0.650868 0.238244
0.629093 0.0647574 0.212765 0.0933848
0.503879 0.00330659 0.492715 9.9991E-05
0.581892 9.9991E-05 0.384813 0.033195
0.61902 0.105754 0.146317 0.128909
0.167201 0.351104 0.204396 0.277299
9.9991E-05 0.61192 0.188312 0.199668
9.9991E-05 0.489675 0.305845 0.20438
0.0771455 0.387009 0.138468 0.397377
0.736486 9.9991E-05 0.189389 0.0740251
0.610643 0.102494 0.215271 0.0715923
0.327487 9.9982E-05 9.9982E-05 0.672313
0.385021 9.9991E-05 0.130444 0.484435
0.374311 0.0617721 0.16023 0.403687
0.436843 0.00501376 0.451885 0.106258
0.674475 0.122293 0.162935 0.0402972
0.292009 9.9991E-05 0.620906 0.0869854
0.638536 0.0741102 0.245295 0.0420587
0.534094 0.039324 0.34619 0.080392
0.644727 0.0407812 0.239922 0.0745692
0.294175 0.00821184 0.595893 0.10172
0.654789 0.12061 0.104868 0.119734
0.600878 0.13286 0.202898 0.063365
0.00343928 9.9991E-05 0.0032134 0.993247
0.101843 9.9982E-05 9.9982E-05 0.897957
0.291431 0.0805976 0.0201564 0.607815
0.365144 0.0150523 9.9991E-05 0.619703
0.161311 9.9982E-05 9.9982E-05 0.838489
9.998E-05 9.998E-05 9.998E-05 0.9997
0.00492432 9.9982E-05 9.9982E-05 0.994876
0.134253 9.9982E-05 9.9982E-05 0.865547
0.0381998 9.9982E-05 9.9982E-05 0.9616
9.998E-05 9.998E-05 9.998E-05 0.9997
9.998E-05 9.998E-05 9.998E-05 0.9997
0.163662 0.0388334 9.9991E-05 0.797405
0.150113 0.0429669 0.0135382 0.793382
0.0226409 9.9982E-05 9.9982E-05 0.977159
0.285503 0.151117 0.119679 0.443702
0.284791 0.02478 0.0292151 0.661214
0.16291 0.0804543 9.9991E-05 0.756536
0.146015 9.9982E-05 9.9982E-05 0.853785
9.998E-05 9.998E-05 9.998E-05 0.9997
0.0873044 0.0303217 9.9991E-05 0.882274
9.998E-05 9.998E-05 9.998E-05 0.9997
0.28658 0.0653035 0.0606201 0.587496
0.0362074 0.0287177 0.0320262 0.903049
9.9991E-05 0.35266 0.499244 0.147996
0.549318 0.21868 0.21427 0.017732
0.404594 0.273578 0.215118 0.10671
0.17338 0.264657 0.37536 0.186603
0.602527 0.168186 0.115839 0.113448
0.20415 0.280434 0.319876 0.195539
0.545073 0.167422 0.197138 0.0903674
0.384822 0.198459 0.198541 0.218177
0.36562 0.123424 0.257495 0.253462
0.382489 0.209257 0.159698 0.248556
0.563345 0.221633 0.0910666 0.123955
0.0232592 0.89034 0.0794619 0.00693904
9.9991E-05 0.921831 0.0222405 0.0558285
9.9982E-05 0.989663 0.0101369 9.9982E-05
0.0164253 0.983375 9.9982E-05 9.9982E-05
0.0461722 0.914131 0.00742617 0.0322706
9.9982E-05 0.894108 9.9982E-05 0.105692
9.9982E-05 0.892289 9.9982E-05 0.107511
9.9982E-05 0.935538 0.0642618 9.9982E-05
0.0320158 0.949423 9.9991E-05 0.0184612
9.9982E-05 0.889436 9.9982E-05 0.110364
9.9991E-05 0.644891 0.324622 0.0303866
9.9991E-05 0.656487 0.320349 0.0230643
9.9982E-05 0.582096 0.417704 9.9982E-05
9.9982E-05 0.577095 0.422706 9.9982E-05
0.630089 0.0435596 0.309703 0.0166478
0.606367 9.9991E-05 0.326286 0.0672468
0.701424 0.0513832 0.246608 0.000584563
0.570246 0.0547745 0.374879 9.9991E-05
0.301396 0.0402752 0.658229 9.9991E-05
0.760179 0.0185118 0.125619 0.09569
0.700046 0.0252039 0.235974 0.0387764
0.687271 0.0503876 0.244922 0.0174194
0.530943 9.9991E-05 0.41374 0.0552163
0.593271 0.0243124 0.248353 0.134064
0.590915 0.00432068 0.404664 9.9991E-05
0.135067 9.9982E-05 0.864733 9.9982E-05
0.539 0.0595016 0.351231 0.0502669
0.455126 9.9991E-05 0.53877 0.00600401
0.714213 9.9991E-05 0.255326 0.0303602
0.320016 0.0272141 0.65267 9.9991E-05
0.048852 0.266204 0.684844 9.9991E-05
0.119762 0.21776 0.662378 9.9991E-05
0.0998701 0.163954 0.736076 9.9991E-05
0.0169448 0.233358 0.749597 9.9991E-05
0.095382 0.125233 0.779285 9.9991E-05
0.135658 0.22188 0.642362 9.9991E-05
0.0924857 0.874843 9.9991E-05 0.032571
0.0611292 0.855658 0.0382192 0.0449935
0.0888372 0.775914 9.9991E-05 0.135149
0.0702317 0.796941 0.0212325 0.111595
0.0791104 0.820097 9.9991E-05 0.100693
9.9982E-05 0.474412 0.525388 9.9982E-05
9.9982E-05 0.554787 0.445013 9.9982E-05
0.0303642 0.517552 0.446639 0.00544495
0.125208 0.860815 9.9991E-05 0.0138766
0.00547696 0.466485 0.527938 9.9991E-05
0.309435 0.239927 0.0431495 0.407489
0.566575 0.158882 9.9991E-05 0.274443
0.516001 0.224658 9.9991E-05 0.259242
0.410596 0.247861 0.118541 0.223001
0.535272 0.278278 0.00543636 0.181013
9.9991E-05 0.472442 0.150933 0.376525
0.552062 0.0479855 0.399853 9.9991E-05
0.411276 0.05222 0.493564 0.0429395
0.357847 0.165159 0.476894 9.9991E-05
0.49074 0.0125648 0.417514 0.0791816
9.9982E-05 9.9982E-05 0.998445 0.00135542
0.50057 0.147262 0.25853 0.0936386
0.567813 0.0697576 0.317544 0.0448859
0.437797 0.131444 0.430659 9.9991E-05
0.591613 0.099302 0.177833 0.131252
0.214358 0.000919766 0.736936 0.0477862
0.552613 9.9991E-05 0.392771 0.0545151
0.676248 9.9991E-05 0.306858 0.0167942
0.436521 0.152623 0.221163 0.189692
0.45713 9.9991E-05 0.494609 0.0481615
0.538068 0.0889291 0.345114 0.0278889
0.615356 0.0283705 0.254417 0.101857
0.659179 9.9991E-05 0.335139 0.0055821
0.693083 0.0446578 0.161671 0.100587
0.54559 0.0843119 0.230803 0.139296
0.671319 0.0670271 0.173124 0.0885298
0.102664 0.800754 9.9991E-05 0.0964823
0.0915162 0.882521 9.9991E-05 0.0258632
0.0738937 0.824676 0.0824718 0.0189586
0.0640694 0.882629 0.00766889 0.0456327
0.124261 0.849141 9.9991E-05 0.0264985
0.328907 0.10269 0.568303 9.9991E-05
0.581804 0.0925968 0.255458 0.070141
0.505747 0.249028 0.0447891 0.200436
0.743671 0.0774246 0.137754 0.0411508
0.600617 0.10631 0.292973 9.9991E-05
0.292889 0.0803895 0.530077 0.0966448
0.0834324 0.213286 0.703182 9.9991E-05
0.559495 0.079436 0.319859 0.0412102
0.271843 0.124857 0.577165 0.0261348
0.403201 0.108337 0.418056 0.0704071
0.189597 0.21035 0.581702 0.0183498
0.665693 0.20631 0.0760753 0.0519225
0.276034 0.167067 0.556799 9.9991E-05
0.339528 0.0685995 0.464904 0.126969
0.540902 0.114337 0.263314 0.0814462
0.310773 0.0613723 0.52924 0.0986147
0.622384 0.117742 0.226945 0.0329285
0.574379 0.160876 0.179221 0.085524
0.463641 0.0262312 0.490266 0.0198616
0.418448 0.0753677 0.353234 0.15295
0.6885 0.0823815 0.229019 9.9991E-05
0.210799 9.9982E-05 0.789001 9.9982E-05
0.347397 0.0134814 0.61737 0.0217513
0.517941 9.9991E-05 0.387667 0.0942921
0.29969 0.028136 0.672074 9.9991E-05
0.556356 0.0523917 0.391152 9.9991E-05
0.250782 0.136109 0.613009 9.9991E-05
0.329736 9.9991E-05 0.596824 0.0733399
0.372989 0.0739782 0.440577 0.112456
0.713567 0.0330212 0.161355 0.0920572
0.362023 9.9991E-05 0.617286 0.0205908
0.438014 0.0975133 0.277464 0.187009
0.667708 0.0444935 0.188286 0.0995126
0.621042 0.00229364 0.281052 0.0956124
0.59639 0.0744874 0.268805 0.0603172
0.535335 0.120418 0.344147 9.9991E-05
0.333165 0.0339678 0.554994 0.0778729
0.431649 0.0694854 0.394605 0.104261
0.652068 0.00191232 0.267146 0.0788729
0.581514 0.154642 0.238141 0.0257024
0.393763 0.117088 0.371767 0.117382
0.554051 0.00228054 0.335447 0.108222
0.385635 0.0906161 0.422369 0.10138
0.690232 0.0474158 0.19866 0.0636925
0.572965 0.0591693 0.230545 0.137321
0.489465 0.110223 0.28694 0.113372
0.526531 0.402554 9.9991E-05 0.0708149
0.513549 0.16414 0.0850758 0.237235
0.427552 0.204762 0.129246 0.23844
0.609358 0.0650682 0.121669 0.203905
0.454601 0.186932 0.0888528 0.269613
0.466016 9.9991E-05 0.431883 0.102001
0.643843 0.194228 0.0957213 0.0662078
9.9991E-05 0.27838 0.460518 0.261002
0.469614 0.149709 0.161752 0.218926
0.621048 0.130606 0.0641399 0.184206
0.504118 0.0904186 0.142061 0.263402
0.354328 0.214708 0.278983 0.151981
0.613996 0.169411 0.0692067 0.147386
0.482478 0.131603 0.114129 0.27179
9.9991E-05 0.520541 0.228488 0.250871
0.532247 0.230902 9.9991E-05 0.236751
0.528286 0.201127 0.00414581 0.266441
0.662951 0.143959 0.0397988 0.153292
0.552328 0.198593 0.0118208 0.237258
0.580513 0.21716 0.055193 0.147134
0.467538 9.9991E-05 0.389131 0.143231
0.640932 0.112942 0.214819 0.0313065
0.151568 9.9991E-05 0.794276 0.0540559
0.14132 9.9991E-05 0.817274 0.0413059
0.465134 0.0627947 0.337714 0.134358
0.405175 0.1334 0.0793223 0.382102
0.35744 0.0527052 0.168242 0.421612
0.168616 0.23017 0.267589 0.333625
0.40765 0.236855 0.0540206 0.301474
0.110997 0.0523225 0.633574 0.203107
0.177796 0.0625003 0.533813 0.225891
0.567233 9.9991E-05 0.185651 0.247016
0.561193 0.0530186 0.257745 0.128044
0.277556 0.0579804 0.459503 0.204961
0.53168 0.0227937 0.224762 0.220765
0.522685 0.0376729 0.209701 0.229941
0.427075 0.0712963 0.254229 0.2474
0.461402 0.019241 0.519257 9.9991E-05
0.448896 9.9991E-05 0.501758 0.0492455
0.695651 0.0434883 0.21706 0.0438004
0.489353 0.0423565 0.370691 0.0975998
0.447746 0.0500798 0.314107 0.188066
0.498902 9.9991E-05 0.481723 0.0192747
0.268313 9.9991E-05 0.688459 0.0431283
0.67683 0.0317895 0.173223 0.118158
0.326457 9.9991E-05 0.601853 0.0715897
0.540945 9.9991E-05 0.404918 0.0540366
0.738869 0.0989968 0.162034 9.9991E-05
0.613299 9.9991E-05 0.330647 0.0559544
0.448573 0.156348 0.133469 0.26161
0.339276 0.165491 0.233658 0.261575
0.357038 0.162886 0.176971 0.303106
0.282665 0.16782 0.276234 0.273282
0.531653 0.219186 0.105847 0.143314
0.438615 0.108536 0.213471 0.239377
9.9991E-05 0.158837 0.547507 0.293556
0.626006 0.0871667 0.0473139 0.239513
9.9991E-05 0.400987 0.37015 0.228764
0.536645 0.0878811 0.125313 0.250161
0.293277 9.9982E-05 0.706523 9.9982E-05
0.0221258 9.9991E-05 0.906186 0.0715882
0.603916 9.9991E-05 0.359861 0.0361233
0.778416 9.9991E-05 0.179181 0.0423031
0.549093 9.9991E-05 0.429924 0.0208828
0.608361 9.9991E-05 0.325152 0.0663863
0.654666 9.9991E-05 0.259735 0.0854988
0.0955459 0.80728 0.035834 0.0613403
9.9991E-05 0.790681 0.0937148 0.115504
9.9982E-05 0.94126 9.9982E-05 0.0585404
0.0306034 0.969197 9.9982E-05 9.9982E-05
0.643655 0.0295396 0.309401 0.0174046
0.568147 0.0501015 0.300363 0.0813876
0.674784 9.9982E-05 0.325016 9.9982E-05
0.772971 0.105413 0.106228 0.0153884
0.618184 0.0755339 0.246845 0.0594369
0.45761 9.9982E-05 0.54219 9.9982E-05
0.734539 9.9991E-05 0.225678 0.0396829
0.585806 9.9982E-05 0.413994 9.9982E-05
0.490703 0.292915 0.013945 0.202438
0.575012 9.9991E-05 0.377521 0.047367
0.580702 9.9982E-05 0.419098 9.9982E-05
0.69089 0.00498549 0.304025 9.9991E-05
0.687568 9.9982E-05 0.312232 9.9982E-05
0.769824 9.9982E-05 0.229976 9.9982E-05
0.788532 0.0558826 0.155486 9.9991E-05
0.374277 9.9982E-05 0.625523 9.9982E-05
0.45257 9.9982E-05 0.54723 9.9982E-05
0.53146 0.0158671 0.452573 9.9991E-05
0.170201 9.9991E-05 0.815809 0.0138894
0.591602 0.0296329 0.378665 9.9991E-05
0.288269 9.9991E-05 0.66448 0.0471512
0.141413 9.9991E-05 0.822935 0.0355515
0.673082 0.0660694 0.249853 0.010995
0.433414 0.0278812 0.538605 9.9991E-05
0.641376 9.9991E-05 0.356192 0.00233177
0.637792 0.0792672 0.170843 0.112097
0.609837 0.0137922 0.333238 0.0431323
0.333915 9.9991E-05 0.511806 0.154179
0.732546 0.00939941 0.255469 0.0025855
0.644795 0.0899981 0.265107 9.9991E-05
0.562 9.9982E-05 0.4378 9.9982E-05
0.567694 0.0923829 0.261905 0.0780183
0.0568222 0.711087 0.23199 9.9991E-05
0.0632249 0.806123 0.130552 9.9991E-05
9.9982E-05 0.835862 0.163938 9.9982E-05
9.9982E-05 0.829687 0.170113 9.9982E-05
0.0548799 0.799368 0.145653 9.9991E-05
0.384138 0.0355408 0.580221 9.9991E-05
0.345011 0.0262186 0.628671 9.9991E-05
0.421793 9.9982E-05 0.578007 9.9982E-05
0.567851 0.163819 0.166171 0.102159
0.666483 0.154213 0.154379 0.0249256
0.528396 0.0397883 0.431715 9.9991E-05
0.740855 9.9991E-05 0.176017 0.0830277
0.589287 0.0506752 0.309593 0.050445
0.694744 0.000810616 0.263035 0.0414101
0.755904 0.045128 0.175099 0.0238699
0.482291 0.00363804 0.513971 9.9991E-05
0.624227 9.9982E-05 0.375573 9.9982E-05
0.604636 9.9982E-05 0.395164 9.9982E-05
0.741049 0.151956 0.0846868 0.0223088
0.634872 0.019126 0.345902 9.9991E-05
0.640053 0.0782135 0.281634 9.9991E-05
0.376991 0.0909864 0.132703 0.39932
0.282834 0.0825235 0.0827341 0.551908
0.379187 0.142626 9.9991E-05 0.478087
0.265437 0.15522 0.0136139 0.565729
0.452751 0.133997 0.102022 0.31123
0.676604 0.0171815 0.282575 0.0236388
0.0546576 0.280761 9.9991E-05 0.664482
0.319984 0.165812 9.9991E-05 0.514104
0.480515 0.135155 0.19864 0.185689
0.661331 0.198227 0.140342 9.9991E-05
0.472457 0.168381 0.300744 0.0584168
0.550577 0.16007 0.196998 0.0923553
0.702871 0.130465 0.151604 0.01506
0.364585 0.218891 9.9991E-05 0.416424
0.369705 0.224851 0.0036293 0.401815
0.402813 0.0769055 9.9991E-05 0.520182
0.521618 0.147151 0.0319767 0.299255
0.283734 0.147932 0.0444506 0.523884
0.507896 0.115516 0.0617414 0.314847
0.176679 0.128964 0.0649997 0.629358
0.44031 0.122516 9.9991E-05 0.437073
0.556303 0.105974 0.264843 0.0728801
0.408744 0.154185 0.0813786 0.355692
0.187503 0.192878 9.9991E-05 0.61952
0.435737 0.236319 0.00256538 0.325379
0.29446 0.211102 0.489895 0.00454241
0.612234 0.042862 0.233395 0.111509
0.370027 0.217533 0.0361783 0.376261
0.673586 0.120053 0.114369 0.0919912
0.598264 0.236904 0.164732 9.9991E-05
0.475083 0.168442 0.136952 0.219524
0.393778 0.197274 0.122951 0.285997
0.608517 0.120812 0.165784 0.104887
0.479616 0.196142 9.9991E-05 0.324142
0.417809 0.110266 9.9991E-05 0.471825
0.175628 0.214298 0.030869 0.579206
0.726873 0.151175 0.0731631 0.0487888
0.608363 0.130956 0.260581 9.9991E-05
0.149557 0.140629 0.562465 0.147349
0.700804 0.163893 0.0812562 0.0540462
0.499195 0.172572 0.28805 0.0401835
0.472849 0.22022 0.076941 0.22999
0.515591 0.143911 0.208425 0.132072
9.9991E-05 0.354013 0.361896 0.283991
9.9991E-05 0.356721 0.400157 0.243023
0.295347 0.177744 0.347693 0.179216
0.016866 0.351095 0.327685 0.304354
9.9991E-05 0.502621 0.204759 0.29252
0.420708 0.16154 0.263671 0.154081
0.425766 0.223635 0.138148 0.212452
0.133209 0.337487 0.265172 0.264133
0.103799 0.369398 0.332155 0.194649
0.504805 0.168991 0.174534 0.151669
0.180168 0.256863 0.391712 0.171257
9.9991E-05 0.527231 0.317531 0.155138
0.460188 0.178271 0.218967 0.142575
0.37749 0.196083 0.129578 0.296848
0.480747 0.370902 9.9991E-05 0.148252
0.55384 0.155422 9.9991E-05 0.290638
0.565654 0.19084 0.0434381 0.200068
0.473843 0.228598 0.00810552 0.289454
0.39087 0.418701 9.9991E-05 0.190329
0.551045 0.268666 9.9991E-05 0.180189
0.52111 0.228985 9.9991E-05 0.249805
0.304458 0.224264 0.143889 0.327389
0.385271 0.183867 0.297583 0.133279
0.563818 0.180346 0.08657 0.169266
0.630485 0.177298 0.0620841 0.130133
0.687906 0.234122 0.010582 0.0673907
0.384443 0.306146 9.9991E-05 0.309311
0.675943 0.164788 9.9991E-05 0.159169
0.11997 0.442557 0.189182 0.24829
0.518319 0.149774 0.120103 0.211803
0.214204 0.321679 0.121106 0.343011
9.9982E-05 0.855079 0.144721 9.9982E-05
0.230239 0.157937 0.611724 9.9991E-05
0.00437204 0.126714 0.868814 9.9991E-05
0.0268078 0.211415 0.761677 9.9991E-05
0.120463 0.165017 0.70867 0.00585071
0.118765 0.213115 0.66802 9.9991E-05
0.179487 0.0910528 0.729361 9.9991E-05
0.0151306 0.220562 0.764207 9.9991E-05
0.0685266 0.369622 0.561752 9.9991E-05
0.0590573 0.938909 9.9991E-05 0.00193345
0.0917666 0.861057 0.0436783 0.0034983
0.0171804 0.909778 0.000338129 0.072703
0.031993 0.875254 0.0926527 9.9991E-05
0.0100447 0.883834 9.9991E-05 0.106021
9.9982E-05 0.937609 0.0621911 9.9982E-05
0.0829187 0.795783 0.00385924 0.117439
0.0506824 0.8798 9.9991E-05 0.0694173
0.0521422 0.763104 0.132255 0.0524989
0.0261136 0.904186 9.9991E-05 0.0696005
9.9982E-05 0.969082 0.0307176 9.9982E-05
0.0357694 0.858705 0.069351 0.036175
0.00512481 0.958754 0.00464781 0.0314733
0.0603422 0.927994 9.9991E-05 0.0115643
0.0839454 0.882129 9.9991E-05 0.0338255
0.0809371 0.855866 9.9991E-05 0.063097
0.0386299 0.79032 9.9991E-05 0.17095
0.134973 0.785643 9.9991E-05 0.0792837
0.0928825 0.820619 9.9991E-05 0.0863984
0.501442 0.203084 0.275797 0.0196776
0.756832 0.100908 0.142161 9.9991E-05
0.638207 0.117682 0.167111 0.0770014
0.185798 0.0712707 0.639811 0.10312
0.593945 0.180832 0.213415 0.0118074
0.133429 0.136876 0.586118 0.143577
0.649099 0.0578282 0.190602 0.102471
0.539221 0.11036 0.35032 9.9991E-05
0.602225 0.100842 0.240787 0.0561463
0.551443 0.0600892 0.298989 0.0894789
0.588807 0.151494 0.259599 9.9991E-05
0.766484 0.157302 0.0761137 9.9991E-05
0.67275 0.159958 0.167192 9.9991E-05
0.0966275 0.0350677 0.78332 0.0849845
9.9991E-05 0.0761063 0.872541 0.0512524
0.198279 0.121206 0.606919 0.0735954
0.645799 0.142538 0.107069 0.104594
0.607377 0.128934 0.199865 0.0638242
0.595198 0.162396 0.171783 0.0706241
0.690013 0.132329 0.0632256 0.114432
0.560467 0.182514 0.0853476 0.171671
0.624028 0.203048 0.06008 0.112844
0.194353 0.413472 0.222544 0.16963
0.694359 0.230913 0.0542275 0.0205003
0.436381 0.25018 0.105539 0.2079
9.9991E-05 0.445679 0.318332 0.235888
0.329518 0.295199 0.142742 0.232542
0.276418 0.371438 0.140832 0.211312
0.524727 0.385394 0.0339483 0.05593
0.512437 0.24539 0.105932 0.136241
0.485494 0.207334 0.113927 0.193245
0.633599 0.188981 0.0315592 0.145861
0.426257 0.262367 0.1009 0.210477
0.368179 0.503156 0.00668071 0.121984
