0.0236468 9.9982E-05 0.0614184 0.914735 9.9982E-05
0.076855 0.0166523 9.9982E-05 0.906293 9.9982E-05
0.00412973 9.9991E-05 0.0322855 0.849413 0.114072
0.112478 9.9991E-05 0.0873482 0.789169 0.0109048
0.0302212 9.9991E-05 0.108683 0.854646 0.00634986
0.0685787 0.117791 0.0110692 0.657633 0.144928
0.0321234 0.0836431 9.9982E-05 0.884034 9.9982E-05
0.10635 0.0644243 0.0242066 0.774538 0.0304812
0.0716561 0.0926402 9.9982E-05 0.835504 9.9982E-05
9.999E-05 0.0912758 0.0654363 0.715463 0.127725
0.155914 0.0719757 9.9991E-05 0.750429 0.0215816
0.465913 0.121468 0.076215 9.9991E-05 0.336304
0.302467 0.0138382 0.133321 9.9991E-05 0.550274
0.482869 0.135098 0.141142 0.0344792 0.206413
0.402595 0.086428 0.162868 0.0557787 0.292331
0.181303 0.196858 0.193272 0.0950691 0.333498
0.139147 0.0870688 0.11764 0.0663976 0.589746
0.248864 0.147741 0.0986223 0.0491493 0.455623
0.352233 0.055327 0.123213 0.0894491 0.379778
0.698845 0.166676 0.124686 0.00969306 9.9991E-05
0.293889 0.113427 0.135235 0.0095824 0.447867
0.176534 0.171565 0.126385 0.0440241 0.481491
0.122077 0.173137 0.0379896 0.0597778 0.607018
0.33563 0.164337 0.111122 0.0412736 0.347638
0.157321 0.0114023 0.0249383 0.180065 0.626274
0.228129 9.9991E-05 0.0619931 0.101189 0.608589
0.572301 0.0916364 0.141241 9.9991E-05 0.194721
0.523111 0.0384208 0.191766 0.0159104 0.230792
0.47629 0.162613 0.0440225 0.0075202 0.309554
9.9982E-05 9.9982E-05 0.0473642 0.85248 0.099956
9.9982E-05 9.9982E-05 0.00631107 0.851711 0.141778
9.9982E-05 9.9982E-05 0.0879837 0.770662 0.141154
9.9982E-05 9.9982E-05 0.0771735 0.741148 0.181478
0.103503 0.102745 9.9991E-05 0.06563 0.728022
0.0803711 0.15057 0.0488963 0.123571 0.596592
9.9982E-05 0.21979 9.9982E-05 0.0486384 0.731372
0.581316 0.124641 0.0365376 0.0779621 0.179543
0.0157832 0.431368 9.9991E-05 0.0168361 0.535913
0.164038 0.149384 0.134576 0.0103525 0.54165
0.0205044 0.0744498 0.0963109 0.0644297 0.744305
0.0864278 0.0989098 9.9991E-05 0.193433 0.62113
0.128341 0.0619051 0.0114726 0.109185 0.689097
0.222236 0.410244 9.9982E-05 9.9982E-05 0.36732
0.00138411 0.192238 0.0882572 0.0655392 0.652581
0.0539776 0.0909814 0.0605031 0.102968 0.69157
0.0531639 0.075514 0.114718 0.108977 0.647628
9.9973E-05 0.413968 9.9973E-05 9.9973E-05 0.585732
0.0318061 0.0491639 0.0227541 0.069228 0.827048
0.0444593 0.134972 0.0829846 0.126206 0.611378
0.0925162 0.844808 9.9991E-05 0.0350912 0.0274842
0.464446 0.281627 9.9982E-05 9.9982E-05 0.253727
0.140986 0.598567 0.085279 0.0764596 0.0987085
0.0715181 0.0692606 0.0977034 0.118218 0.6433
0.0799361 0.0536354 0.1098 0.0745131 0.682116
0.0141413 0.184478 0.164176 0.0637362 0.573469
0.409728 0.250921 9.9991E-05 0.117148 0.222103
0.272876 0.05984 0.108995 9.9991E-05 0.558189
0.0691195 0.122457 0.05084 0.124002 0.633582
0.195354 0.17911 9.9991E-05 0.154444 0.470992
0.346177 0.221729 0.0483933 0.222179 0.161522
0.0614806 0.0526171 0.0795094 0.10524 0.701153
0.212389 0.10807 0.0632716 0.102879 0.513391
0.550708 0.312559 9.9991E-05 0.0480415 0.0885906
0.270511 0.100564 0.0253202 0.00784624 0.595759
0.0488603 0.229103 0.155039 9.9991E-05 0.566898
0.163889 0.0236678 0.118466 0.0947423 0.599235
0.31217 0.24911 0.0460541 0.0472311 0.345435
0.247669 0.162598 0.12825 9.9991E-05 0.461383
0.15416 0.123302 9.9991E-05 0.0385774 0.68386
0.341874 0.316407 9.9991E-05 0.00927686 0.332342
0.154146 0.0684798 9.9982E-05 9.9982E-05 0.777174
0.194893 0.358355 9.9982E-05 9.9982E-05 0.446552
0.0797246 0.158054 0.161847 9.9991E-05 0.600275
9.9973E-05 0.746677 9.9973E-05 9.9973E-05 0.253023
0.0775708 0.677948 9.9982E-05 9.9982E-05 0.244281
0.0184767 0.475435 9.9982E-05 9.9982E-05 0.505888
0.087579 0.196898 9.9991E-05 0.00919837 0.706225
0.0246131 0.0195821 0.0379578 0.198224 0.719623
0.0800361 0.221101 0.0359022 0.0502932 0.612667
0.335708 0.256737 9.9991E-05 0.0095453 0.39791
0.261133 0.241842 9.9991E-05 0.0678695 0.429056
0.0666061 0.0968192 0.125687 0.0694803 0.641407
0.132655 0.335736 9.9991E-05 0.0324947 0.499015
0.060712 0.293973 9.9991E-05 0.036944 0.608271
9.9973E-05 0.431544 9.9973E-05 9.9973E-05 0.568156
0.0715142 0.74393 9.9991E-05 0.0215476 0.162908
0.0487586 0.110566 9.9991E-05 0.086012 0.754563
0.0878438 9.9991E-05 0.0830859 0.755169 0.0738016
9.9973E-05 9.9973E-05 9.9973E-05 0.905169 0.094531
9.9982E-05 9.9982E-05 0.0585815 0.855185 0.0860339
9.9982E-05 9.9982E-05 0.0231311 0.943295 0.0333734
9.9973E-05 9.9973E-05 9.9973E-05 0.867036 0.132665
9.9982E-05 9.9982E-05 0.0282814 0.937906 0.0336125
9.9991E-05 0.0184507 0.0326162 0.907011 0.041822
0.141214 0.121813 0.0572543 0.0745539 0.605164
0.094881 0.114998 0.0673249 0.123874 0.598922
0.186987 0.54893 9.9982E-05 9.9982E-05 0.263883
0.057912 0.125876 0.0685563 0.176622 0.571034
0.149117 0.154417 9.9991E-05 0.0237106 0.672656
9.9991E-05 0.20199 0.0547891 0.0631801 0.67994
0.0205122 0.272755 0.0142546 0.049729 0.642749
9.9991E-05 0.239656 0.0092809 0.024803 0.72616
0.33986 0.489917 9.9982E-05 9.9982E-05 0.170023
0.0544345 0.146252 0.0532215 0.161156 0.584936
0.0412413 0.223444 0.103592 0.0601977 0.571525
0.142435 0.0498554 0.236576 0.0385853 0.532549
9.9991E-05 0.452553 0.00942568 0.0216828 0.516239
9.9982E-05 0.293787 9.9982E-05 0.031802 0.674211
0.162932 0.237738 0.0144662 0.0499224 0.534942
0.0161468 0.415901 0.029651 9.9991E-05 0.538202
0.134683 0.160651 0.000451924 0.0474258 0.656788
0.0772554 0.145469 0.0128952 0.0968869 0.667493
0.383319 0.254711 0.112711 0.0204811 0.228778
0.306925 0.0124504 0.0789149 0.154494 0.447216
0.156313 0.0256533 0.0847265 0.146918 0.58639
0.0999345 0.0964127 0.214706 0.0736914 0.515255
0.375951 9.9991E-05 0.0150849 0.00399802 0.604866
0.335705 9.9982E-05 0.127658 9.9982E-05 0.536437
0.363313 0.0259601 0.028663 0.0686557 0.513408
0.160125 0.132972 0.0471798 0.128069 0.531653
0.195484 0.036898 0.0508514 0.0701618 0.646605
0.129615 0.0533243 0.0398065 0.125621 0.651633
0.347105 0.0122972 0.00694759 0.0201759 0.613474
0.163149 0.0401596 0.110218 0.0439923 0.642482
0.1642 0.036278 0.0339915 0.0943942 0.671136
0.263259 0.0115371 0.12656 9.9991E-05 0.598544
0.222974 9.9991E-05 0.191776 0.0652362 0.519913
0.183589 0.0689843 0.152311 0.0245683 0.570548
0.310392 0.0863394 0.042476 0.115228 0.445565
0.22382 9.9991E-05 0.159673 0.00145626 0.614951
0.161784 0.0345288 0.0230811 0.0499157 0.730691
0.451154 0.182884 0.0741456 9.9991E-05 0.291717
0.224276 0.502274 0.0728406 0.0226303 0.177979
0.252226 0.0198961 0.0608589 0.0569059 0.610113
0.294867 0.486764 0.0685796 9.9991E-05 0.14969
0.466485 0.110696 0.0194663 0.0313402 0.372013
0.341084 0.0962871 9.9991E-05 0.00662886 0.5559
0.415767 0.0950047 9.9991E-05 0.0253433 0.463785
0.465754 0.15158 0.00400212 0.0431042 0.33556
0.0545524 0.136956 0.174091 0.0569915 0.577409
0.102358 0.0812473 0.167945 0.026642 0.621808
0.222644 0.0804874 0.093156 0.02796 0.575752
0.383848 0.382211 0.0565939 9.9991E-05 0.177248
0.0357813 0.148267 0.111243 0.165511 0.539197
0.107993 0.255431 0.147493 0.00907665 0.480007
0.0612821 0.719121 9.9991E-05 0.186099 0.0333972
9.9991E-05 0.20961 0.120449 0.0782683 0.591573
9.9991E-05 0.404443 0.0686405 0.119771 0.407045
0.0966927 0.181226 0.116113 0.127725 0.478244
0.0965149 0.446511 0.0242511 0.164362 0.268361
0.121214 0.45003 9.9991E-05 0.139662 0.288994
0.14247 0.287393 0.0160469 0.0440079 0.510083
0.163918 0.231573 0.151501 0.035223 0.417785
0.180157 0.184602 0.133845 0.14809 0.353306
0.116966 0.616599 0.209324 0.0570111 9.9991E-05
0.0531664 0.128719 0.157288 0.0980856 0.562741
0.119512 0.428245 9.9982E-05 9.9982E-05 0.452043
0.13226 0.290217 0.054416 9.9991E-05 0.523007
0.0294263 0.200248 0.083124 0.0664863 0.620715
0.0831686 0.188616 0.324397 0.331736 0.0720818
9.9982E-05 0.227672 0.169273 0.602855 9.9982E-05
9.9982E-05 0.333027 0.152749 0.514025 9.9982E-05
0.0674779 0.103093 0.331662 0.432138 0.0656288
9.9982E-05 0.19332 0.0788359 9.9982E-05 0.727644
0.0152678 0.159312 0.0991262 0.159196 0.567098
9.9973E-05 9.9973E-05 0.690431 9.9973E-05 0.309269
0.175758 0.0277888 0.504679 9.9991E-05 0.291674
0.0446999 0.100258 0.448289 0.0673346 0.339419
9.9991E-05 0.575533 0.0549541 0.0154283 0.353985
0.0870106 0.217972 0.0855116 0.0744333 0.535073
0.0111199 0.692807 0.0894658 0.0230409 0.183566
0.087514 0.155172 0.109368 0.0229554 0.624991
0.0546683 0.351612 0.150317 0.00502104 0.438382
0.0273158 0.233638 0.0833715 0.0250519 0.630623
0.00164558 0.661126 0.013759 0.0487242 0.274745
0.0513189 0.1943 0.177603 0.00883634 0.567942
9.9991E-05 0.190909 0.128197 0.101744 0.579049
9.9973E-05 0.027697 0.972003 9.9973E-05 9.9973E-05
9.9973E-05 9.9973E-05 0.95218 9.9973E-05 0.04752
0.00780114 9.9991E-05 0.607318 0.0119237 0.372857
0.0137579 9.9982E-05 0.735281 9.9982E-05 0.250761
0.00582843 9.9991E-05 0.775864 0.0294861 0.188721
9.997E-05 9.997E-05 0.9996 9.997E-05 9.997E-05
9.997E-05 9.997E-05 0.9996 9.997E-05 9.997E-05
9.9973E-05 9.9973E-05 0.895088 9.9973E-05 0.104612
0.0203963 9.9973E-05 0.979304 9.9973E-05 9.9973E-05
9.997E-05 9.997E-05 0.9996 9.997E-05 9.997E-05
9.9973E-05 9.9973E-05 0.992295 0.00740557 9.9973E-05
0.0134476 9.9991E-05 0.835804 0.0275435 0.123105
0.0691699 9.9991E-05 0.826843 0.0817081 0.0221791
0.0175076 9.9973E-05 0.982193 9.9973E-05 9.9973E-05
0.0693611 0.0435988 0.492843 0.0419299 0.352267
0.115244 0.0229184 0.647926 9.9991E-05 0.213811
9.9982E-05 9.9982E-05 0.759159 0.0564793 0.184162
0.00492284 9.9991E-05 0.895792 0.0248668 0.0743187
9.9982E-05 9.9982E-05 0.978071 0.0119469 0.00978193
0.0166651 0.0248461 0.847168 0.010532 0.100789
9.9973E-05 9.9973E-05 0.982078 0.0176221 9.9973E-05
0.0208237 9.9991E-05 0.700533 0.025488 0.253055
0.0675674 9.9982E-05 0.886794 9.9982E-05 0.0454387
9.9982E-05 0.567174 0.0684381 0.364188 9.9982E-05
0.129417 0.156241 0.182815 0.16816 0.363366
0.0550095 0.198139 0.0791768 0.248255 0.41942
0.0079834 0.403188 0.127676 0.294923 0.16623
0.00151077 0.186809 0.211333 0.106417 0.49393
9.9991E-05 0.382735 0.148573 0.280402 0.188189
0.150023 0.0231841 0.146889 0.231187 0.448716
9.9991E-05 0.329877 0.265337 0.135874 0.268813
9.9991E-05 0.162177 0.161201 0.196351 0.480171
9.9991E-05 0.209524 0.238977 0.220635 0.330764
0.0576367 0.0809019 0.0570899 0.23744 0.566931
0.116493 0.012233 0.00324767 0.825485 0.0425413
9.9973E-05 9.9973E-05 0.051962 0.947738 9.9973E-05
0.00494447 9.9982E-05 9.9982E-05 0.98461 0.0102458
0.0112854 9.9991E-05 0.00659288 0.963668 0.0183542
0.0779433 9.9982E-05 0.0708255 0.851031 9.9982E-05
9.9982E-05 0.00471392 0.0629338 0.932152 9.9982E-05
0.00626622 9.9991E-05 0.0929071 0.885238 0.0154891
0.024292 0.0662201 0.00458774 0.9048 9.9991E-05
9.9973E-05 9.9973E-05 9.9973E-05 0.914313 0.0853875
0.00565647 9.9982E-05 0.104294 0.88985 9.9982E-05
0.309023 0.0812312 9.9982E-05 0.609546 9.9982E-05
0.349248 0.0374625 9.9991E-05 0.603713 0.00947607
0.351703 0.146048 9.9982E-05 0.502049 9.9982E-05
0.333412 0.148781 9.9991E-05 0.495371 0.0223363
0.211161 0.121564 0.0123741 0.0109072 0.643994
0.130617 0.193775 0.0481455 9.9991E-05 0.627363
0.208206 0.130735 0.114991 0.00101396 0.545054
0.30392 0.156992 9.9991E-05 0.0257229 0.513265
0.699246 0.0465003 0.0252003 9.9991E-05 0.228954
0.0257522 0.127889 0.111411 0.111235 0.623713
0.139087 0.123427 0.040567 9.9991E-05 0.696819
0.0559377 0.25589 0.00727535 0.0124634 0.668434
0.0587656 0.356613 0.0496386 9.9991E-05 0.534883
0.122056 0.107956 0.057219 0.0418472 0.670922
0.173953 0.221184 9.9982E-05 9.9982E-05 0.604663
0.171407 0.753316 9.9982E-05 9.9982E-05 0.0750766
0.108134 0.249783 0.0582951 9.9991E-05 0.583687
9.9982E-05 0.588352 9.9982E-05 0.0100352 0.401413
0.023318 0.23548 0.0267252 0.0326088 0.681868
0.299638 0.381496 9.9982E-05 9.9982E-05 0.318666
0.765278 0.0730086 9.9991E-05 0.153939 0.00767473
0.70499 0.0719244 9.9991E-05 0.143313 0.0796728
0.843103 0.129673 9.9982E-05 0.027024 9.9982E-05
0.779944 0.0942151 9.9982E-05 0.125641 9.9982E-05
0.815552 0.0593068 9.9991E-05 0.0118328 0.113208
0.783257 9.9991E-05 0.0425106 0.0856954 0.0884369
9.9982E-05 9.9982E-05 0.0536343 0.861639 0.0845269
0.053761 9.9991E-05 0.0344885 0.841302 0.0703483
9.9982E-05 9.9982E-05 0.123644 0.781095 0.0950618
0.100968 9.9991E-05 0.139773 0.749092 0.0100677
0.039276 9.9991E-05 0.0637548 0.814661 0.0822081
0.545077 0.0800072 9.9982E-05 0.374715 9.9982E-05
0.331632 0.186537 9.9982E-05 0.481631 9.9982E-05
0.415097 0.133719 9.9982E-05 0.450984 9.9982E-05
0.0241941 9.9991E-05 0.0297164 0.832554 0.113436
0.443035 0.151794 9.9982E-05 0.404971 9.9982E-05
9.9991E-05 0.108701 0.382093 0.232074 0.277031
0.0976643 9.9991E-05 0.28869 0.126932 0.486613
9.9982E-05 9.9982E-05 0.362458 0.15206 0.485281
9.9991E-05 0.144129 0.257857 0.272611 0.325303
0.0927152 0.107462 0.223066 0.134114 0.442643
9.9982E-05 0.153608 0.327543 0.518649 9.9982E-05
0.387409 0.121616 9.9982E-05 9.9982E-05 0.490775
0.215481 0.301685 9.9991E-05 0.0267673 0.455967
0.505475 0.0522507 9.9991E-05 0.11206 0.330114
0.0770713 0.355461 0.0202321 9.9991E-05 0.547135
0.125868 0.873832 9.9973E-05 9.9973E-05 9.9973E-05
0.128495 0.127966 0.11436 0.0776038 0.551574
0.14592 0.195639 0.00714584 0.0545547 0.59674
0.461135 0.0977645 0.0208214 0.0316431 0.388636
0.223963 9.9991E-05 0.0663995 0.0906017 0.618936
0.29353 0.515162 9.9982E-05 9.9982E-05 0.191108
0.1579 0.282184 0.112317 0.0194531 0.428146
0.297384 0.0430227 0.11496 9.9991E-05 0.544534
0.0378888 0.179445 0.171505 0.129677 0.481483
0.225987 0.267892 0.0341488 9.9991E-05 0.471872
0.316206 0.162044 0.0531444 9.9991E-05 0.468505
0.07614 0.189644 0.145652 9.9991E-05 0.588464
0.144622 0.17801 0.0815747 0.0011016 0.594692
0.107825 0.0463581 0.138695 9.9991E-05 0.707022
0.0947617 0.0919402 0.0230841 0.162198 0.628016
0.120539 0.138285 0.136938 0.0482826 0.555956
9.9982E-05 9.9982E-05 0.078421 0.804054 0.117325
9.9982E-05 9.9982E-05 0.00852683 0.867022 0.124252
0.036725 0.100781 0.010855 0.803178 0.0484607
0.0455114 0.00415262 9.9991E-05 0.84019 0.110046
9.9982E-05 9.9982E-05 0.0529496 0.84652 0.100331
0.620783 0.117258 0.114769 9.9991E-05 0.14709
0.205617 0.141984 0.163524 0.0111815 0.477692
0.0637581 0.055952 0.212581 0.186647 0.481062
0.191623 0.0680625 0.0938782 0.0214733 0.624963
0.242826 0.0764444 9.9991E-05 0.0826084 0.598022
0.398872 0.259077 0.113213 9.9991E-05 0.228738
0.573023 0.23026 9.9991E-05 0.150911 0.0457061
0.285343 0.0772637 0.0774125 0.00889251 0.551088
0.49597 0.185901 0.0805504 0.0580348 0.179544
0.105765 0.265746 0.0924025 0.0416725 0.494414
0.537782 0.142136 9.9991E-05 0.13123 0.188751
0.258014 0.0473938 0.142777 0.000423043 0.551392
0.604062 0.0906279 0.0227971 0.0903482 0.192165
0.244385 0.263117 0.103087 0.0262179 0.363193
0.0942889 0.188778 0.0637776 0.110494 0.542661
0.0566403 0.501787 0.00981203 0.0781119 0.353649
0.0399168 0.226478 0.0266802 0.119597 0.587329
0.0220142 0.202814 0.138746 0.121024 0.515402
0.0992251 0.434284 9.9991E-05 0.0404697 0.425921
0.0632812 0.213517 0.111774 0.116026 0.495401
9.9991E-05 0.257457 0.016361 0.107517 0.618566
0.0826678 0.744141 9.9982E-05 9.9982E-05 0.172992
0.0119151 0.629973 9.9991E-05 0.0181903 0.339822
0.055166 0.341457 9.9991E-05 0.0676333 0.535644
0.140251 0.594102 9.9991E-05 0.0320963 0.233451
0.117355 0.313409 9.9991E-05 0.00611586 0.563021
0.603482 0.191805 0.047717 0.00511382 0.151882
0.347717 0.340921 0.0727539 9.9991E-05 0.238508
0.418184 0.0544877 0.0654963 0.037945 0.423887
0.165168 0.0356703 0.15627 0.0610435 0.581848
0.48943 0.162928 0.014069 9.9991E-05 0.333473
0.0835748 0.136616 0.151633 0.1537 0.474477
0.235013 9.9991E-05 0.154542 0.0351532 0.575191
0.278064 0.0457839 0.127891 0.0386206 0.509641
0.173944 0.0622749 0.0736103 0.089383 0.600788
0.343509 9.9991E-05 0.0194494 0.03783 0.599111
0.602417 0.0332357 0.0802259 9.9991E-05 0.284021
0.455662 0.0929594 0.145545 9.9991E-05 0.305733
0.231829 0.0548632 0.0793598 9.9991E-05 0.633848
0.195633 9.9991E-05 0.113676 0.0462941 0.644297
0.199055 0.197274 0.0715062 0.0911988 0.440966
0.20766 0.137613 0.160307 9.9991E-05 0.49432
0.418676 0.00865968 0.0740232 0.0892113 0.409429
0.34025 9.9982E-05 0.129622 9.9982E-05 0.529928
0.292098 0.0573848 0.10693 0.0220744 0.521513
0.215502 0.0402845 0.134325 0.0959753 0.513913
9.9991E-05 0.0416771 0.136373 0.368075 0.453775
0.00311801 0.111069 0.28665 0.121135 0.478028
0.0470316 0.148476 0.158829 0.131517 0.514147
9.9991E-05 0.0976471 0.104977 0.150737 0.646539
9.9991E-05 0.137011 0.306186 0.156002 0.400702
0.197947 0.255571 0.0327752 9.9991E-05 0.513607
0.0628789 0.070751 0.214339 0.173978 0.478053
9.9991E-05 0.546618 0.191574 0.255355 0.00635301
0.105049 0.0142247 0.146814 0.146984 0.586929
0.0553171 0.0986263 0.188347 0.0808593 0.57685
0.0172383 0.155738 0.257128 0.0917275 0.478168
0.0732283 0.2551 0.162859 0.198067 0.310746
0.0212121 0.0559411 0.118243 0.228018 0.576586
9.9991E-05 0.0458401 0.226778 0.127458 0.599824
9.9982E-05 0.303942 0.206169 0.489689 9.9982E-05
9.9982E-05 9.9982E-05 0.20972 0.26818 0.5219
0.0369572 0.0787732 0.333084 0.0858685 0.465317
0.0210341 0.0759515 0.23688 0.10181 0.564325
0.00875565 9.9991E-05 0.199878 0.213741 0.577525
0.0983847 0.0158883 0.154471 0.181686 0.549569
0.0565431 0.272312 0.113815 0.0622648 0.495064
0.100435 0.169108 0.16467 0.0790012 0.486785
0.131363 0.747836 0.0340794 9.9991E-05 0.0866212
0.0971879 0.823284 9.9982E-05 9.9982E-05 0.0793279
0.0860833 0.159761 0.0984619 0.071056 0.584637
9.9991E-05 0.0963406 0.345142 0.135141 0.423276
9.9991E-05 0.227172 0.452083 0.090922 0.229722
0.0280715 0.241514 0.386953 0.216877 0.126585
9.9991E-05 0.1586 0.344166 0.196837 0.300297
9.9991E-05 0.698866 0.167693 0.0904576 0.0428842
9.9991E-05 0.581974 0.185248 0.0591056 0.173572
0.0436298 0.211062 0.223064 9.9991E-05 0.522145
9.9991E-05 0.314952 0.161944 0.0613084 0.461696
9.9991E-05 0.539902 0.170355 0.0497604 0.239883
0.0694331 0.107816 0.173017 0.0756937 0.57404
0.0224051 0.231517 0.272954 9.9991E-05 0.473024
0.0425901 0.102189 0.204135 0.127991 0.523095
0.0932148 0.43559 9.9991E-05 0.055168 0.415928
9.9982E-05 0.509021 0.0490961 9.9982E-05 0.441683
0.0498163 0.254809 0.117694 0.0108651 0.566815
0.143926 0.255686 0.153071 0.00862922 0.438688
0.00300357 0.319531 0.161711 0.102536 0.413219
0.00980704 0.402468 0.0528568 0.0121095 0.522759
0.0973786 0.605893 0.00307946 9.9991E-05 0.293549
9.9991E-05 0.232074 0.0295415 0.0201932 0.718091
0.0542792 0.635584 0.0431069 9.9991E-05 0.26693
0.0117218 0.42055 0.104554 0.0313697 0.431804
9.9991E-05 0.250981 0.0883509 0.115518 0.54505
0.0800607 0.317642 0.126415 0.0286999 0.447182
9.9991E-05 0.0499186 0.189621 0.194819 0.565541
0.0865792 0.0808877 0.184699 0.16359 0.484244
0.0516448 0.0956299 0.309295 0.172898 0.370532
0.179001 9.9991E-05 0.239264 0.202733 0.378902
0.144543 0.00184336 0.169765 0.12095 0.562899
0.0432427 0.131517 0.266067 0.158797 0.400376
0.0449696 0.531109 0.201185 0.222637 9.9991E-05
0.0175441 0.033904 0.264441 0.129818 0.554292
9.9982E-05 0.449495 0.150799 0.399506 9.9982E-05
9.9991E-05 0.188624 0.263535 0.0287174 0.519023
9.9973E-05 0.801927 9.9973E-05 9.9973E-05 0.197773
0.0706401 0.878248 9.9991E-05 0.00827993 0.0427323
0.00979841 0.40296 0.0139659 9.9991E-05 0.573176
0.0258738 0.19536 0.120722 9.9991E-05 0.657944
0.0489011 0.449422 0.00784647 9.9991E-05 0.49373
9.9982E-05 0.426783 0.00548533 9.9982E-05 0.567532
9.9982E-05 0.312742 0.0808168 9.9982E-05 0.606241
9.9982E-05 0.0911051 0.114097 0.794598 9.9982E-05
0.122881 0.0219955 0.115045 0.739978 9.9991E-05
0.0397268 9.9982E-05 0.0511478 0.908925 9.9982E-05
9.9973E-05 9.9973E-05 9.9973E-05 0.961015 0.0386849
0.0517739 0.267028 0.0135142 0.0595261 0.608158
0.0544336 0.18115 9.9991E-05 0.0962344 0.668083
0.0381758 0.265274 9.9982E-05 9.9982E-05 0.69635
9.9982E-05 0.172032 9.9982E-05 0.124683 0.703086
0.115448 0.146402 0.0461908 0.0798583 0.612102
0.154306 0.380872 9.9991E-05 0.030526 0.434197
0.0792572 0.0744453 0.0642087 0.0217488 0.76034
9.9973E-05 0.518684 9.9973E-05 9.9973E-05 0.481016
0.0651273 9.9991E-05 0.212834 0.259452 0.462486
0.0586149 0.30848 0.0371391 9.9991E-05 0.595666
0.175054 0.239461 9.9982E-05 9.9982E-05 0.585285
0.100171 0.131427 0.0702378 9.9991E-05 0.698065
0.110082 0.23703 0.00509215 0.00648666 0.641309
0.00754756 0.251579 0.0432709 0.0318638 0.665738
9.9982E-05 0.0869848 9.9982E-05 0.152611 0.760205
9.9973E-05 0.662883 9.9973E-05 9.9973E-05 0.336817
9.9982E-05 0.555506 0.07336 9.9982E-05 0.370934
0.168142 0.360198 0.0101291 9.9991E-05 0.46143
9.9973E-05 0.929491 9.9973E-05 9.9973E-05 0.0702095
0.212155 0.157267 0.0172801 0.0164374 0.59686
0.00724808 0.67848 9.9991E-05 0.0179043 0.296268
0.0457645 0.81802 9.9991E-05 0.00725529 0.12886
0.0368605 0.227054 0.0254399 0.0364429 0.674202
0.17147 0.377676 9.9991E-05 0.0404714 0.410282
0.129819 0.221107 0.055987 9.9991E-05 0.592987
0.0392045 0.138707 0.0970515 0.108383 0.616654
0.188901 0.0665811 9.9982E-05 9.9982E-05 0.744317
0.346408 0.225494 0.0693959 9.9991E-05 0.358602
0.0595237 0.150089 9.9991E-05 0.109311 0.680976
0.116986 0.175753 9.9991E-05 0.0295073 0.677654
9.9973E-05 0.450814 9.9973E-05 9.9973E-05 0.548886
0.0368392 0.194692 9.9991E-05 0.0894277 0.678941
0.280551 0.0541435 9.9991E-05 0.659638 0.00556757
0.14108 0.0363211 9.9991E-05 0.776496 0.0460028
0.0758637 0.0777382 9.9982E-05 0.846198 9.9982E-05
0.153471 0.0483963 9.9982E-05 0.797933 9.9982E-05
0.223217 9.9982E-05 9.9982E-05 0.732788 0.0437947
0.244847 0.371157 9.9991E-05 0.0121057 0.37179
0.196718 0.435661 9.9991E-05 0.0494295 0.318093
9.9973E-05 0.619577 9.9973E-05 9.9973E-05 0.380123
9.9991E-05 0.143255 0.125035 0.0729902 0.65862
0.0609527 0.14508 0.0694928 0.143548 0.580927
9.9982E-05 0.452547 9.9982E-05 0.0492834 0.49797
9.9982E-05 0.180217 0.126024 9.9982E-05 0.693559
9.9982E-05 0.267342 9.9982E-05 0.0723466 0.660112
0.0629488 0.14181 9.9991E-05 0.0177439 0.777397
0.0257736 0.0620893 0.0019458 0.108846 0.801345
0.187141 0.357443 9.9982E-05 9.9982E-05 0.455216
0.107657 0.296905 9.9982E-05 9.9982E-05 0.595238
0.24111 0.19262 9.9982E-05 9.9982E-05 0.56607
0.0109213 0.08361 9.9991E-05 0.195765 0.709604
0.112781 0.241674 9.9982E-05 9.9982E-05 0.645345
0.115394 0.237957 0.0753943 0.00550942 0.565745
0.0712218 0.0449136 0.543988 9.9991E-05 0.339777
0.069728 9.9991E-05 0.493337 0.124303 0.312533
9.9982E-05 9.9982E-05 0.477067 0.103621 0.419111
9.9982E-05 9.9982E-05 0.51828 0.188312 0.293208
0.0167819 0.0460032 0.309965 0.146479 0.480771
9.9991E-05 0.344852 0.00451635 0.043453 0.607078
0.0308538 0.000871741 0.661297 0.250218 0.0567595
9.9991E-05 0.0268357 0.518996 0.131216 0.322852
9.9991E-05 0.155543 0.223167 0.141941 0.479249
0.039521 0.117363 9.9991E-05 0.214709 0.628307
0.115127 0.244327 0.0441587 0.153768 0.44262
0.109051 0.0213222 0.10208 0.145208 0.622339
0.0767846 0.108226 0.106425 0.116844 0.59172
9.9982E-05 9.9982E-05 0.486746 0.216395 0.296659
0.141007 9.9991E-05 0.334567 0.11619 0.408136
9.9982E-05 9.9982E-05 0.636916 0.0415968 0.321287
0.0744347 0.0231789 0.324242 0.124673 0.453471
0.00959036 9.9991E-05 0.549144 0.162752 0.278414
0.0460372 9.9991E-05 0.388505 0.156219 0.409139
9.9991E-05 0.0442092 0.619317 0.144258 0.192115
0.0489333 9.9991E-05 0.408857 0.118351 0.423758
0.0502432 0.203058 9.9991E-05 0.0755433 0.671056
0.104824 0.00302898 0.334101 0.147828 0.410218
9.9982E-05 9.9982E-05 0.700369 0.133391 0.16604
0.0553462 0.0585194 0.344188 0.162487 0.379459
0.24136 0.235814 0.0212679 0.176066 0.325492
0.0541574 0.224903 0.184376 9.9991E-05 0.536464
0.0228877 0.0111108 0.287326 0.211375 0.4673
0.0598157 0.118768 0.125459 0.157965 0.537991
0.0835324 0.0916869 9.9991E-05 0.203071 0.621609
0.0247842 0.117771 0.288641 0.210006 0.358797
0.0794576 0.13002 0.35724 0.186012 0.24727
0.0839984 0.0715842 0.172227 0.061476 0.610714
9.9991E-05 0.0438433 0.464905 0.164221 0.326931
9.9991E-05 0.0131393 0.538678 0.0329998 0.415083
0.0224398 0.00783339 0.650132 0.22478 0.0948148
0.0525159 0.122816 0.0975923 0.153921 0.573155
0.0622172 0.172399 9.9991E-05 0.169782 0.595502
9.9991E-05 0.574025 0.0771866 0.152547 0.196141
0.0451788 0.084514 0.0209503 0.226412 0.622945
0.184926 0.084467 9.9991E-05 0.155688 0.574819
9.9991E-05 0.121794 0.192198 0.215477 0.470432
0.0809342 0.230304 0.177845 0.0931236 0.417793
9.9982E-05 0.40848 0.244163 0.347158 9.9982E-05
9.9982E-05 0.490072 0.12604 0.383688 9.9982E-05
0.0847522 0.366508 0.147747 0.148344 0.252649
0.0111856 0.391412 0.222217 0.375086 9.9991E-05
9.9982E-05 0.282865 0.229609 0.487326 9.9982E-05
0.0447369 0.245801 0.137901 0.148952 0.42261
9.9991E-05 0.218292 0.210635 0.257453 0.31352
9.9991E-05 0.282583 0.24593 0.300759 0.170628
9.9991E-05 0.415954 0.196318 0.320277 0.0673508
9.9991E-05 0.0912126 0.176566 0.217803 0.514318
9.9991E-05 0.496927 0.159485 0.230305 0.113184
9.9982E-05 0.41483 0.0971868 0.487783 9.9982E-05
0.103546 0.0577646 0.257897 0.126075 0.454718
0.052263 0.203871 0.309508 0.145915 0.288443
9.9982E-05 9.9982E-05 0.151919 0.363084 0.484797
9.9982E-05 9.9982E-05 0.326694 0.162269 0.510837
9.9991E-05 0.0552715 0.230961 0.222076 0.491592
9.9991E-05 0.0604471 0.257571 0.179251 0.502631
9.9982E-05 9.9982E-05 0.216778 0.414442 0.36858
9.9991E-05 0.0604615 0.227187 0.195507 0.516745
9.9982E-05 9.9982E-05 0.316073 0.256904 0.426823
0.0389176 0.142814 0.326023 0.2414 0.250845
0.164007 0.152419 0.17294 0.162056 0.348578
0.114809 0.0530451 0.229665 0.126971 0.475509
0.00606405 9.9991E-05 0.104846 0.179433 0.709557
9.9991E-05 0.121844 0.0789357 0.158133 0.640987
0.0132547 9.9991E-05 0.314255 0.311536 0.360854
0.0435031 0.00635922 0.192941 0.218576 0.538621
9.9991E-05 0.211501 0.23709 0.427323 0.123986
0.0487123 0.0272339 0.315706 0.134891 0.473457
9.9991E-05 0.17867 0.326317 0.343719 0.151193
0.0739312 0.0616337 9.9991E-05 0.833755 0.0305803
0.75457 0.0349528 9.9991E-05 0.106705 0.103673
0.99839 9.9973E-05 9.9973E-05 0.00130988 9.9973E-05
0.9996 9.997E-05 9.997E-05 9.997E-05 9.997E-05
0.988862 9.9973E-05 0.0108377 9.9973E-05 9.9973E-05
0.971391 9.9973E-05 0.0283089 9.9973E-05 9.9973E-05
0.900042 9.9973E-05 9.9973E-05 9.9973E-05 0.0996584
0.976552 9.9973E-05 9.9973E-05 0.0231476 9.9973E-05
0.826459 9.9973E-05 9.9973E-05 0.173241 9.9973E-05
0.0216837 9.9991E-05 0.016021 0.925231 0.0369639
0.132328 9.9991E-05 0.062828 0.803722 0.00102238
9.9982E-05 9.9982E-05 0.0419547 0.872197 0.0856482
0.101009 9.9982E-05 9.9982E-05 0.854345 0.0444455
0.0114303 9.9991E-05 0.0146736 0.948864 0.0249326
0.0462571 0.0325392 9.9982E-05 0.921004 9.9982E-05
0.0561086 9.9991E-05 0.109238 0.7729 0.0616527
9.9982E-05 9.9982E-05 0.0876131 0.878703 0.033484
0.127125 0.0142357 0.0692922 0.720669 0.0686779
9.9991E-05 0.00579938 0.0604265 0.892232 0.0414424
0.0212334 0.00409724 9.9982E-05 0.974469 9.9982E-05
0.0373535 9.9991E-05 0.0370284 0.849916 0.0756019
0.0350048 9.9973E-05 9.9973E-05 0.964695 9.9973E-05
9.9973E-05 9.9973E-05 9.9973E-05 0.904267 0.095433
0.0095 9.9991E-05 0.0533133 0.852247 0.0848394
9.9982E-05 9.9982E-05 0.0485508 0.858392 0.0928573
9.9982E-05 9.9982E-05 0.127849 0.779118 0.0928327
9.9982E-05 9.9982E-05 0.076489 0.791536 0.131775
9.9982E-05 9.9982E-05 0.0851669 0.809331 0.105302
0.100697 0.24684 0.0639266 0.160994 0.427542
0.00882737 0.0755069 9.9991E-05 0.151406 0.76416
9.9991E-05 0.0891309 0.0311293 0.136264 0.743376
9.9991E-05 0.653204 0.0409623 0.119626 0.186107
0.1513 0.0876083 0.0670348 0.138905 0.555152
9.9991E-05 0.610597 0.0718219 0.215024 0.102457
9.9991E-05 0.133903 0.0789328 0.117374 0.66969
0.113275 0.257412 9.9991E-05 0.0931148 0.536097
0.12875 0.152005 0.0721595 0.1004 0.546685
0.0881402 0.229465 0.0262069 0.0686751 0.587513
0.0709291 0.197449 9.9991E-05 0.144188 0.587335
0.0569663 0.164629 0.114868 0.0565799 0.606957
0.0923652 0.0383593 9.9991E-05 0.157173 0.712002
0.471238 0.371261 0.031039 9.9991E-05 0.126362
0.106059 0.79731 9.9982E-05 0.0964307 9.9982E-05
0.0599518 0.610616 0.057753 0.118263 0.153416
0.0634514 0.0725681 0.044459 0.130948 0.688573
9.9991E-05 0.194944 0.042917 0.159667 0.602372
9.9982E-05 0.182867 9.9982E-05 0.224151 0.592781
9.9991E-05 0.0661444 0.0828465 0.114678 0.736231
0.0612553 9.9991E-05 0.219291 0.193383 0.52597
0.0797586 9.9991E-05 0.239715 0.104162 0.576264
0.143332 0.135092 0.175029 0.407605 0.138942
0.133367 0.0618506 0.0820012 0.154203 0.568579
0.078527 0.046605 0.153281 0.271328 0.450259
9.9982E-05 0.338294 0.173607 0.4879 9.9982E-05
9.9991E-05 0.101129 0.241286 0.333814 0.323671
0.105099 0.0311841 0.200997 0.32081 0.341911
0.0754233 0.0148361 0.072941 0.321847 0.514952
0.120073 9.9991E-05 0.207862 0.160692 0.511273
0.0287789 9.9991E-05 0.172066 0.245207 0.553849
0.0694579 0.000772275 0.229861 0.121249 0.57866
0.0130108 0.221505 0.256967 0.168151 0.340366
0.0526271 9.9991E-05 0.129149 0.488511 0.329612
