0.0815588 0.0547402 9.9964E-05 9.9964E-05 0.863301 9.9964E-05 9.9964E-05
9.9973E-05 0.0335303 9.9973E-05 9.9973E-05 0.908912 0.0556515 0.00160673
0.0101092 0.0203825 0.143626 9.9973E-05 0.825583 9.9973E-05 9.9973E-05
0.0768436 0.136463 0.0529398 9.9973E-05 0.733454 9.9973E-05 9.9973E-05
0.0621916 9.9973E-05 0.00868016 9.9973E-05 0.853523 0.0753048 9.9973E-05
0.0247873 0.0634966 0.055911 0.0311237 0.627127 0.0688078 0.128746
9.9982E-05 0.0481136 9.9982E-05 0.0890819 0.841205 0.0125077 0.00889163
0.0422497 0.157366 0.00139901 0.0221254 0.717783 0.058977 9.9991E-05
9.99729E-05 0.0643876 9.99729E-05 0.0349006 0.805196 9.99729E-05 0.0952163
0.00636712 0.0734281 0.120853 0.035408 0.702883 0.0609609 9.9991E-05
9.9982E-05 0.124099 0.0290146 0.0645544 0.745059 0.0370733 9.9982E-05
0.106109 0.475609 0.214948 0.0286275 9.9991E-05 0.0254138 0.149193
0.0293772 0.343914 0.551364 0.0140611 0.0293689 0.0318155 9.9991E-05
0.11431 0.435288 0.237496 0.0544413 9.9991E-05 0.112887 0.0454777
0.149673 0.33658 0.322519 9.9991E-05 0.04355 0.138781 0.00879831
0.0522602 0.14913 0.474553 0.101397 0.115151 0.0374379 0.0700714
0.0890652 0.118196 0.541994 0.0745927 0.0674465 0.0654271 0.0432783
0.0840491 0.200634 0.433411 0.031252 0.0368762 0.0268159 0.186962
0.133448 0.248923 0.253 0.0313162 0.125837 9.9991E-05 0.207375
0.0561767 0.576681 0.0384592 0.115186 0.0363493 0.0523285 0.12482
0.0698627 0.234131 0.400214 0.0232414 9.9991E-05 0.04943 0.223021
0.0528817 0.0520121 0.431152 0.227602 0.0179731 0.0438058 0.174573
0.0244541 0.173629 0.581899 0.00338541 9.9991E-05 0.118295 0.0982377
0.0990032 0.354522 0.259081 0.0597044 0.0270742 0.0514478 0.149167
0.0385318 0.0149819 0.646083 0.0810776 0.0854705 9.9991E-05 0.133755
0.101561 0.199983 0.554631 0.0790601 0.0180679 9.9991E-05 0.0465967
0.0948076 0.443305 0.223527 0.0036853 0.0461582 0.0434695 0.145048
0.218083 0.355318 0.135307 9.9982E-05 0.0545912 9.9982E-05 0.2365
0.0741017 0.364679 0.174691 0.0419837 9.9991E-05 0.190178 0.154267
9.9955E-05 9.9955E-05 0.168553 9.9955E-05 0.830947 9.9955E-05 9.9955E-05
9.9955E-05 9.9955E-05 0.181325 9.9955E-05 0.818175 9.9955E-05 9.9955E-05
0.0223428 9.9973E-05 0.146997 9.9973E-05 0.797069 9.9973E-05 0.0332917
0.00561411 9.9973E-05 0.170027 9.9973E-05 0.782843 9.9973E-05 0.0412159
9.999E-05 0.0723415 0.556995 0.0130162 0.0377513 0.0932798 0.226516
0.0530042 0.0929123 0.514985 0.0382195 0.053524 9.9991E-05 0.247255
0.0298427 9.9964E-05 0.584301 9.9964E-05 9.9964E-05 9.9964E-05 0.385457
9.9973E-05 0.596891 0.197604 9.9973E-05 0.0616927 9.9973E-05 0.143513
0.0557399 0.00433109 0.310044 0.0367217 0.00351913 9.9991E-05 0.589544
0.0062333 0.0928494 0.533247 9.9991E-05 0.0574878 0.0373638 0.272719
0.0325374 9.9982E-05 0.753087 0.0163227 9.9982E-05 0.00733401 0.190519
9.9991E-05 0.0651337 0.610046 0.17529 0.0755106 0.00639155 0.0675281
0.0274128 0.0778531 0.582148 0.0236759 0.0958242 9.9991E-05 0.192986
9.9982E-05 0.0771258 0.185773 0.0103214 0.0234948 9.9982E-05 0.703085
0.0331063 0.0713608 0.589986 0.215479 9.9982E-05 9.9982E-05 0.0898673
9.9982E-05 9.9982E-05 0.592921 0.0748208 0.0635768 0.0124484 0.256033
0.0914881 9.9982E-05 0.570246 0.126104 0.130732 9.9982E-05 0.0812297
9.9964E-05 9.9964E-05 0.350269 9.9964E-05 9.9964E-05 0.124586 0.524745
9.9973E-05 0.003285 0.645374 9.9973E-05 0.0596594 9.9973E-05 0.291381
0.0601242 0.033336 0.572615 9.9982E-05 0.131892 9.9982E-05 0.201833
9.9973E-05 9.9973E-05 9.9973E-05 0.202257 0.0520701 0.048357 0.697016
9.9982E-05 0.415009 0.137276 0.0516985 9.9982E-05 0.109778 0.286039
9.9982E-05 0.203905 0.101065 0.441613 9.9982E-05 0.138827 0.11439
0.116578 0.193026 0.606562 0.0221324 0.0177699 0.0200994 0.0238322
0.0758168 0.080661 0.600222 0.176207 0.06583 0.00116362 9.9991E-05
0.0339711 0.0407224 0.613373 0.239072 0.048461 9.9991E-05 0.024301
9.9991E-05 0.306361 0.186657 0.0841904 0.0808918 0.101851 0.239949
9.9982E-05 0.293045 0.526386 0.08833 9.9982E-05 0.0708355 0.0212036
0.0510811 0.104564 0.630134 0.172655 0.0413665 9.9982E-05 9.9982E-05
0.0442889 0.194257 0.362937 9.9991E-05 0.126833 0.0898053 0.181779
0.0606871 0.263803 0.0616176 0.18815 0.180661 0.0715702 0.173511
0.0352252 0.171503 0.524042 0.122421 0.0273539 9.9991E-05 0.119354
0.0473213 0.271502 0.390941 0.0728959 0.0846926 0.118779 0.0138689
9.9991E-05 0.481208 0.0718908 0.237774 0.0119761 0.0342308 0.16282
9.9982E-05 0.222429 0.491981 0.0990481 9.9982E-05 0.123477 0.0628642
0.0344849 0.095259 0.565817 0.0928539 0.029148 0.182337 9.9991E-05
0.0501857 0.0951757 0.529218 0.0149637 0.120286 0.0722987 0.117872
9.9991E-05 0.245444 0.343967 0.0841579 0.0822305 0.118098 0.126002
0.0867451 0.187694 0.446865 0.0561288 9.9991E-05 0.119395 0.103071
0.025629 0.124961 0.556366 9.9991E-05 0.0814257 0.137298 0.0742212
9.9991E-05 0.351499 0.214356 0.14275 0.00150537 0.198309 0.0914805
9.9973E-05 0.0144598 0.569294 0.00794302 9.9973E-05 9.9973E-05 0.408003
0.0218838 0.0987131 0.216333 9.9973E-05 9.9973E-05 9.9973E-05 0.662771
0.0319139 0.0334637 0.592707 0.101442 0.0146066 0.0672498 0.158617
9.9955E-05 9.9955E-05 9.9955E-05 0.110032 9.9955E-05 9.9955E-05 0.889468
9.9964E-05 9.9964E-05 9.9964E-05 0.0444346 9.9964E-05 0.0450636 0.910102
9.9955E-05 9.9955E-05 0.226741 9.9955E-05 9.9955E-05 9.9955E-05 0.772759
9.9982E-05 0.0709897 0.509024 0.048932 0.0175072 9.9982E-05 0.353347
9.9991E-05 0.0755716 0.519507 0.0264594 0.189853 0.0406908 0.147819
0.0107691 0.0034279 0.471413 0.05363 0.0511445 9.9991E-05 0.409516
0.0489006 0.151518 0.0935331 9.9982E-05 0.0584107 9.9982E-05 0.647438
9.9973E-05 0.198242 0.256917 9.9973E-05 0.03309 9.9973E-05 0.511451
0.0623226 0.0905518 0.528581 0.0022286 0.0325033 0.0826532 0.201159
0.0418692 0.0539589 0.250811 9.9991E-05 0.0325455 0.0345218 0.586194
9.9973E-05 0.0398827 0.406841 9.9973E-05 0.0918694 9.9973E-05 0.461107
9.9964E-05 9.9964E-05 0.41595 0.0413874 9.9964E-05 9.9964E-05 0.542263
9.9964E-05 9.9964E-05 9.9964E-05 0.199378 9.9964E-05 0.074201 0.726021
0.0306305 9.9973E-05 0.570765 0.136604 9.9973E-05 9.9973E-05 0.2617
0.0615428 0.0192623 0.126158 9.9982E-05 0.781512 9.9982E-05 0.0113259
9.9955E-05 9.9955E-05 0.104623 9.9955E-05 0.894878 9.9955E-05 9.9955E-05
0.0420551 9.9964E-05 0.108746 9.9964E-05 0.848799 9.9964E-05 9.9964E-05
0.00483202 9.9973E-05 0.0620493 0.0459903 0.886828 9.9973E-05 9.9973E-05
0.0209185 9.9964E-05 0.0982499 9.9964E-05 0.880432 9.9964E-05 9.9964E-05
0.0267701 9.9991E-05 0.0374235 0.0455235 0.867435 0.0197886 0.00295893
0.0315255 9.9973E-05 0.0513057 9.9973E-05 0.915152 9.9973E-05 0.0017171
0.0803014 0.029228 0.433741 0.0093533 0.0922973 0.119784 0.235295
0.089303 0.111127 0.451695 0.137694 0.0624866 9.9991E-05 0.147595
9.9991E-05 0.0468026 0.0807498 0.0565328 0.0275676 0.00288604 0.785361
0.0243927 0.0239442 0.576871 0.0974367 0.0606335 0.0540547 0.162667
0.0203645 0.0837545 0.454697 9.9982E-05 0.0356537 9.9982E-05 0.405331
0.0755531 9.9991E-05 0.546925 0.0504554 0.0156791 0.0302219 0.281066
9.9982E-05 0.0133508 0.569773 0.0494168 9.9982E-05 0.0628834 0.304376
0.0331568 9.9964E-05 0.511129 9.9964E-05 9.9964E-05 9.9964E-05 0.455315
9.9973E-05 0.15075 9.9973E-05 9.9973E-05 0.0416832 0.0171794 0.790087
0.0811841 0.0279319 0.482635 0.0861846 0.159278 9.9991E-05 0.162687
9.9982E-05 0.032684 0.692127 0.0735418 0.0468423 9.9982E-05 0.154605
0.114238 0.0928726 0.548668 0.0562161 0.0411059 0.0255366 0.121362
9.9973E-05 9.9973E-05 0.298459 0.0981618 0.0289073 9.9973E-05 0.574172
9.9973E-05 9.9973E-05 0.443231 9.9973E-05 0.00506067 0.0948335 0.456575
9.9982E-05 0.0957816 0.423221 0.0118676 0.0426368 9.9982E-05 0.426293
0.0787258 9.9964E-05 0.302607 9.9964E-05 9.9964E-05 9.9964E-05 0.618267
0.0119623 0.092723 0.431553 9.9982E-05 0.0450317 9.9982E-05 0.41853
9.9982E-05 9.9982E-05 0.59503 0.0234377 0.12795 0.0750366 0.178346
0.000825319 0.296605 0.296644 0.143774 9.9982E-05 0.261951 9.9982E-05
0.0565366 0.250539 0.455672 0.180632 0.0508825 9.9991E-05 0.00563744
0.0306626 0.116658 0.544845 9.9991E-05 0.123401 0.13385 0.0504825
0.0890811 0.166777 0.578759 0.0158458 0.0238874 0.0179629 0.107686
9.9982E-05 0.281873 0.449499 9.9982E-05 0.0606875 0.151904 0.0558362
0.0324272 0.227228 0.555804 0.0315878 9.9991E-05 0.0725939 0.0802589
9.9973E-05 0.408323 0.509612 9.9973E-05 0.0272684 0.0544963 9.9973E-05
9.9991E-05 0.0469775 0.554414 0.0378495 0.111622 0.0807801 0.168257
0.0373546 0.0843942 0.619519 0.0308597 0.0708418 0.0441481 0.112883
9.9982E-05 0.142465 0.62394 9.9982E-05 0.0438024 0.0711205 0.118473
9.9973E-05 0.264154 0.467746 9.9973E-05 9.9973E-05 0.16089 0.106911
0.0317588 0.0686297 0.660971 0.191889 9.9982E-05 0.0465515 9.9982E-05
0.229453 0.199486 0.402359 0.113567 0.00218619 0.0528481 9.9991E-05
0.0842014 0.178177 0.50164 9.9982E-05 9.9982E-05 0.102558 0.133224
0.0184138 0.21887 0.547043 0.0496744 0.0354973 0.12769 0.00281146
0.0596545 0.19795 0.597611 0.0887905 9.9991E-05 0.0200646 0.0358296
0.00251771 0.287116 0.385988 0.184053 0.0592768 0.0809485 9.9991E-05
0.0775801 0.170926 0.557074 0.108212 9.9991E-05 0.0118939 0.0742145
0.00482907 0.157169 0.668176 0.062916 0.0234394 0.0833709 9.9991E-05
0.0957029 0.391816 0.163759 9.9982E-05 9.9982E-05 0.123881 0.22464
0.0605025 0.321346 0.124284 0.217796 0.0145267 0.181528 0.0800164
0.00826711 0.152582 0.605952 0.110279 0.0698198 0.0529998 9.9991E-05
0.0361951 0.309931 0.0842966 0.148946 9.9991E-05 0.242671 0.177861
9.9982E-05 0.410472 0.355357 9.9982E-05 0.0385241 0.0681277 0.12732
0.0240046 0.292106 0.405795 9.9982E-05 9.9982E-05 0.0786801 0.199214
9.9973E-05 0.416145 0.351751 9.9973E-05 0.0325083 9.9973E-05 0.199296
9.9973E-05 0.46231 0.323841 9.9973E-05 9.9973E-05 0.0702716 0.143278
9.9991E-05 0.0497977 0.699145 0.115455 0.0395997 0.0750022 0.0209007
0.107166 0.0667333 0.56304 0.0465644 0.0673627 0.125346 0.0237875
9.9991E-05 0.150558 0.644756 0.02889 0.070149 0.0438886 0.0616579
0.0748078 0.276011 0.11907 0.212881 9.9991E-05 0.173481 0.143649
0.0387819 0.101221 0.550144 0.0835983 0.120357 0.105798 9.9991E-05
9.9973E-05 9.9973E-05 0.576827 0.23853 9.9973E-05 0.0263792 0.157964
9.9982E-05 0.0941846 9.9982E-05 0.404543 0.134942 0.162403 0.203727
9.9982E-05 9.9982E-05 0.71104 0.0993766 0.0723018 0.0925637 0.0245175
0.0223842 9.9991E-05 0.313461 0.26821 0.106423 0.138884 0.150537
0.0819005 0.0566987 0.419975 0.182652 0.0670031 0.126789 0.0649824
9.9991E-05 0.0301614 0.330757 0.414568 0.0578884 0.0522959 0.114229
9.9991E-05 0.141811 0.21708 0.370023 0.0797089 0.0600451 0.131231
9.9991E-05 0.125079 0.431926 0.121019 0.0490721 0.168655 0.10415
0.0979229 0.112763 0.497599 0.126604 0.0643957 0.0408682 0.0598476
9.9982E-05 0.0680359 0.471948 0.168215 0.144469 9.9982E-05 0.147132
0.172752 0.116906 9.9991E-05 0.395563 0.016383 0.00868352 0.289612
0.0864446 0.073448 0.493125 0.0750604 0.0710797 0.0882078 0.112634
9.9982E-05 0.0646662 0.380107 0.314446 9.9982E-05 0.00783661 0.232744
0.0285442 0.0534239 0.418453 0.154314 9.9991E-05 0.110087 0.235078
0.0231104 0.112999 0.571262 0.184666 0.0438607 0.064002 9.9991E-05
0.209608 9.9982E-05 0.200139 0.218701 0.272528 0.0988236 9.9982E-05
0.107459 9.9964E-05 9.9964E-05 0.404532 0.48761 9.9964E-05 9.9964E-05
0.144375 9.9973E-05 9.9973E-05 0.421998 0.414646 0.0186813 9.9973E-05
0.31903 0.0278984 0.13438 0.163598 0.354894 9.9982E-05 9.9982E-05
9.9973E-05 9.9973E-05 0.664026 0.264958 9.9973E-05 0.0156351 0.0550803
0.0996019 9.9991E-05 0.432545 0.104556 0.0717828 0.149462 0.141953
0.676097 9.9955E-05 0.323403 9.9955E-05 9.9955E-05 9.9955E-05 9.9955E-05
0.535433 0.206939 0.160619 9.9973E-05 9.9973E-05 9.9973E-05 0.0967089
0.376154 0.0987686 0.403708 9.9991E-05 0.0550882 0.0504581 0.0157237
9.9973E-05 9.9973E-05 0.344263 0.393271 9.9973E-05 0.166965 0.0952006
0.0926029 0.0574706 0.498715 0.1294 0.0740425 9.9991E-05 0.147669
9.9982E-05 0.00464397 0.247209 0.571425 9.9982E-05 0.0843743 0.0921478
9.9982E-05 9.9982E-05 0.573976 0.282825 0.00306371 0.0747939 0.065142
9.9973E-05 0.089365 0.480464 0.245228 9.9973E-05 0.184643 9.9973E-05
0.00429642 0.00660969 0.639523 0.279929 9.9991E-05 0.0437222 0.0258201
9.9982E-05 0.00274284 0.202993 0.427827 9.9982E-05 0.20617 0.160068
0.0940815 9.9991E-05 0.584164 0.052243 0.0661617 0.0938557 0.109394
0.0655991 9.9982E-05 0.509179 0.287724 0.00381526 9.9982E-05 0.133483
0.937618 9.9973E-05 0.0136575 9.9973E-05 9.9973E-05 0.0282836 0.0201407
0.88635 9.9973E-05 0.0564723 0.00966656 9.9973E-05 0.0472114 9.9973E-05
0.552495 9.9982E-05 0.312117 0.00245738 0.0443645 9.9982E-05 0.0883665
0.666515 0.0421524 0.27385 9.9973E-05 9.9973E-05 0.0171834 9.9973E-05
0.846521 0.0146034 0.0357665 9.9982E-05 0.0189087 9.9982E-05 0.0840005
0.9994 9.995E-05 9.995E-05 9.995E-05 9.995E-05 9.995E-05 9.995E-05
0.968176 0.031324 9.9955E-05 9.9955E-05 9.9955E-05 9.9955E-05 9.9955E-05
0.890367 9.9955E-05 0.109134 9.9955E-05 9.9955E-05 9.9955E-05 9.9955E-05
0.971432 0.0280685 9.9955E-05 9.9955E-05 9.9955E-05 9.9955E-05 9.9955E-05
0.9994 9.995E-05 9.995E-05 9.995E-05 9.995E-05 9.995E-05 9.995E-05
0.9994 9.995E-05 9.995E-05 9.995E-05 9.995E-05 9.995E-05 9.995E-05
0.773886 9.9964E-05 0.176019 9.9964E-05 9.9964E-05 0.049695 9.9964E-05
0.749094 0.0329398 0.157425 0.0114106 0.0489303 9.9982E-05 9.9982E-05
0.96057 0.0389297 9.9955E-05 9.9955E-05 9.9955E-05 9.9955E-05 9.9955E-05
0.400669 0.0306131 0.348274 9.9991E-05 0.10285 0.0185479 0.0989461
0.681643 0.0343581 0.146191 0.011477 0.0587919 9.9991E-05 0.0674386
0.745683 0.0189107 0.18189 9.9973E-05 0.0532165 9.9973E-05 9.9973E-05
0.88013 0.0206784 0.0789623 9.9973E-05 9.9973E-05 9.9973E-05 0.0199296
0.974763 9.9964E-05 0.0125047 0.012332 9.9964E-05 9.9964E-05 9.9964E-05
0.851355 0.0215362 0.103558 9.9973E-05 0.0232507 9.9973E-05 9.9973E-05
0.9994 9.995E-05 9.995E-05 9.995E-05 9.995E-05 9.995E-05 9.995E-05
0.620091 0.0799633 0.241831 9.9991E-05 0.0102643 0.0367824 0.0109678
0.902087 9.9955E-05 9.9955E-05 9.9955E-05 9.9955E-05 9.9955E-05 0.0974136
0.0393538 9.9982E-05 9.9982E-05 0.536847 0.287331 0.111573 0.0246951
0.110893 0.109235 0.42968 0.139852 0.122222 0.0315916 0.0565268
0.0347173 0.0566372 0.406382 0.244226 0.196581 9.9991E-05 0.0613564
0.0440418 9.9973E-05 0.248657 0.54683 0.160172 9.9973E-05 9.9973E-05
0.10608 0.0385419 0.396397 0.0850499 0.183618 0.0279739 0.162339
0.0648223 9.9991E-05 0.23755 0.379054 0.228253 0.0767268 0.013494
0.0296237 0.128121 0.432338 0.137868 0.172479 0.0929261 0.00664498
0.155675 9.9973E-05 0.391216 0.389657 0.0631523 9.9973E-05 9.9973E-05
0.0974589 9.9982E-05 0.493738 0.241773 0.117831 0.0489985 9.9982E-05
0.228443 9.9973E-05 0.277009 0.448243 0.0460054 9.9973E-05 9.9973E-05
0.0479448 0.00328971 0.495086 0.148664 0.223139 0.0817757 9.9991E-05
9.9982E-05 0.0623073 0.0330982 0.0121163 0.819844 0.0724339 9.9982E-05
0.0397179 9.9982E-05 0.00689571 0.000979715 0.912981 0.0392261 9.9982E-05
9.9964E-05 9.9964E-05 9.9964E-05 0.0271421 0.950288 9.9964E-05 0.0221697
9.9964E-05 0.0408795 0.0332467 9.9964E-05 0.925474 9.9964E-05 9.9964E-05
0.0298276 0.0499321 0.0468609 0.032015 0.841164 9.9982E-05 9.9982E-05
0.0944913 9.9964E-05 9.9964E-05 9.9964E-05 0.864917 0.0401916 9.9964E-05
0.0702001 9.9964E-05 0.051052 9.9964E-05 0.878348 9.9964E-05 9.9964E-05
9.9982E-05 0.0189348 9.9982E-05 0.0254279 0.888209 0.0598026 0.00742575
0.0541644 0.0323805 9.9973E-05 9.9973E-05 0.86254 9.9973E-05 0.050615
0.102794 9.9973E-05 0.00366966 0.0449106 0.848326 9.9973E-05 9.9973E-05
9.9982E-05 0.186236 9.9982E-05 0.00377566 0.616706 0.042453 0.150629
0.00413064 0.261342 9.9982E-05 9.9982E-05 0.600452 0.0135217 0.120353
9.9982E-05 0.286395 9.9982E-05 0.119838 0.525791 0.0299939 0.0377815
9.9973E-05 0.336614 9.9973E-05 0.060535 0.509227 9.9973E-05 0.0933238
0.0252419 0.0634947 0.453227 9.9982E-05 0.0794358 9.9982E-05 0.378401
0.0490196 0.0900413 0.463475 9.9991E-05 0.00871865 0.15042 0.238225
0.0781296 0.120004 0.549631 9.9982E-05 9.9982E-05 0.0200825 0.231953
9.9991E-05 0.262714 0.419499 0.0109026 0.0281947 0.00506522 0.273524
0.0499135 0.597429 0.145004 9.9982E-05 9.9982E-05 0.0581136 0.149341
0.0613116 0.0578416 0.539182 9.9991E-05 0.00236004 0.0848817 0.254323
0.0464869 0.0334831 0.552063 9.9982E-05 9.9982E-05 0.000194331 0.367573
0.0312864 0.130662 0.47074 0.00498994 9.9991E-05 0.00534064 0.356881
0.0661126 0.0141531 0.334161 9.9973E-05 9.9973E-05 9.9973E-05 0.585274
0.0371821 0.107592 0.597384 0.0375006 9.9991E-05 0.126113 0.0941286
9.9964E-05 0.0982529 0.389919 9.9964E-05 9.9964E-05 9.9964E-05 0.511429
9.9964E-05 9.9964E-05 9.9964E-05 0.00424137 9.9964E-05 0.228989 0.76637
0.0319883 0.222203 0.513419 9.9991E-05 0.0662757 0.00845395 0.157559
0.0178351 9.9982E-05 0.166059 0.177702 9.9982E-05 0.0820258 0.556178
9.9982E-05 0.0414701 0.489833 0.0605663 9.9982E-05 0.0375289 0.370402
9.9973E-05 0.189456 0.0889778 9.9973E-05 0.0566423 9.9973E-05 0.664624
9.9964E-05 0.727974 9.9964E-05 0.166091 0.105535 9.9964E-05 9.9964E-05
9.9982E-05 0.735408 0.0730816 0.0615516 0.0786979 0.0510609 9.9982E-05
9.9973E-05 0.845514 9.9973E-05 0.0553403 0.0260339 0.0728115 9.9973E-05
9.9982E-05 0.74433 9.9982E-05 0.0111962 0.0935539 0.102956 0.0477643
0.0225536 0.832105 0.00594111 0.0656864 9.9982E-05 0.0735144 9.9982E-05
0.00599076 0.750459 0.0569146 0.0203224 0.0907005 0.0755124 9.9991E-05
0.0338003 9.9973E-05 0.100405 9.9973E-05 0.856014 9.9973E-05 0.00948018
0.0723152 0.122614 0.0276225 9.9973E-05 0.777148 9.9973E-05 9.9973E-05
0.0945549 9.9964E-05 0.146119 9.9964E-05 0.758926 9.9964E-05 9.9964E-05
0.106615 0.114071 0.053959 9.9973E-05 0.725055 9.9973E-05 9.9973E-05
0.0583781 0.0532897 0.111083 9.9973E-05 0.776949 9.9973E-05 9.9973E-05
9.9973E-05 0.508093 9.9973E-05 0.00340694 0.3843 9.9973E-05 0.1039
9.9982E-05 0.337156 9.9982E-05 0.0320515 0.476855 0.0641709 0.0895664
9.9973E-05 0.393459 9.9973E-05 9.9973E-05 0.454409 0.0281406 0.123691
9.9955E-05 9.9955E-05 0.179991 9.9955E-05 0.819509 9.9955E-05 9.9955E-05
9.9982E-05 0.489307 9.9982E-05 0.0408782 0.372088 0.0176558 0.0798711
0.390313 9.9982E-05 0.195098 0.204477 0.178339 0.0315722 9.9982E-05
0.210828 0.106671 0.53301 0.036931 0.11236 9.9982E-05 9.9982E-05
0.227906 9.9964E-05 0.589327 9.9964E-05 0.182367 9.9964E-05 9.9964E-05
0.240366 0.0305636 0.313365 0.194342 0.182012 0.0392506 9.9991E-05
0.137854 0.0942202 0.474278 0.0605415 0.158272 9.9991E-05 0.0747341
0.33233 9.9973E-05 9.9973E-05 0.282376 0.373314 0.0116798 9.9973E-05
9.9991E-05 0.307081 0.460948 0.0322578 0.0017583 0.0968047 0.10105
9.9991E-05 0.23305 0.370845 0.153051 0.00280422 0.139176 0.100974
9.9973E-05 0.495744 0.311372 9.9973E-05 0.0513084 0.141276 9.9973E-05
0.024736 0.156475 0.351809 0.0311278 9.9991E-05 0.285585 0.150166
9.9973E-05 0.118692 9.9973E-05 0.304603 9.9973E-05 0.399589 0.176816
0.0342928 0.0726969 0.496873 0.0966986 0.0876444 9.9991E-05 0.211695
0.0107369 0.236571 0.475869 0.0785694 9.9991E-05 0.0818752 0.116279
9.9991E-05 0.366884 0.314095 0.0124321 0.0326023 0.0962162 0.17767
0.000844858 0.124542 0.565577 0.0470587 0.115256 0.106787 0.0399337
9.9982E-05 0.275654 0.095329 0.261511 9.9982E-05 0.154466 0.21284
0.0403807 0.127713 0.336642 0.175262 9.9991E-05 0.206446 0.113457
9.9982E-05 0.307553 0.591976 0.0743607 9.9982E-05 0.00807704 0.0178338
0.121679 0.0560342 0.404977 0.123429 0.149509 9.9991E-05 0.144271
0.0388418 0.243986 0.290125 0.117644 9.9991E-05 0.174037 0.135266
0.00169835 0.281359 0.491161 0.0225924 9.9991E-05 0.130658 0.0724317
0.0204797 0.022112 0.534143 0.134693 0.0139254 0.19547 0.0791764
0.0119812 0.153225 0.45864 0.0466931 0.0210932 0.138958 0.169411
0.0145986 0.181666 0.622472 9.9991E-05 0.0702187 0.0699153 0.0410295
0.0803891 0.0724893 0.484749 0.0312745 0.0842289 0.00386767 0.243002
9.9988E-05 0.161191 0.530277 0.1719 0.085799 9.9988E-05 0.0506336
0.106459 9.9973E-05 0.108434 9.9973E-05 0.775318 0.00948898 9.9973E-05
0.0310844 9.9973E-05 0.0509521 9.9973E-05 0.823857 0.0938061 9.9973E-05
0.0390936 0.0933147 0.0315507 0.0150496 0.7656 9.9991E-05 0.0552911
0.0491753 0.0234844 0.0479556 9.9991E-05 0.813382 0.0606623 0.00524059
0.01705 9.9973E-05 0.119508 9.9973E-05 0.842213 0.0209297 9.9973E-05
0.0445837 0.586617 0.197887 0.0525149 9.9991E-05 0.0179619 0.100335
0.0419197 0.0870434 0.484764 0.0822909 0.0558977 0.116609 0.131476
0.0943982 9.9982E-05 0.534274 0.105953 0.247449 0.0177264 9.9982E-05
0.050143 0.0467587 0.602834 0.0697953 0.0629122 0.0581801 0.109376
9.9991E-05 0.242651 0.54181 0.00747646 0.0624838 0.0301555 0.115323
9.9973E-05 0.298186 0.311938 0.203802 9.9973E-05 0.185775 9.9973E-05
9.9982E-05 0.538095 0.0548438 0.12711 0.113128 9.9982E-05 0.166624
9.9991E-05 0.31424 0.51549 0.00934135 0.0353064 0.0795939 0.0459288
0.049844 0.468445 0.156554 9.9991E-05 0.0582618 0.196398 0.0703977
0.0569804 0.192603 0.413942 0.0751461 9.9991E-05 0.109403 0.151825
9.9982E-05 0.508947 0.122986 9.9982E-05 0.128316 0.182047 0.0575033
0.0982574 0.199443 0.502865 0.0240723 0.121577 0.0275018 0.0262839
9.9991E-05 0.502487 0.209003 0.0331044 0.0829762 0.0944063 0.077923
0.0273477 0.21489 0.366699 0.12289 0.0560634 0.122323 0.0897866
0.0799826 0.070759 0.448768 0.217272 0.0324455 0.119129 0.0316444
9.9973E-05 0.0932335 0.325301 0.470683 9.9973E-05 0.110483 9.9973E-05
9.9973E-05 0.0754336 0.516623 0.235173 9.9973E-05 9.9973E-05 0.17247
9.9991E-05 0.0464095 0.49747 0.230601 0.0763427 0.0716146 0.0774622
9.9982E-05 0.0800194 0.383285 0.421519 9.9982E-05 0.111582 0.00339418
0.0671197 0.0886322 0.4172 0.104239 0.0987911 0.14624 0.0777789
9.9982E-05 0.0236851 0.580915 0.292941 9.9982E-05 0.070219 0.0320396
9.9982E-05 0.10923 0.104739 0.559007 9.9982E-05 0.115456 0.111368
9.9982E-05 0.0110492 0.27234 0.576921 9.9982E-05 0.0560622 0.0834275
9.9982E-05 0.0854756 0.540198 0.28398 0.0270864 0.0630602 9.9982E-05
9.9982E-05 0.0331408 0.211379 0.475668 9.9982E-05 0.127972 0.15164
9.9973E-05 0.113905 0.453863 0.376428 9.9973E-05 9.9973E-05 0.0555032
0.0753882 0.644061 0.0874368 0.00051003 9.9991E-05 0.0248344 0.16767
0.00275329 0.305891 0.251913 0.052824 9.9991E-05 0.33796 0.0485595
0.0879656 0.344166 0.330267 9.9991E-05 0.0510714 0.112299 0.074131
0.0862845 0.179781 0.640307 0.0671175 9.9982E-05 0.02631 9.9982E-05
9.9982E-05 0.461026 0.275864 0.0189828 9.9982E-05 0.0546604 0.189267
0.0471661 0.100272 0.401846 0.0212348 0.0935807 0.32547 0.0104312
0.0833789 0.145921 0.563779 0.0509693 9.9982E-05 9.9982E-05 0.155752
0.0746257 0.312483 0.445264 0.00930369 0.0180964 9.9991E-05 0.140128
0.121874 0.255246 0.395092 9.9991E-05 0.0244317 0.0917299 0.111526
0.0866623 0.32413 0.350251 9.9973E-05 9.9973E-05 9.9973E-05 0.238656
0.115599 0.473621 0.162217 9.9973E-05 9.9973E-05 9.9973E-05 0.248262
0.0693282 0.462807 0.40377 0.00501354 9.9991E-05 0.0407716 0.0182095
0.0353525 0.255904 0.60544 0.0221019 9.9982E-05 0.0810016 9.9982E-05
0.0992027 0.11983 0.539953 9.9991E-05 0.0233527 0.156664 0.0608978
0.0413442 0.226089 0.345346 0.0759523 0.0603089 0.192242 0.0587185
0.172054 0.259658 0.396349 9.9973E-05 9.9973E-05 0.171639 9.9973E-05
0.0341771 0.441393 0.367644 0.124346 0.0322393 9.9982E-05 9.9982E-05
0.0165173 0.149546 0.682037 0.0474405 0.0273388 0.0698623 0.00725851
0.154017 0.24478 0.387774 9.9991E-05 0.00507991 0.158049 0.0501999
0.145832 0.112794 0.390012 0.06164 0.0756423 0.17262 0.0414602
0.0889238 9.9982E-05 0.49888 0.0522319 0.340503 9.9982E-05 0.0192615
0.149109 9.9991E-05 0.448131 0.066898 0.170159 0.0953192 0.0702837
0.131483 0.074112 0.495008 0.0780323 0.133341 9.9991E-05 0.0879244
0.167631 0.0129342 0.535646 9.9991E-05 0.0460512 0.136721 0.100917
0.193962 9.9982E-05 0.461558 9.9982E-05 0.190595 0.0242329 0.129452
0.0347624 0.0873764 0.469729 0.112643 9.9991E-05 0.21556 0.079829
0.171148 0.0521848 0.433454 9.9991E-05 0.182435 0.086013 0.0746656
0.139615 9.9982E-05 0.0143945 0.455848 0.232978 9.9982E-05 0.156965
0.173924 0.0850866 0.516598 0.136549 0.0859237 9.9991E-05 0.00181888
0.127467 0.012491 0.61661 0.057014 0.0554129 0.11153 0.0194751
0.20825 0.081826 0.422162 9.9991E-05 0.0879473 0.150217 0.0494981
0.164371 0.047863 0.303629 0.205586 0.114079 0.0634706 0.101
0.177143 0.0484564 0.467832 0.101362 0.169063 9.9991E-05 0.0360446
0.15658 9.9982E-05 0.483984 0.0802838 0.14816 0.130792 9.9982E-05
0.185969 9.9973E-05 9.9973E-05 0.335656 0.460885 9.9973E-05 0.0171895
0.19216 9.9991E-05 0.422643 0.0308908 0.242624 0.0665769 0.0450049
0.189672 9.9982E-05 0.507456 0.056655 0.101875 0.144142 9.9982E-05
0.0620812 0.0030408 0.658998 0.0169104 0.157617 0.0699383 0.0314142
0.213906 9.9973E-05 0.514622 0.162737 0.108435 9.9973E-05 9.9973E-05
0.107374 0.0439323 0.572928 0.109461 0.0529693 0.0871943 0.0261417
0.0487384 0.0345464 0.389176 9.9991E-05 0.0340835 0.473596 0.0197597
0.0488707 9.9991E-05 0.456831 0.00960756 0.154192 0.306861 0.0235378
9.9964E-05 0.0794825 9.9964E-05 0.0161846 9.9964E-05 0.903933 9.9964E-05
9.9964E-05 0.0580188 9.9964E-05 9.9964E-05 9.9964E-05 0.926074 0.0155073
0.0344272 0.0600219 0.55333 9.9991E-05 0.0371537 0.286109 0.0288575
0.309215 0.0323013 0.406992 0.154702 0.061365 0.0353242 9.9991E-05
0.350879 9.9982E-05 0.29468 0.0838902 0.0673711 0.202979 9.9982E-05
0.271704 9.9982E-05 0.143442 0.191416 0.199586 0.193652 9.9982E-05
0.263953 9.9982E-05 0.307262 0.0989279 0.187726 0.141932 9.9982E-05
0.0816298 9.9973E-05 9.9973E-05 0.140214 0.0763001 0.701556 9.9973E-05
0.0867929 9.9982E-05 0.106516 0.121211 0.062677 0.622603 9.9982E-05
0.0953464 9.9973E-05 0.577843 9.9973E-05 9.9973E-05 0.31323 0.0132805
0.093371 9.9973E-05 0.40074 9.9973E-05 0.0602036 0.445385 9.9973E-05
0.132428 9.9973E-05 0.100355 9.9973E-05 0.059722 0.707196 9.9973E-05
0.085711 0.023895 0.434214 9.9991E-05 0.0893146 0.332607 0.0341584
0.0881541 9.9982E-05 0.491252 0.0231368 0.0519058 0.345351 9.9982E-05
0.156782 0.0416773 0.404819 0.0963526 0.0719782 0.216623 0.0117665
9.9982E-05 0.0254859 0.316014 9.9982E-05 0.0158169 0.609822 0.0326608
9.9973E-05 0.0834057 0.417266 9.9973E-05 9.9973E-05 0.474297 0.0247306
9.9991E-05 0.040216 0.560613 0.0145406 0.0621898 0.302073 0.0202678
0.0365895 0.157285 0.382776 0.0469668 0.015367 0.352442 0.00857353
0.148796 0.0490574 0.467353 0.0953924 0.00283894 0.202303 0.0342594
9.9982E-05 0.0177361 0.409667 0.141535 9.9982E-05 0.375167 0.0556946
9.9964E-05 0.0617376 0.137766 9.9964E-05 9.9964E-05 0.800097 9.9964E-05
0.0503529 9.9973E-05 0.517299 9.9973E-05 0.0756074 0.356441 9.9973E-05
9.9973E-05 0.0733882 0.160179 9.9973E-05 9.9973E-05 0.737722 0.0284104
9.9973E-05 9.9973E-05 0.38568 0.0171325 0.0115741 0.585313 9.9973E-05
0.0453732 0.0522525 0.467622 9.9991E-05 0.098958 0.276519 0.0591752
0.0157291 0.00250768 0.443541 0.0552475 0.0257607 0.341234 0.11598
0.244429 9.9991E-05 0.345844 0.0605032 0.145471 0.122589 0.0810638
0.0693281 9.9982E-05 0.475372 0.0728669 0.16648 0.215753 9.9982E-05
0.292738 0.023905 0.336152 0.147468 0.12253 0.0325409 0.0446657
0.28629 0.196575 0.170572 0.141912 0.124697 0.0216331 0.0583206
0.201894 0.0986101 0.37377 0.0320707 0.136495 0.0107949 0.146366
0.176853 9.9982E-05 0.423024 0.0175212 0.140348 0.242053 9.9982E-05
0.106906 9.9973E-05 9.9973E-05 0.0718573 0.209161 0.611776 9.9973E-05
0.193358 0.0385853 0.547768 0.0400106 0.0972304 0.0829481 9.9991E-05
0.0816278 9.9973E-05 9.9973E-05 0.105175 0.387192 0.425705 9.9973E-05
0.175087 9.9973E-05 0.458924 9.9973E-05 0.0761845 0.289504 9.9973E-05
9.9964E-05 9.9964E-05 0.0503084 9.9964E-05 9.9964E-05 0.758801 0.190491
9.9955E-05 9.9955E-05 9.9955E-05 9.9955E-05 9.9955E-05 0.86593 0.13357
0.01127 9.9973E-05 0.442363 9.9973E-05 9.9973E-05 0.421677 0.12439
9.9964E-05 9.9964E-05 0.551109 9.9964E-05 0.00455569 0.443936 9.9964E-05
9.9964E-05 9.9964E-05 0.349041 9.9964E-05 9.9964E-05 0.57856 0.0719987
9.9964E-05 9.9964E-05 0.457862 9.9964E-05 9.9964E-05 0.431243 0.110495
9.9955E-05 9.9955E-05 0.457569 9.9955E-05 9.9955E-05 0.541931 9.9955E-05
0.0298128 9.9982E-05 0.0937456 0.0139612 0.761503 0.100777 9.9982E-05
0.089833 0.106996 0.00298118 9.9991E-05 0.730668 0.0587945 0.0106272
0.0700231 0.034608 9.9964E-05 9.9964E-05 0.894969 9.9964E-05 9.9964E-05
9.9964E-05 9.9964E-05 0.0562748 9.9964E-05 0.941546 0.00177929 9.9964E-05
0.0174603 0.0344738 0.512358 0.109423 0.0112754 9.9991E-05 0.314909
0.0649034 0.0175438 0.465356 9.9991E-05 0.0646872 0.0548583 0.332551
9.9973E-05 9.9973E-05 0.459956 9.9973E-05 0.00788184 0.00588459 0.525977
0.0515062 0.0100369 0.544763 0.0323712 0.0772948 9.9991E-05 0.283928
0.0686367 0.107033 0.520766 0.0927264 0.0479715 0.0218966 0.14097
9.9982E-05 0.0771441 0.266182 0.0806799 9.9982E-05 0.0282685 0.547525
0.0565188 9.9982E-05 0.564308 9.9982E-05 0.0227939 0.068057 0.288122
9.9973E-05 9.9973E-05 0.328698 0.0826474 9.9973E-05 0.1128 0.475554
0.126993 9.9982E-05 0.428467 0.0527762 0.280192 0.111372 9.9982E-05
0.0529256 0.0595484 0.352523 0.0085577 9.9991E-05 0.16628 0.360065
9.9973E-05 0.10782 0.398795 9.9973E-05 0.0032241 9.9973E-05 0.48986
0.021418 9.9973E-05 0.513271 9.9973E-05 9.9973E-05 0.143073 0.321938
0.027362 0.111051 0.361495 9.9991E-05 0.0123307 0.0218223 0.465839
0.0517522 9.9982E-05 0.539112 0.0665061 9.9982E-05 0.0425019 0.299928
9.9973E-05 9.9973E-05 0.553362 9.9973E-05 0.0891939 0.0161306 0.341014
9.9964E-05 9.9964E-05 0.0563186 9.9964E-05 9.9964E-05 0.0641698 0.879112
0.0229009 9.9982E-05 0.211727 0.118365 9.9982E-05 0.0248702 0.621937
9.9982E-05 0.0915861 0.29572 0.0381074 0.0146509 9.9982E-05 0.559735
9.9964E-05 9.9964E-05 9.9964E-05 0.185856 9.9964E-05 0.0358247 0.777919
9.9991E-05 0.0987822 0.433699 0.0125194 0.0489116 0.0050303 0.400958
9.9982E-05 0.012556 0.0758784 0.240474 9.9982E-05 0.00653891 0.664353
9.9964E-05 9.9964E-05 9.9964E-05 0.177254 9.9964E-05 0.105003 0.717343
9.9991E-05 0.0273665 0.559988 0.0449127 0.0158204 0.0828528 0.268959
9.9982E-05 0.0348499 0.241559 9.9982E-05 0.0432817 0.00473915 0.67537
0.0735236 0.0809795 0.354042 0.0636282 9.9982E-05 9.9982E-05 0.427627
0.0946863 9.9991E-05 0.51205 0.053606 0.108462 0.045592 0.185504
0.0141198 0.108106 0.51514 9.9982E-05 0.0296189 9.9982E-05 0.332815
0.0414916 0.275087 0.303387 0.0437499 9.9991E-05 0.208848 0.127337
0.0196535 0.0493544 0.525111 9.9982E-05 9.9982E-05 0.01476 0.390921
0.0299447 0.0403843 0.459424 0.0135564 0.0723426 0.0439244 0.340424
9.9964E-05 9.9964E-05 0.304337 0.0370366 9.9964E-05 9.9964E-05 0.658227
0.0387247 0.0243636 0.535368 9.9991E-05 0.0907582 0.0701727 0.240513
9.9973E-05 0.271142 0.012643 0.0811506 0.634764 9.9973E-05 9.9973E-05
0.0157822 0.082045 0.0136235 0.00287949 0.747151 9.9991E-05 0.138419
9.9973E-05 0.108888 9.9973E-05 0.0669881 0.778408 9.9973E-05 0.0454166
9.9982E-05 0.11546 9.9982E-05 0.0437031 0.778397 0.0477959 0.0144434
9.9973E-05 0.183104 0.0462866 0.0610025 0.709307 9.9973E-05 9.9973E-05
9.9973E-05 0.119081 0.17724 9.9973E-05 0.0610628 9.9973E-05 0.642316
9.9982E-05 0.0305839 0.165059 0.0736303 0.0717684 9.9982E-05 0.658758
0.0273777 9.9973E-05 0.120131 0.0183516 9.9973E-05 9.9973E-05 0.83384
0.0265276 0.00746282 0.628899 9.9991E-05 0.0912517 0.0636371 0.182122
0.00977504 9.9991E-05 0.632864 0.071017 0.0856012 0.0784771 0.122165
9.9973E-05 9.9973E-05 0.244303 0.134755 0.0362532 9.9973E-05 0.58439
0.0849354 9.9973E-05 0.508183 9.9973E-05 0.0248584 9.9973E-05 0.381723
0.0280516 9.9982E-05 0.383055 0.119802 0.0400427 9.9982E-05 0.428849
9.9982E-05 0.0250107 0.599239 0.0726036 0.00693579 9.9982E-05 0.296011
0.00237671 9.9991E-05 0.663753 0.0161788 0.0743197 0.0350045 0.208267
0.0493039 0.143205 0.201836 0.00150448 9.9991E-05 0.0266109 0.57744
9.9964E-05 0.0642984 0.34656 9.9964E-05 9.9964E-05 9.9964E-05 0.588741
9.9964E-05 0.158771 0.312711 9.9964E-05 9.9964E-05 9.9964E-05 0.528118
0.00494957 9.9982E-05 0.65209 0.278418 0.0106232 9.9982E-05 0.0537192
9.9973E-05 0.0345517 0.382009 9.9973E-05 0.0198452 9.9973E-05 0.563295
0.0249141 0.106855 0.457114 0.0249253 0.0027301 9.9991E-05 0.383361
0.414792 9.9982E-05 0.40116 0.0400996 0.138476 9.9982E-05 0.00527311
0.356196 9.9973E-05 0.43 0.147279 0.0662253 9.9973E-05 9.9973E-05
0.434232 9.9982E-05 0.422809 0.0177489 0.0909927 0.0340168 9.9982E-05
0.451567 9.9973E-05 0.350073 0.0764978 0.121562 9.9973E-05 9.9973E-05
0.240698 9.9982E-05 0.558379 0.0943833 0.0861345 0.0202045 9.9982E-05
0.0688314 9.9973E-05 0.466717 0.195771 9.9973E-05 9.9973E-05 0.268381
0.630684 9.9973E-05 0.0702595 0.0419712 0.256786 9.9973E-05 9.9973E-05
0.445092 9.9982E-05 0.351391 0.0238398 0.162553 0.0169238 9.9982E-05
0.125549 9.9982E-05 0.422643 0.274683 0.127668 9.9982E-05 0.0492569
0.0125136 9.9982E-05 0.588163 0.241119 0.11348 0.044525 9.9982E-05
0.0568426 0.0667411 0.419744 0.279441 0.0591255 0.0616674 0.0564384
9.9973E-05 0.032647 0.65549 0.180319 0.131244 9.9973E-05 9.9973E-05
9.9982E-05 0.0484493 0.64545 0.203545 0.0318044 9.9982E-05 0.0705507
0.445216 9.9964E-05 0.324417 9.9964E-05 0.229967 9.9964E-05 9.9964E-05
0.326786 0.0341263 0.384285 9.9982E-05 0.187977 9.9982E-05 0.0666263
0.500897 9.9973E-05 0.362879 0.0794254 0.0564987 9.9973E-05 9.9973E-05
0.311275 0.161851 0.384847 9.9991E-05 0.0255871 0.0919102 0.02443
0.530953 0.0260535 0.255423 0.0826245 0.07674 0.028106 9.9991E-05
0.288523 9.9982E-05 0.403928 0.0515753 0.140806 0.114968 9.9982E-05
0.560046 9.9973E-05 0.234083 9.9973E-05 0.142296 0.0632756 9.9973E-05
0.329372 0.0123038 0.453076 0.103475 0.0928471 0.00882647 9.9991E-05
0.0166693 9.9982E-05 0.557871 0.312883 0.0494458 9.9982E-05 0.0629307
0.317162 0.0204018 0.312135 0.0102767 0.167129 0.0300219 0.142874
0.628462 9.9973E-05 0.15702 0.0370425 0.177176 9.9973E-05 9.9973E-05
0.472417 0.0618537 0.225018 9.9982E-05 0.0861279 9.9982E-05 0.154383
9.9982E-05 0.299337 0.257936 0.329323 0.0927815 9.9982E-05 0.0204227
0.102348 0.111688 0.549242 0.236422 9.9973E-05 9.9973E-05 9.9973E-05
0.329018 0.0658971 0.410671 0.0397416 0.0863241 0.0193768 0.0489715
9.9973E-05 0.0820002 0.613389 0.262917 0.0413939 9.9973E-05 9.9973E-05
0.001744 0.0661361 0.560322 0.2092 0.0974896 0.0180827 0.0470251
0.292987 0.024524 0.292908 0.151247 0.0952575 9.9991E-05 0.142975
0.219309 0.015957 0.362332 0.0493423 0.225347 0.121678 0.00603431
0.0871283 0.11253 0.59207 0.139671 0.0459396 0.0066916 0.01597
0.357222 9.9973E-05 0.384563 9.9973E-05 0.15786 9.9973E-05 0.100055
0.461964 9.9982E-05 0.442522 0.0498149 0.0351646 0.010334 9.9982E-05
0.610454 9.9973E-05 0.131858 0.104549 0.15284 9.9973E-05 9.9973E-05
0.0474856 9.9982E-05 0.612195 0.187273 0.0718677 0.0809789 9.9982E-05
9.9982E-05 0.0673556 0.485422 0.251876 0.0999385 9.9982E-05 0.0952086
0.00318133 0.0123512 0.229083 0.638349 0.067787 0.0491492 9.9991E-05
0.00558419 0.0116939 0.573637 0.0450053 0.179266 9.9991E-05 0.184713
0.0675907 0.236127 0.359629 0.17829 0.0899362 0.011363 0.0570645
0.0896711 9.9991E-05 0.4929 0.184618 0.1674 0.0272691 0.0380418
9.9973E-05 9.9973E-05 0.588779 0.196788 0.146961 0.0671726 9.9973E-05
0.192668 9.9964E-05 9.9964E-05 0.603073 0.203859 9.9964E-05 9.9964E-05
0.105672 9.9964E-05 9.9964E-05 0.719277 0.174651 9.9964E-05 9.9964E-05
0.0968168 0.0688408 0.293801 0.407937 0.104888 0.0276169 9.9991E-05
0.193677 9.9973E-05 0.0618421 0.495 0.249181 9.9973E-05 9.9973E-05
0.216919 9.9964E-05 9.9964E-05 0.416571 0.36611 9.9964E-05 9.9964E-05
0.0976487 0.0186455 0.338261 0.294285 0.109962 0.0943544 0.0468439
0.15327 9.9991E-05 0.375022 0.163041 0.219546 0.0395798 0.0494415
0.186604 9.9973E-05 0.203519 0.392934 0.216643 9.9973E-05 9.9973E-05
0.095958 9.9973E-05 0.128881 0.543511 0.23135 9.9973E-05 9.9973E-05
0.0844449 0.0134641 0.477081 0.225006 0.0991346 0.0334543 0.0674152
0.0708934 9.9982E-05 0.203588 0.497825 0.159709 9.9982E-05 0.0677845
0.0098476 9.9964E-05 9.9964E-05 0.664801 0.324951 9.9964E-05 9.9964E-05
0.178253 0.0413728 0.541566 0.140699 0.0319488 0.06606 9.9991E-05
0.193319 0.0435221 0.324514 0.28569 0.152755 9.9982E-05 9.9982E-05
0.170532 0.00236132 0.43984 0.0600791 0.283459 9.9991E-05 0.0436285
0.210602 9.9964E-05 0.621199 9.9964E-05 0.167799 9.9964E-05 9.9964E-05
0.0838689 9.9991E-05 0.608308 0.01447 0.189786 0.0569317 0.0465356
0.322827 0.0672803 0.394647 0.051449 0.0799059 0.028108 0.0557829
0.229401 0.063468 0.320107 0.0641285 0.322696 9.9982E-05 9.9982E-05
0.114478 0.0695608 0.559075 0.00548704 0.237123 9.9991E-05 0.0141753
0.253028 9.9982E-05 0.454788 0.0253181 0.232629 9.9982E-05 0.0340362
0.241814 9.9982E-05 0.359251 0.128699 0.200036 0.0699988 9.9982E-05
0.0966883 0.133674 0.296815 9.9991E-05 0.192849 0.0413107 0.238564
0.0909516 9.9982E-05 0.568006 0.121396 0.149486 9.9982E-05 0.0699599
0.100276 9.9982E-05 0.499179 0.170418 0.141385 0.0885425 9.9982E-05
0.0757643 0.01039 0.543199 9.9991E-05 0.0978366 0.0363109 0.236399
0.233489 0.00828632 0.380861 0.0826225 0.294541 9.9982E-05 9.9982E-05
0.146336 9.9991E-05 0.568944 0.0405489 0.225986 0.000844233 0.0172414
0.210306 9.9982E-05 0.169732 0.241344 0.327337 9.9982E-05 0.0510793
0.0754557 0.0130618 0.617119 0.0297532 0.206586 0.0579242 9.9991E-05
0.299486 9.9991E-05 0.200183 0.135714 0.236778 0.000810234 0.126929
9.9973E-05 0.111527 9.9973E-05 0.0466881 0.776008 9.9973E-05 0.065477
9.9973E-05 0.728774 0.118319 9.9973E-05 0.0601615 9.9973E-05 0.0924457
9.9955E-05 0.971637 9.9955E-05 9.9955E-05 9.9955E-05 9.9955E-05 0.0278632
9.9964E-05 0.973868 0.0024018 9.9964E-05 0.0233305 9.9964E-05 9.9964E-05
0.000210706 0.933381 0.033629 0.0324791 9.9973E-05 9.9973E-05 9.9973E-05
0.0175174 0.900119 0.081964 9.9964E-05 9.9964E-05 9.9964E-05 9.9964E-05
9.9955E-05 0.90894 0.0905607 9.9955E-05 9.9955E-05 9.9955E-05 9.9955E-05
9.9964E-05 0.890454 9.9964E-05 9.9964E-05 0.040913 9.9964E-05 0.0682333
9.9955E-05 0.802963 9.9955E-05 9.9955E-05 0.196537 9.9955E-05 9.9955E-05
0.00327168 0.0286938 0.0687319 9.9973E-05 0.899003 9.9973E-05 9.9973E-05
9.9964E-05 0.146082 0.070892 9.9964E-05 0.782626 9.9964E-05 9.9964E-05
0.0934179 0.0195296 9.9973E-05 9.9973E-05 0.853291 9.9973E-05 0.0334617
9.9982E-05 0.0785499 0.046925 0.0393289 0.818464 0.0165327 9.9982E-05
0.0982511 0.0137856 0.0281455 9.9982E-05 0.828642 9.9982E-05 0.0309754
9.9964E-05 0.0649487 9.9964E-05 9.9964E-05 0.889895 0.0447562 9.9964E-05
0.109633 0.039209 0.0705255 9.9991E-05 0.761987 0.00471568 0.0138307
0.0863994 9.9973E-05 0.0279548 9.9973E-05 0.860842 0.0245036 9.9973E-05
0.0163186 0.0606625 0.0387519 9.9991E-05 0.718099 0.0629873 0.10308
0.07605 9.9973E-05 0.024151 9.9973E-05 0.86681 0.0326889 9.9973E-05
9.9964E-05 9.9964E-05 9.9964E-05 0.0106105 0.930997 0.057993 9.9964E-05
0.0505368 0.0676164 0.00733485 0.0957045 0.778607 9.9982E-05 9.9982E-05
0.014039 0.014741 0.0177806 0.0385311 0.914708 9.9982E-05 9.9982E-05
9.9964E-05 9.9964E-05 0.0759968 0.0306046 0.892999 9.9964E-05 9.9964E-05
0.0402725 9.9973E-05 0.0884838 9.9973E-05 0.860469 9.9973E-05 0.0104743
0.0391521 9.9973E-05 0.110136 9.9973E-05 0.838605 0.0118068 9.9973E-05
0.138482 9.9964E-05 0.0940931 9.9964E-05 0.767025 9.9964E-05 9.9964E-05
0.0220201 9.9964E-05 0.176221 9.9964E-05 0.801359 9.9964E-05 9.9964E-05
0.0247083 9.9964E-05 0.159025 9.9964E-05 0.815867 9.9964E-05 9.9964E-05
9.9982E-05 0.071367 0.423685 0.340994 0.105551 9.9982E-05 0.0582036
9.9982E-05 0.00338529 0.68036 0.199824 0.0427442 9.9982E-05 0.0734864
0.132861 0.0660012 0.562642 0.103831 0.0721178 0.00753462 0.0550121
9.9982E-05 0.0379825 0.172907 0.640093 9.9982E-05 0.00897328 0.139845
9.9982E-05 0.128362 0.567139 0.148387 0.115227 9.9982E-05 0.040685
9.9973E-05 9.9973E-05 0.178655 0.756654 0.0436185 9.9973E-05 0.0207729
0.000581779 0.039288 0.64805 0.31178 9.9973E-05 9.9973E-05 9.9973E-05
9.9982E-05 0.137375 0.412559 0.27803 0.0257184 9.9982E-05 0.146117
9.9973E-05 0.0623014 0.573622 0.243921 9.9973E-05 9.9973E-05 0.119855
0.0266754 9.9982E-05 0.524661 0.0924364 9.9982E-05 0.0497279 0.306299
9.9964E-05 0.135163 0.465705 0.398733 9.9964E-05 9.9964E-05 9.9964E-05
9.9982E-05 9.9982E-05 0.601996 0.161834 0.00315635 0.0896543 0.143159
9.9982E-05 0.156755 0.564142 0.183233 0.0540029 0.0416662 9.9982E-05
0.0327649 0.450977 0.0651203 0.138189 9.9991E-05 0.148787 0.164061
9.9973E-05 0.0963834 9.9973E-05 0.777977 9.9973E-05 0.0242403 0.101099
9.9964E-05 0.00777825 0.211874 0.779948 9.9964E-05 9.9964E-05 9.9964E-05
0.0258267 0.0972168 0.640485 0.157912 0.0783597 9.9982E-05 9.9982E-05
9.9982E-05 0.00765446 0.527002 0.331801 0.0616838 9.9982E-05 0.071659
9.9982E-05 0.00373739 0.59823 0.264137 0.111673 9.9982E-05 0.0220218
0.0382974 0.0129942 0.699341 0.167517 0.0455558 0.028075 0.00821916
