0.0200469 0.057095 9.9982E-05 0.90825 0.0144077 9.9982E-05
9.9982E-05 0.00377598 0.0444619 0.942398 9.9982E-05 0.00916459
0.113142 0.0188765 9.9982E-05 0.842449 0.0253323 9.9982E-05
0.100123 0.0760609 9.9982E-05 0.780823 0.0427933 9.9982E-05
0.069231 9.9982E-05 9.9982E-05 0.87213 0.0299168 0.0285222
0.0382209 0.0855551 0.0646762 0.620979 0.100198 0.090371
9.9982E-05 0.0191062 0.00264241 0.846041 9.9982E-05 0.132011
0.0124076 0.0874787 9.9991E-05 0.727689 0.0378978 0.134427
9.9982E-05 0.0478214 0.0515528 0.852315 9.9982E-05 0.0481106
0.131328 0.00536709 9.9991E-05 0.711758 0.0461888 0.105258
0.0641681 0.0793035 9.9982E-05 0.757065 9.9982E-05 0.0992637
0.230277 0.449596 0.230709 0.0049512 0.0843675 9.9991E-05
0.44186 0.30725 0.0369896 0.0598842 0.153915 9.9991E-05
0.212645 0.388347 0.107203 9.9991E-05 0.101647 0.190058
0.295652 0.275509 0.173419 0.0360626 0.150166 0.0691919
0.340887 0.253766 0.0669919 0.0945748 0.187884 0.0558966
0.60728 0.0879307 0.0625641 0.030687 0.130902 0.0806356
0.44312 0.244721 0.145967 9.9991E-05 0.108598 0.0574949
0.311688 0.338236 0.117063 0.1142 0.10902 0.00979444
9.9982E-05 0.663685 0.108586 9.9982E-05 0.110409 0.11712
0.373853 0.320404 0.199007 9.9982E-05 0.106535 9.9982E-05
0.451178 0.0994734 0.0881685 0.0135587 0.071787 0.275834
0.591296 0.179193 0.0756187 0.119634 0.00624887 0.0280096
0.330703 0.343164 0.169837 9.9991E-05 0.0940678 0.0621279
0.677812 0.0808539 0.0348709 0.100053 0.039922 0.066488
0.561289 0.266646 9.9991E-05 0.00758929 0.132652 0.0317235
0.136024 0.456792 0.203053 0.0447695 0.156464 0.00289696
0.128027 0.473475 0.167673 9.9982E-05 0.230625 9.9982E-05
0.22948 0.424086 0.153714 0.0122482 0.0401987 0.140273
0.0556154 0.0253601 9.9982E-05 0.825951 0.0928738 9.9982E-05
0.124353 9.9973E-05 9.9973E-05 0.854281 0.0210658 9.9973E-05
0.0597704 0.0362384 0.0328816 0.777749 0.093261 9.9991E-05
0.0599238 9.9982E-05 0.105603 0.691726 0.142547 9.9982E-05
0.553123 0.0784785 0.312503 0.0186749 9.9991E-05 0.0371208
0.453696 0.0730287 0.253715 0.087879 0.131581 9.9991E-05
0.560348 9.9973E-05 0.375321 0.0640312 9.9973E-05 9.9973E-05
0.216103 0.567499 0.134276 0.0819222 9.9982E-05 9.9982E-05
0.218573 0.00213627 0.627842 0.0298387 0.0551589 0.0664506
0.550542 0.0937752 0.197319 0.158163 9.9982E-05 9.9982E-05
0.672177 0.00278607 0.152191 0.0520739 0.0544091 0.0663629
0.623631 9.9991E-05 0.104979 0.120027 0.00957115 0.141692
0.683107 0.0616282 0.0640548 0.118347 0.014283 0.0585797
0.0845853 0.120454 0.746234 0.0430958 0.00553056 9.9991E-05
0.564648 0.0109679 0.150189 0.0773868 0.0565799 0.140228
0.502728 0.045971 0.173193 0.069788 0.147403 0.0609173
0.630042 9.9982E-05 0.189391 0.109062 9.9982E-05 0.0713048
0.309337 0.0176536 0.644521 9.9982E-05 9.9982E-05 0.0282883
0.539222 9.9973E-05 0.296107 9.9973E-05 0.164371 9.9973E-05
0.50723 9.9991E-05 0.187168 0.131583 0.0987194 0.0751999
9.9973E-05 9.9973E-05 0.647316 0.0869221 9.9973E-05 0.265462
0.184631 0.364403 0.240251 9.9991E-05 0.0173746 0.19324
0.0925816 0.229152 0.208887 0.000587094 0.054357 0.414436
0.5662 0.180736 0.0470919 0.0218882 0.0884997 0.0955839
0.707407 0.0587015 9.9982E-05 0.0556473 9.9982E-05 0.178044
0.673285 0.0893902 0.0635373 0.051741 0.0718597 0.0501866
0.161642 0.325168 0.297111 0.102197 9.9991E-05 0.113781
0.529716 0.273513 9.9982E-05 9.9982E-05 0.0770321 0.119538
0.64344 0.125592 9.9991E-05 0.12541 0.0311813 0.074278
0.335688 0.2083 0.184952 0.146899 9.9991E-05 0.12406
0.124522 0.31502 0.113773 0.183124 0.0429442 0.220616
0.588196 0.149085 0.149727 0.0739482 0.0127004 0.0263428
0.362976 0.27618 0.0837683 0.0172266 0.170617 0.0892323
0.107303 0.481252 0.226498 0.0541867 9.9991E-05 0.13066
0.44631 0.255889 0.137917 9.9991E-05 0.0548287 0.104955
0.628568 0.0628639 0.10494 0.010585 0.0729705 0.120073
0.495405 0.214209 0.0465194 0.0381837 0.140724 0.064959
0.315064 0.286611 0.293654 0.013589 0.0271759 0.0639061
0.419678 0.101996 0.212251 9.9991E-05 0.157489 0.108486
0.517572 0.237848 0.107959 0.0786898 0.057831 9.9991E-05
0.25402 0.333075 0.221704 0.00128188 9.9991E-05 0.189818
0.488917 0.0743981 0.436385 9.9973E-05 9.9973E-05 9.9973E-05
0.120662 0.0773718 0.778984 0.0227817 9.9982E-05 9.9982E-05
0.579817 0.0989182 0.175372 0.0655688 0.039348 0.0409761
9.9964E-05 9.9964E-05 0.825789 9.9964E-05 9.9964E-05 0.173812
9.9964E-05 9.9964E-05 0.806116 9.9964E-05 9.9964E-05 0.193485
0.216467 0.00730846 0.771253 9.9982E-05 0.00477196 9.9982E-05
0.460577 0.0512849 0.487838 9.9973E-05 9.9973E-05 9.9973E-05
0.489437 0.143575 0.123786 0.130334 0.0732739 0.0395945
0.35444 0.0552529 0.48816 0.0235188 0.0413064 0.0373222
0.125874 0.124118 0.672673 0.05191 0.0253247 9.9991E-05
0.209572 0.224191 0.520325 0.0457118 9.9982E-05 9.9982E-05
0.476393 0.107891 0.2062 0.0954834 0.113932 9.9991E-05
0.217061 0.0534445 0.657702 0.0349732 0.0367197 9.9991E-05
0.372406 0.0853809 0.475672 0.0663417 9.9982E-05 9.9982E-05
0.347163 9.9982E-05 0.588664 9.9982E-05 0.0025186 0.0614539
9.9973E-05 0.00230215 0.668723 9.9973E-05 9.9973E-05 0.328675
0.576059 0.0381288 0.242559 0.0657288 0.0774251 9.9991E-05
0.124595 0.0369985 9.9982E-05 0.828918 0.00928866 9.9982E-05
0.0941274 9.9964E-05 9.9964E-05 0.905473 9.9964E-05 9.9964E-05
0.0642092 0.0132407 9.9982E-05 0.86368 0.0586697 9.9982E-05
0.0377862 9.9991E-05 0.00964343 0.931508 0.00773043 0.0132318
0.0510782 9.9973E-05 0.0448987 0.903723 9.9973E-05 9.9973E-05
0.0762673 9.9982E-05 0.00439108 0.877834 9.9982E-05 0.0413073
0.0580458 9.9982E-05 9.9982E-05 0.924135 0.0170187 0.000600876
0.523993 0.0594655 0.296921 0.0754 0.0441206 9.9991E-05
0.508756 0.079376 0.239396 0.0465473 0.106758 0.0191676
0.0149292 0.0773266 0.857457 0.0336142 9.9991E-05 0.0165727
0.639287 0.0383026 0.15409 0.104388 0.0124582 0.0514738
0.42564 0.0687958 0.494645 0.0107198 9.9982E-05 9.9982E-05
0.537584 9.9991E-05 0.350498 0.0293712 0.0575966 0.0248495
0.492772 0.0358219 0.291623 0.0563924 0.0661733 0.0572169
0.420611 9.9982E-05 0.449 9.9982E-05 0.112203 0.017986
9.9982E-05 0.161091 0.775614 0.0565671 9.9982E-05 0.00652834
0.470788 0.0121306 0.205825 0.121117 0.103822 0.0863168
0.636313 0.0803803 0.166253 0.110402 0.00655163 9.9991E-05
0.370834 0.121258 0.253174 0.0505423 0.157008 0.0471831
0.280161 9.9982E-05 0.516477 9.9982E-05 0.0420615 0.1611
0.539331 9.9982E-05 0.346477 0.00367089 9.9982E-05 0.110321
0.493472 0.124369 0.381859 9.9973E-05 9.9973E-05 9.9973E-05
0.266632 9.9973E-05 0.629285 9.9973E-05 0.103782 9.9973E-05
0.378366 0.0800536 0.426879 0.0787651 9.9991E-05 0.035836
0.532684 0.11284 0.207428 0.131392 0.0155559 9.9991E-05
0.30872 0.229632 0.139401 0.018898 0.0326045 0.270743
0.440283 0.328081 0.00932329 0.0682136 0.0791976 0.0749014
0.513123 0.155821 0.0554469 0.0891654 0.116135 0.0703094
0.616339 0.140298 0.0528337 0.0880106 0.0275915 0.0749269
0.562242 0.315667 0.0290307 0.025945 9.9991E-05 0.0670152
0.56115 0.277614 0.036963 0.0336134 0.0520718 0.0385874
0.511768 0.393719 0.0696337 0.0179762 9.9991E-05 0.00680289
0.599094 0.198482 9.9991E-05 0.0801225 0.032866 0.0893354
0.543889 0.15337 0.0712217 0.0491788 0.0319026 0.150438
0.635059 0.1963 0.0479562 0.0581681 0.022134 0.0403823
0.491563 0.303708 0.0881919 0.01724 9.9991E-05 0.099197
0.705518 0.125145 9.9982E-05 0.0553824 9.9982E-05 0.113754
0.597967 0.0668893 9.9991E-05 0.0664126 0.115241 0.15339
0.597725 0.283301 0.0702595 9.9982E-05 0.0485142 9.9982E-05
0.631124 0.197103 9.9982E-05 9.9982E-05 0.0646027 0.10697
0.543821 0.27116 0.0621534 9.9991E-05 0.0886263 0.0341398
0.414756 0.276244 9.9991E-05 0.0924643 0.0292245 0.187211
0.681903 0.180763 0.0178639 0.0415341 0.0490307 0.0289056
0.678615 0.219501 9.9991E-05 0.0537635 0.00988207 0.038139
0.209311 0.392402 0.20736 9.9991E-05 0.102441 0.0883858
0.243321 0.273434 0.0158551 0.00275096 0.0294396 0.4352
0.586629 0.233367 9.9991E-05 0.0893754 0.0701925 0.0203356
0.0910284 0.303837 0.139201 9.9991E-05 0.0438045 0.42203
0.338101 0.457438 0.100685 0.00362751 9.9991E-05 0.100049
0.466621 0.299949 0.135491 9.9982E-05 9.9982E-05 0.0977392
0.37214 0.428568 0.170369 0.0287229 9.9982E-05 9.9982E-05
0.355343 0.532552 0.096476 9.9982E-05 0.0154294 9.9982E-05
0.591371 0.163368 0.15193 0.0759321 9.9991E-05 0.017299
0.493056 0.143908 0.087427 0.0787461 0.123025 0.0738379
0.53016 0.189313 0.167219 0.113108 9.9982E-05 9.9982E-05
0.126771 0.357947 0.0950905 9.9991E-05 0.0777897 0.342301
0.500301 0.0497067 0.181124 0.22799 0.0181984 0.0226797
0.561376 0.0271451 0.0657315 0.00362577 0.106468 0.235654
0.021814 0.107752 0.112933 0.126319 9.9991E-05 0.631082
0.662959 9.9991E-05 0.0412139 0.0860658 0.0396033 0.170058
0.375624 9.9991E-05 0.210568 0.0766066 0.0217811 0.31532
0.468345 0.154981 0.0350733 0.0958706 0.0473515 0.19838
0.315962 0.0386828 0.0751555 0.103584 9.9991E-05 0.466516
0.25845 0.130147 0.0495475 0.0749745 9.9991E-05 0.486782
0.50355 0.110555 0.0396533 0.0328265 9.9991E-05 0.313315
0.362208 0.124995 0.0825372 0.0754069 0.162577 0.192276
0.345212 0.125306 0.0545829 0.126549 0.0800472 0.268303
9.9991E-05 0.144996 0.177344 0.0422222 0.214128 0.42121
0.654297 0.0898684 9.9982E-05 0.147211 9.9982E-05 0.108424
0.401066 0.0969659 0.215316 9.9982E-05 9.9982E-05 0.286451
0.461933 0.141573 0.17684 9.9982E-05 9.9982E-05 0.219454
0.586467 0.0922898 9.9991E-05 0.112503 0.0797786 0.128862
0.149698 0.00459993 0.0234244 0.304526 0.289679 0.228073
9.9973E-05 9.9973E-05 9.9973E-05 0.534286 0.130953 0.334461
9.9973E-05 9.9973E-05 9.9973E-05 0.48563 0.111008 0.403062
0.0284392 9.9982E-05 9.9982E-05 0.403396 0.351947 0.216019
0.728688 9.9991E-05 0.0730132 0.00520913 0.00276203 0.190228
0.583986 0.0382438 9.9991E-05 0.0345377 0.13999 0.203142
0.251185 0.00220357 0.00106368 9.9982E-05 0.745348 9.9982E-05
0.311818 0.15863 0.065356 0.0314193 0.420482 0.0122941
0.355549 0.0812829 0.0956747 0.0556394 0.411754 9.9991E-05
0.388971 9.9973E-05 0.121214 9.9973E-05 9.9973E-05 0.489516
0.468742 0.0966564 0.157132 0.127396 0.0338519 0.116222
0.268425 0.015594 0.0696959 9.9982E-05 9.9982E-05 0.646085
0.699311 9.9982E-05 0.0241035 9.9982E-05 0.000962819 0.275423
0.473893 0.0604242 0.120363 0.0674082 0.0270972 0.250815
0.65891 0.0632864 0.0348339 0.0154343 9.9991E-05 0.227436
0.233089 0.0917172 0.085868 0.00727317 9.9991E-05 0.581953
0.55352 9.9991E-05 0.205398 0.0788648 0.144976 0.0171411
0.550682 9.9991E-05 0.0802411 0.0477635 0.103908 0.217305
9.9964E-05 9.9964E-05 0.0394553 9.9964E-05 0.960145 9.9964E-05
0.0464721 0.0444385 9.9982E-05 9.9982E-05 0.898949 0.00994065
0.264825 0.0318451 0.120617 0.0382226 0.54439 9.9991E-05
0.300933 0.0423963 9.9973E-05 9.9973E-05 0.656371 9.9973E-05
0.157131 9.9982E-05 0.0518131 9.9982E-05 0.776442 0.0144141
9.996E-05 9.996E-05 9.996E-05 9.996E-05 0.9995 9.996E-05
9.9973E-05 0.0118105 9.9973E-05 0.0540303 0.933859 9.9973E-05
0.115422 9.9964E-05 9.9964E-05 9.9964E-05 0.884178 9.9964E-05
9.9964E-05 0.0470512 9.9964E-05 9.9964E-05 0.952549 9.9964E-05
9.996E-05 9.996E-05 9.996E-05 9.996E-05 0.9995 9.996E-05
9.996E-05 9.996E-05 9.996E-05 9.996E-05 0.9995 9.996E-05
0.186943 9.9973E-05 9.9973E-05 0.0449112 0.767845 9.9973E-05
0.0929548 0.0188213 9.9982E-05 0.109596 0.778428 9.9982E-05
9.9964E-05 9.9964E-05 0.0255209 9.9964E-05 0.974079 9.9964E-05
0.337616 0.0407744 9.9991E-05 0.0930958 0.501051 0.0273632
0.272684 9.9982E-05 0.000648116 0.0800504 0.646418 9.9982E-05
0.212269 9.9982E-05 9.9982E-05 0.0189253 0.758469 0.0101368
0.0869519 0.0366356 9.9982E-05 0.0162235 0.859989 9.9982E-05
0.0187229 9.9964E-05 9.9964E-05 9.9964E-05 0.980877 9.9964E-05
0.0745146 0.0232258 9.9982E-05 9.9982E-05 0.894308 0.00775152
9.996E-05 9.996E-05 9.996E-05 9.996E-05 0.9995 9.996E-05
0.264634 0.0034979 0.0158727 0.109324 0.606571 9.9991E-05
0.060412 9.9982E-05 0.0437779 0.0533234 0.842287 9.9982E-05
9.9973E-05 9.9973E-05 9.9973E-05 0.380327 0.0267589 0.592614
0.383208 0.149374 0.0187891 0.192334 0.0932285 0.163067
0.466845 9.9991E-05 0.0612387 0.219711 0.0270098 0.225096
0.197452 9.9991E-05 0.0300425 0.247241 0.0838064 0.441358
0.491621 0.0448231 0.119203 0.178581 0.0801204 0.0856518
0.175644 9.9991E-05 0.028205 0.204786 0.127283 0.463982
0.404289 0.0668435 0.142069 0.148066 0.0903807 0.148351
0.318903 9.9982E-05 9.9982E-05 0.158939 0.195007 0.326951
0.521751 9.9982E-05 9.9982E-05 0.173408 0.0820143 0.222627
0.355042 9.9982E-05 9.9982E-05 0.157152 0.163268 0.324338
0.483959 0.0110742 0.0317736 0.219 0.0852841 0.16891
0.0397349 0.056912 9.9991E-05 0.813073 0.00462232 0.0855581
9.9973E-05 9.9973E-05 9.9973E-05 0.906372 0.0442658 0.0490628
9.9973E-05 0.00965871 0.0364692 0.953572 9.9973E-05 9.9973E-05
0.0150873 0.0550785 9.9973E-05 0.929534 9.9973E-05 9.9973E-05
9.9973E-05 0.0890831 9.9973E-05 0.88391 0.0267074 9.9973E-05
9.9973E-05 9.9973E-05 9.9973E-05 0.921555 0.0428104 0.0353351
0.013509 9.9982E-05 0.00738555 0.894437 0.0844686 9.9982E-05
0.00425338 0.0108333 9.9982E-05 0.872634 9.9982E-05 0.11208
0.0183397 9.9982E-05 0.0289177 0.904051 0.0484913 9.9982E-05
0.0374745 0.0125392 9.9991E-05 0.846275 0.0925156 0.011096
9.9982E-05 0.274829 0.0980663 0.58922 0.0376847 9.9982E-05
9.9973E-05 0.379818 0.0524487 0.567434 9.9973E-05 9.9973E-05
9.9982E-05 0.26954 0.0773498 0.521638 9.9982E-05 0.131272
9.9982E-05 0.287219 0.137601 0.50207 9.9982E-05 0.0729106
0.462375 0.0799683 0.362262 0.0269062 9.9991E-05 0.0683883
0.505319 0.0465973 0.392078 0.015785 0.0249902 0.0152312
0.528074 0.161785 0.215379 9.9991E-05 0.0695441 0.0251182
0.445964 0.256051 0.20263 0.0262311 9.9991E-05 0.0690239
0.205798 0.604473 0.171804 9.9982E-05 9.9982E-05 0.0177249
0.607319 0.0212636 0.13471 0.0811618 0.0921049 0.0634403
0.576802 0.108418 0.245675 9.9991E-05 0.0256144 0.0433909
0.542276 0.052339 0.2606 0.0448074 9.9991E-05 0.099877
0.338613 9.9982E-05 0.521831 9.9982E-05 0.0551324 0.0842236
0.697595 0.102035 0.176934 0.0222032 0.0011323 9.9991E-05
0.417139 0.191327 0.377689 0.00318745 9.9991E-05 0.010557
9.9973E-05 0.0560022 0.762002 9.9973E-05 9.9973E-05 0.181696
0.587812 0.234129 0.0564206 0.00822727 0.0462603 0.067151
0.22876 0.0011518 0.52744 9.9991E-05 0.0122389 0.230309
0.46237 9.9982E-05 0.454476 0.0163188 0.066635 9.9982E-05
0.0797299 0.197243 0.653616 0.020138 9.9991E-05 0.0491729
9.9973E-05 0.745931 9.9973E-05 0.11048 9.9973E-05 0.143289
0.0962904 0.70323 9.9982E-05 0.0629683 9.9982E-05 0.137311
0.00509974 0.791417 9.9982E-05 0.0582194 9.9982E-05 0.145064
0.00548478 0.786293 0.0302645 0.140407 9.9991E-05 0.0374506
0.097231 0.799729 9.9982E-05 0.015221 9.9982E-05 0.0876188
0.0723529 0.820013 9.9991E-05 0.0468918 0.0274512 0.0331911
0.106121 9.9982E-05 0.00199604 0.881929 0.00975403 9.9982E-05
0.0814202 0.0702053 9.9982E-05 0.821027 0.0271476 9.9982E-05
0.141125 9.9982E-05 9.9982E-05 0.734047 0.109037 0.0155912
0.0549576 0.0702754 9.9982E-05 0.715521 0.159046 9.9982E-05
0.1117 0.0113876 9.9982E-05 0.833182 0.0435307 9.9982E-05
9.9982E-05 0.544058 0.0244502 0.373138 9.9982E-05 0.0581538
9.9982E-05 0.438368 0.0446424 0.455012 9.9982E-05 0.0617782
9.9982E-05 0.457761 0.0994677 0.434786 9.9982E-05 0.0077846
0.0568993 0.0766068 9.9982E-05 0.786255 0.0800388 9.9982E-05
9.9982E-05 0.51935 0.0877537 0.358076 9.9982E-05 0.03462
0.295296 9.9982E-05 9.9982E-05 0.236855 0.342153 0.125497
0.578193 0.0276904 0.0148281 0.167913 0.211276 9.9991E-05
0.550107 9.9973E-05 9.9973E-05 0.183071 0.266522 9.9973E-05
0.373608 9.9991E-05 0.0392908 0.271636 0.200814 0.114552
0.462539 0.024534 0.0750843 0.157723 0.218014 0.0621055
9.9973E-05 9.9973E-05 9.9973E-05 0.468955 0.308778 0.221967
0.481051 0.286637 0.0811182 0.0104513 9.9991E-05 0.140643
0.398763 0.22922 0.0697917 9.9991E-05 0.00236703 0.299758
0.311085 0.526045 0.0815403 0.0811299 9.9982E-05 9.9982E-05
0.510308 0.0960367 0.132542 9.9982E-05 9.9982E-05 0.260913
9.9973E-05 0.168103 0.245796 9.9973E-05 9.9973E-05 0.585801
0.52132 0.100063 0.142511 0.0870096 0.050402 0.0986945
0.518894 0.205788 0.0826274 0.0949818 9.9991E-05 0.0976085
0.391413 0.442275 0.0604987 0.0569664 9.9991E-05 0.0487468
0.526787 0.0999366 0.12964 0.11165 0.0151408 0.116845
0.1555 0.245701 0.212014 9.9982E-05 9.9982E-05 0.386586
0.479688 0.181448 0.0960488 9.9991E-05 0.0337467 0.208968
0.516098 0.29853 0.128869 9.9991E-05 0.0273387 0.0290639
0.378541 0.0348209 0.195592 0.126072 0.166656 0.0983182
0.429498 0.287688 0.073395 9.9991E-05 0.00223219 0.207087
0.392355 0.280093 0.132315 0.000360293 0.0666418 0.128235
0.49265 0.0558234 0.142285 9.9991E-05 0.0535816 0.255559
0.594417 0.176159 0.133233 0.00222706 9.9991E-05 0.0938643
0.688819 0.143212 0.0891067 0.00510106 0.00764925 0.0661123
0.49177 0.159029 0.0950928 0.0954875 0.137223 0.0213983
0.593965 0.166764 0.0231426 0.0667884 0.0663479 0.0829914
0.134507 9.9973E-05 9.9973E-05 0.779605 0.0855883 9.9973E-05
0.103358 9.9991E-05 0.013153 0.832036 0.0280319 0.0233203
0.0551163 0.0634264 0.0191736 0.75958 0.0246803 0.0780237
0.0614444 0.00597638 0.0954866 0.831339 0.00565355 9.9991E-05
0.123685 9.9973E-05 9.9973E-05 0.829486 0.0465285 9.9973E-05
0.134228 0.598111 0.0915388 0.00632488 0.076339 0.0934578
0.48698 0.124028 0.126969 0.0526604 0.107144 0.102219
0.390106 9.9991E-05 0.133753 0.158514 0.194365 0.123162
0.690626 0.149407 0.00528366 0.086823 0.0677603 9.9991E-05
0.506702 0.230702 0.155461 0.0974221 0.00961278 9.9991E-05
0.34915 0.354134 9.9982E-05 9.9982E-05 0.0317814 0.264735
0.0446353 0.634685 0.103244 0.102626 9.9991E-05 0.114709
0.560218 0.304202 0.101226 0.0302521 9.9991E-05 0.00400221
0.15662 0.537622 0.0960586 0.0640417 0.0760932 0.0695644
0.431067 0.12927 0.100754 0.0947145 0.0512942 0.1929
0.140496 0.523104 0.100126 0.108026 0.055021 0.0732264
0.589603 0.248477 9.9991E-05 0.132898 0.0263755 0.00254705
0.207324 0.500352 0.143279 0.0839852 0.00693814 0.0581213
0.312193 0.29755 0.079985 9.9991E-05 0.105145 0.205027
0.563246 9.9982E-05 0.101705 0.0991279 9.9982E-05 0.235721
0.372206 0.127933 0.00891576 9.9982E-05 9.9982E-05 0.490746
0.585684 0.0375458 0.0871536 0.0659896 0.000698669 0.222928
0.575863 9.9982E-05 0.160176 0.113381 9.9982E-05 0.150381
0.426539 0.113716 9.9973E-05 9.9973E-05 9.9973E-05 0.459445
0.389345 0.0449476 0.0722467 0.0701903 0.146464 0.276806
0.560265 9.9982E-05 0.0846301 0.0518134 9.9982E-05 0.303092
0.137135 0.0641136 0.0713559 9.9982E-05 9.9982E-05 0.727196
0.313774 9.9973E-05 0.0431105 9.9973E-05 9.9973E-05 0.642816
0.57028 0.0722009 9.9982E-05 0.0068946 9.9982E-05 0.350425
0.143659 0.116605 0.196134 9.9982E-05 9.9982E-05 0.543402
0.458141 0.0846859 0.10314 0.0637054 9.9991E-05 0.290227
0.161909 0.578628 0.198281 9.9991E-05 0.0125239 0.0485581
0.324693 0.319847 0.0906219 9.9982E-05 9.9982E-05 0.264638
0.302005 0.453706 0.128363 0.00870036 0.107125 9.9991E-05
0.505385 0.144628 0.204506 9.9991E-05 0.121498 0.0238819
0.25171 0.484801 0.232048 9.9991E-05 0.0152025 0.0161395
0.474941 0.263409 9.9991E-05 0.0513121 0.119853 0.0903847
0.568197 0.227217 0.0869264 0.0669355 0.0499619 0.000762183
0.431836 0.297801 0.116813 0.0099486 0.110332 0.0332686
0.40053 0.291094 0.120731 9.9991E-05 0.156815 0.0307302
0.441412 0.334595 0.105344 0.0173417 0.0767939 0.024514
0.166378 0.435723 0.273851 9.9982E-05 0.123849 9.9982E-05
0.330949 0.391442 0.0564988 9.9991E-05 0.140677 0.0803329
0.684517 0.261453 0.024804 9.9991E-05 0.0156194 0.0135066
0.697886 0.155225 9.9991E-05 0.063161 0.0712172 0.0124113
0.404921 0.274773 0.0980918 0.0460349 9.9991E-05 0.17608
0.624325 0.151233 9.9982E-05 9.9982E-05 0.0398467 0.184395
0.47535 0.38378 9.9982E-05 0.113366 9.9982E-05 0.0273045
0.622713 0.244795 0.0381374 0.0415218 0.0527335 9.9991E-05
0.542218 0.220831 0.0582692 0.0640642 0.0903481 0.0242689
0.537875 0.201963 9.9991E-05 0.0853857 0.0573023 0.117373
0.380287 9.9982E-05 0.132232 0.359138 0.128143 9.9982E-05
0.428686 9.9991E-05 0.0716356 0.155751 0.218281 0.125547
0.434374 0.0451654 0.132665 0.193022 0.139724 0.0550493
0.678843 0.0253298 0.0302477 0.0869606 0.136826 0.0417927
0.425082 9.9991E-05 0.102347 0.189654 0.227351 0.0554663
0.423845 0.247806 0.042965 9.9991E-05 0.062479 0.222805
0.553753 0.0243893 0.0557326 0.160344 0.107143 0.0986378
0.011786 9.9991E-05 0.172214 0.263176 0.13287 0.419854
0.540831 0.0858622 9.9991E-05 0.133126 0.202093 0.0379882
0.577909 9.9991E-05 0.114231 0.108072 0.113146 0.0865406
0.414888 0.0998508 0.0806956 0.0810243 0.319901 0.00364034
0.302001 0.0757727 0.0776846 0.191622 0.155575 0.197345
0.575766 9.9991E-05 0.0251413 0.284675 0.104471 0.00984673
0.569595 0.0207404 9.9991E-05 0.150774 0.178722 0.0800688
9.9973E-05 9.9973E-05 9.9973E-05 0.476625 0.185345 0.33773
0.508628 0.0155315 0.0442733 0.147634 0.231766 0.0521678
0.571744 0.041879 0.0100512 0.170571 0.167314 0.0384414
0.594358 0.0558353 9.9991E-05 0.054099 0.167264 0.128344
0.539478 0.00489537 9.9991E-05 0.229799 0.181661 0.0440663
0.504147 9.9991E-05 0.0737109 0.172907 0.142157 0.106979
0.453957 0.0511457 0.257986 0.051341 9.9991E-05 0.18547
0.498709 0.00511995 0.136814 0.151123 0.0640742 0.14416
0.0793311 0.0484617 0.208259 9.9982E-05 9.9982E-05 0.663748
0.0235764 0.0775807 0.190138 9.9982E-05 9.9982E-05 0.708505
0.581775 0.0677983 0.119072 9.9991E-05 0.06269 0.168566
0.486658 9.9982E-05 9.9982E-05 0.0845949 0.246419 0.182128
0.31799 9.9982E-05 9.9982E-05 0.101045 0.346962 0.233803
0.231789 0.00578191 0.0392004 0.194222 0.274651 0.254355
0.395938 9.9982E-05 9.9982E-05 0.187279 0.251404 0.165179
0.179768 9.9982E-05 9.9982E-05 0.0918359 0.06492 0.663277
0.230162 9.9991E-05 0.0475486 0.065496 0.103778 0.552916
0.563534 0.0062798 0.0805008 9.9991E-05 0.11389 0.235696
0.484354 9.9991E-05 0.127289 0.0760858 0.102229 0.209942
0.311979 0.0363242 0.0403213 0.0196121 0.0737518 0.518011
0.581448 0.048224 0.117335 0.0247475 0.0815863 0.146659
0.562988 9.9982E-05 0.0349088 9.9982E-05 0.157229 0.244675
0.459876 0.0623693 0.12387 0.0821179 0.167593 0.104174
0.381688 0.0590222 0.227658 9.9982E-05 9.9982E-05 0.331432
0.421791 0.116517 0.15266 9.9991E-05 0.0372902 0.271641
0.490244 0.10551 0.04599 9.9991E-05 0.109662 0.248494
0.436027 0.152014 0.0088391 0.101897 9.9991E-05 0.301123
0.44469 0.221685 9.9982E-05 9.9982E-05 0.113938 0.219487
0.487827 9.9973E-05 0.0165952 9.9973E-05 9.9973E-05 0.495278
0.317949 0.0687004 0.0376292 9.9982E-05 9.9982E-05 0.575521
0.528412 9.9991E-05 0.197585 0.0579809 0.0125517 0.20337
0.273279 0.0899412 0.159334 9.9982E-05 9.9982E-05 0.477246
0.525822 9.9973E-05 0.0243408 9.9973E-05 9.9973E-05 0.449538
0.642948 9.9991E-05 0.156071 0.0370383 0.0227644 0.141078
0.547252 9.9982E-05 0.13145 0.0441579 9.9982E-05 0.27694
0.485648 0.036467 0.108147 0.20462 0.156075 0.00904311
0.472433 0.0879643 0.0294932 0.140575 0.0807932 0.188741
0.341973 9.9991E-05 0.114362 0.196919 0.240322 0.106324
0.302156 0.101306 9.9991E-05 0.115182 0.270211 0.211045
0.417727 0.172132 0.0622031 0.216633 0.131205 9.9991E-05
0.444582 0.0209752 0.121777 0.143375 0.186009 0.0832824
9.9982E-05 9.9982E-05 0.0520328 0.163992 0.159565 0.624211
0.62586 0.0577938 9.9991E-05 0.101552 0.206251 0.00844325
9.9973E-05 9.9973E-05 9.9973E-05 0.332005 0.145953 0.521742
0.510031 0.00181276 0.0476247 9.9991E-05 0.252779 0.187653
0.178035 9.9973E-05 0.292884 9.9973E-05 9.9973E-05 0.528781
9.9973E-05 0.0267756 0.350108 9.9973E-05 9.9973E-05 0.622816
0.541133 9.9982E-05 0.115451 9.9982E-05 0.00530566 0.33791
0.622643 9.9991E-05 0.14558 0.0342684 0.00918417 0.188225
0.447436 0.0133022 0.158937 9.9982E-05 9.9982E-05 0.380125
0.537764 9.9973E-05 0.170254 9.9973E-05 9.9973E-05 0.291682
0.618931 9.9973E-05 0.110273 9.9973E-05 9.9973E-05 0.270496
0.027477 0.0145915 9.9991E-05 0.769743 0.0986725 0.089416
9.9991E-05 0.117068 0.0308225 0.699824 0.117389 0.0347958
9.9973E-05 0.0179019 9.9973E-05 0.921412 0.0603857 9.9973E-05
0.070672 9.9964E-05 9.9964E-05 0.928928 9.9964E-05 9.9964E-05
0.448737 0.0953013 0.370567 0.0091242 0.0741091 0.00216162
0.537591 0.0179423 0.379496 0.0596064 0.0052641 9.9991E-05
0.468126 0.000493683 0.53108 9.9973E-05 9.9973E-05 9.9973E-05
0.630274 9.9973E-05 0.284002 0.0854239 9.9973E-05 9.9973E-05
0.489423 0.133706 0.215579 0.102959 0.0371372 0.0211958
0.231991 0.076193 0.542608 9.9991E-05 0.0391687 0.109939
0.571163 9.9982E-05 0.368645 0.0297454 0.030246 9.9982E-05
0.286969 9.99754E-05 0.454861 9.99754E-05 9.99754E-05 0.25787
0.526744 0.0354392 9.9991E-05 0.306793 0.0999189 0.0310055
0.440987 9.9982E-05 0.384514 9.9982E-05 0.0467575 0.127541
0.270368 0.129508 0.566732 9.9982E-05 0.0331926 9.9982E-05
0.586634 0.0530059 0.319611 9.9991E-05 0.0144887 0.0261602
0.34179 0.0186683 0.609501 0.0298405 9.9982E-05 9.9982E-05
0.62903 9.9973E-05 0.362837 9.9973E-05 9.9973E-05 0.00783302
0.5222 9.9982E-05 0.361793 0.0775182 9.9982E-05 0.0382885
0.0515168 9.9973E-05 0.912675 9.9973E-05 9.9973E-05 0.0355081
0.216053 9.9991E-05 0.5755 0.00244996 0.0591553 0.146742
0.267818 0.121407 0.552929 9.9982E-05 0.0576462 9.9982E-05
9.9964E-05 9.9964E-05 0.807443 9.9964E-05 9.9964E-05 0.192157
0.477004 0.202794 0.280868 0.0391333 9.9982E-05 9.9982E-05
0.0626674 0.0722672 0.597622 9.9982E-05 9.9982E-05 0.267243
9.9964E-05 9.9964E-05 0.656764 9.9964E-05 9.9964E-05 0.342836
0.537072 0.04352 0.263863 0.0808593 0.0581642 0.0165216
0.193668 0.0884814 0.633461 0.0841895 9.9982E-05 9.9982E-05
0.394854 0.108998 0.421579 9.9982E-05 0.0743699 9.9982E-05
0.685697 9.9991E-05 0.0995424 0.141743 0.00534001 0.0675778
0.498525 0.0949709 0.354779 0.0374389 0.0141855 9.9991E-05
0.351088 0.345397 0.0380456 9.9991E-05 0.0356629 0.229706
0.515036 0.0722172 0.330924 0.0468941 0.0348288 9.9991E-05
0.522557 0.0578978 0.344106 0.0513556 0.023984 9.9991E-05
0.287653 9.9964E-05 0.711947 9.9964E-05 9.9964E-05 9.9964E-05
0.548606 0.0809734 0.297657 9.9982E-05 0.0725633 9.9982E-05
0.00594097 0.267301 9.9982E-05 0.613627 9.9982E-05 0.112931
0.0217192 0.0324444 0.115871 0.789173 9.9991E-05 0.0406916
9.9973E-05 0.119471 9.9973E-05 0.828069 9.9973E-05 0.0521605
9.9982E-05 0.145024 0.0232172 0.795014 9.9982E-05 0.0365448
0.0295009 0.221753 0.00431638 0.74423 9.9982E-05 9.9982E-05
0.0273572 0.114347 0.785715 0.0199552 0.052525 9.9991E-05
0.135707 0.094541 0.560245 0.0469273 9.9991E-05 0.16248
0.0949278 9.9982E-05 0.81208 9.9982E-05 0.0245569 0.0682357
0.510108 9.9991E-05 0.261955 0.105504 0.0918281 0.0305055
0.573115 0.0232174 0.202869 0.085938 9.9991E-05 0.114761
0.284265 9.9982E-05 0.56503 0.0584761 9.9982E-05 0.0920295
0.507081 0.00230718 0.371765 0.00355889 0.106065 0.00922253
0.347183 9.9991E-05 0.504591 0.0298091 0.0494855 0.0688314
0.604983 0.0293802 0.325407 9.9982E-05 0.0400301 9.9982E-05
0.566489 0.0236177 0.221939 9.9991E-05 0.109341 0.0785136
0.180925 0.111248 0.598833 9.9991E-05 0.0547467 0.0541473
0.324908 0.0471597 0.627632 9.9973E-05 9.9973E-05 9.9973E-05
0.348901 0.074417 0.576382 9.9973E-05 9.9973E-05 9.9973E-05
0.500588 0.086091 0.143382 0.116395 0.0465384 0.107006
0.391844 0.0556529 0.508186 0.0441173 9.9982E-05 9.9982E-05
0.517593 9.9991E-05 0.34963 0.0514726 0.0161245 0.0650797
0.42708 0.0189548 0.0589436 0.156572 0.33835 9.9991E-05
0.342749 0.0521471 0.0210283 0.101511 0.473156 0.0094082
0.441603 0.00802525 9.9991E-05 0.0569568 0.47055 0.0227649
0.227703 9.9982E-05 9.9982E-05 0.148769 0.510612 0.112716
0.480101 0.0824315 9.9991E-05 0.0664129 0.321416 0.0495386
0.486769 9.9991E-05 0.302599 0.0551892 0.0116438 0.143699
0.0224292 9.9982E-05 9.9982E-05 0.267713 0.6416 0.0680586
0.326638 0.00991386 0.0593141 0.14534 0.458694 9.9991E-05
0.435828 0.0455677 0.064992 0.137534 0.193353 0.122725
0.565551 0.0589547 9.9982E-05 0.173679 9.9982E-05 0.201615
0.483698 0.107443 0.0130844 0.0948632 0.024396 0.276516
0.590642 0.0557383 9.9991E-05 0.113014 0.0622577 0.178248
0.627899 0.0107206 0.119974 0.0478 0.0744145 0.119192
0.349081 9.9973E-05 9.9973E-05 0.227077 0.423542 9.9973E-05
0.362645 0.0402716 0.0360787 0.192955 0.36795 9.9991E-05
0.365856 9.9982E-05 9.9982E-05 0.0692375 0.536352 0.0283548
0.415392 0.0515406 0.0335716 0.196499 0.302897 9.9991E-05
0.332304 9.9991E-05 0.00974821 0.138222 0.498656 0.0209706
0.29464 9.9991E-05 0.123362 0.199225 0.371851 0.0108209
0.270296 9.9973E-05 9.9973E-05 0.172196 0.557208 9.9973E-05
0.313586 0.109004 0.0236319 0.0732203 0.460926 0.0196318
0.52629 9.9982E-05 0.0389555 0.124635 9.9982E-05 0.30992
0.303251 0.00808379 0.169273 0.170977 0.268981 0.079433
0.186626 9.9982E-05 9.9982E-05 0.128727 0.639735 0.0447121
0.322401 0.112012 0.0478519 0.132973 0.384662 9.9991E-05
0.249314 0.217475 0.0207354 0.106029 9.9991E-05 0.406347
0.601619 0.077377 0.0216143 0.0115689 0.101013 0.186807
0.279956 0.0729889 0.0280723 0.106667 0.40524 0.107075
0.611178 0.153363 0.0220471 0.0987784 0.0516395 0.0629945
0.519834 0.024767 0.114489 0.154185 9.9991E-05 0.186625
0.476711 0.0223229 0.0363128 0.147833 0.166668 0.150153
0.314856 9.9991E-05 0.111263 0.217377 0.300514 0.0558899
0.488976 0.0330336 0.134968 0.0462329 0.180975 0.115815
0.349477 0.0146535 0.109057 0.124764 0.401947 9.9991E-05
0.311808 9.9982E-05 0.0871832 0.0891273 0.511681 9.9982E-05
0.116667 0.0264613 9.9991E-05 0.201804 0.613478 0.0414899
0.652563 9.9991E-05 0.0672569 0.122352 0.0144382 0.143289
0.521368 0.0901333 0.0843783 0.142672 9.9991E-05 0.161348
0.247906 0.0454741 9.9991E-05 0.165615 0.0182615 0.522643
0.667338 9.9991E-05 0.0343606 0.138822 0.0557835 0.103596
0.40816 0.2377 0.0663055 0.064756 0.0722374 0.150841
0.515125 9.9991E-05 0.034122 0.225493 0.125132 0.100029
0.582018 0.0321976 0.0641569 0.156482 0.0467609 0.118384
9.9973E-05 9.9973E-05 9.9973E-05 0.3283 0.179676 0.491724
9.9973E-05 9.9973E-05 9.9973E-05 0.324538 0.0920233 0.583139
0.306802 0.035165 9.9991E-05 0.112505 0.135942 0.409486
0.055659 9.9982E-05 9.9982E-05 0.320567 0.18294 0.440634
9.9973E-05 9.9973E-05 9.9973E-05 0.435161 0.208366 0.356173
0.347193 0.0498211 0.00446407 0.0994798 0.146711 0.35233
0.356771 9.9991E-05 0.0968927 0.176095 0.203319 0.166821
0.316674 9.9991E-05 0.0103183 0.252228 0.145771 0.274908
0.111664 9.9982E-05 9.9982E-05 0.302959 0.123442 0.461735
0.544015 0.083138 9.9991E-05 0.104748 0.10278 0.165218
0.167422 9.9991E-05 0.0757865 0.191707 0.144429 0.420556
9.9973E-05 9.9973E-05 9.9973E-05 0.400929 0.0506952 0.548076
0.560091 0.045959 9.9991E-05 0.186617 0.134189 0.0730432
0.230177 0.0591653 0.0725871 0.185762 0.301634 0.150675
0.427121 0.116883 0.047111 0.287617 0.121168 9.9991E-05
0.562778 9.9973E-05 9.9973E-05 0.174837 0.262086 9.9973E-05
0.498089 9.9991E-05 0.132622 0.16496 0.198531 0.00569834
0.401564 0.0306195 0.0462363 0.132791 0.260705 0.128084
0.366665 0.0275051 0.0122687 0.354115 0.239346 9.9991E-05
0.564595 0.0733024 0.0058176 0.228234 0.0815647 0.0464865
0.379848 0.00885892 0.0305845 0.288034 0.292575 9.9991E-05
0.342865 9.9982E-05 9.9982E-05 0.28199 0.22698 0.147965
0.298079 0.0641528 0.264518 0.153985 0.165797 0.0534676
0.495779 0.086206 0.11941 0.111982 0.186522 9.9991E-05
0.646889 0.0596592 9.9991E-05 0.220691 0.0279407 0.0447194
0.511304 9.9991E-05 0.225941 0.0909261 0.0872374 0.0844911
0.379142 0.00774467 9.9991E-05 0.281325 0.239754 0.0919345
0.399914 9.9991E-05 0.151207 0.194515 0.227948 0.0263165
0.174488 9.9982E-05 9.9982E-05 0.410083 0.202445 0.212785
0.513488 0.0934963 9.9982E-05 0.206151 0.186665 9.9982E-05
0.189085 9.9982E-05 9.9982E-05 0.288245 0.314169 0.208301
0.0105657 0.0858955 0.0879788 0.81536 9.9982E-05 9.9982E-05
0.139917 0.690193 0.0684223 0.0238946 9.9991E-05 0.0774731
9.9964E-05 0.972756 9.9964E-05 0.0268444 9.9964E-05 9.9964E-05
9.996E-05 0.9995 9.996E-05 9.996E-05 9.996E-05 9.996E-05
0.0355923 0.917721 9.9982E-05 0.0274301 9.9982E-05 0.0190562
9.9964E-05 0.962608 9.9964E-05 9.9964E-05 0.0369921 9.9964E-05
0.0821494 0.917451 9.9964E-05 9.9964E-05 9.9964E-05 9.9964E-05
9.9964E-05 0.993097 9.9964E-05 0.00650278 9.9964E-05 9.9964E-05
9.9964E-05 0.809038 9.9964E-05 0.190563 9.9964E-05 9.9964E-05
0.0399965 0.00759095 0.0332702 0.911285 0.00775764 9.9991E-05
0.0533249 0.0988703 9.9973E-05 0.847505 9.9973E-05 9.9973E-05
9.9973E-05 9.9973E-05 0.0474632 0.878827 0.07341 9.9973E-05
0.0768178 0.0819808 9.9982E-05 0.803429 9.9982E-05 0.0375727
0.00283496 0.0170174 0.00379162 0.936924 0.0393321 9.9991E-05
9.9982E-05 0.0438767 9.9982E-05 0.909162 0.0126468 0.0341149
0.039655 0.0197913 0.0160638 0.79242 0.122045 0.0100256
9.9982E-05 9.9982E-05 0.0385794 0.850382 0.106668 0.00417076
0.0217198 0.140381 0.0477207 0.710923 0.0791562 9.9991E-05
9.9973E-05 9.9973E-05 0.0103764 0.919714 0.0696093 9.9973E-05
9.9973E-05 0.0310372 0.0202424 0.94842 9.9973E-05 9.9973E-05
0.0775705 9.9982E-05 9.9982E-05 0.846321 0.0298938 0.0460151
9.9964E-05 0.0431267 9.9964E-05 0.956473 9.9964E-05 9.9964E-05
0.0543253 9.9973E-05 9.9973E-05 0.901237 0.044138 9.9973E-05
0.0372115 9.9982E-05 0.0470313 0.859006 0.056551 9.9982E-05
0.122139 9.9973E-05 9.9973E-05 0.854993 0.0225681 9.9973E-05
0.0706071 9.9973E-05 9.9973E-05 0.768591 0.160502 9.9973E-05
0.0884638 9.9982E-05 0.0364643 0.781313 0.0935585 9.9982E-05
0.0997834 9.9973E-05 9.9973E-05 0.852946 0.046971 9.9973E-05
0.427689 0.103342 0.0952909 0.143903 9.9991E-05 0.229675
0.718229 0.0117954 0.00249298 0.124287 9.9991E-05 0.143095
0.573019 0.0561845 0.108426 0.101386 0.0979815 0.0630027
0.186049 0.00576847 0.08429 0.0462309 9.9991E-05 0.677561
0.570376 0.118755 0.0595565 0.0988394 9.9991E-05 0.152372
0.17633 9.9973E-05 9.9973E-05 0.162467 9.9973E-05 0.660903
0.577962 9.9991E-05 0.0725551 0.0775537 0.00873404 0.263095
0.47103 0.0745739 0.19888 0.0837679 9.9991E-05 0.171648
0.545421 0.0508655 0.121525 0.0434033 9.9991E-05 0.238685
0.509904 0.0587184 0.378533 0.0202129 9.9991E-05 0.0325327
0.476734 0.100874 0.0663456 0.0950573 9.9991E-05 0.260888
0.677147 0.00605153 0.0334683 0.0697872 0.0226283 0.190918
0.616265 0.116438 0.0578396 0.0589603 9.9991E-05 0.150397
0.00653399 0.513029 0.121661 9.9991E-05 0.0603504 0.298325
0.00667403 0.100068 9.9982E-05 0.019589 9.9982E-05 0.873469
0.211537 9.9973E-05 9.9973E-05 0.0751771 9.9973E-05 0.712986
0.668706 0.0502131 0.0801877 0.0653217 0.0293175 0.106254
0.598641 9.9982E-05 0.0640779 0.0466943 9.9982E-05 0.290386
0.586774 9.9982E-05 0.0231155 0.158817 9.9982E-05 0.231093
0.675436 9.9982E-05 0.0855474 0.0828239 9.9982E-05 0.155993
0.518875 0.00861619 9.9991E-05 0.189416 0.142013 0.14098
0.545448 0.0363218 0.0174434 0.164647 0.162105 0.0740355
0.186175 0.0728335 0.0220383 0.420677 0.125292 0.172984
0.66749 0.0958495 0.0600894 0.176371 9.9982E-05 9.9982E-05
0.429904 0.122336 0.0322265 0.237423 0.105621 0.0724893
9.9973E-05 9.9973E-05 9.9973E-05 0.420164 0.155712 0.423825
0.415192 9.9991E-05 0.0196043 0.326934 0.11592 0.12225
0.295419 0.0528607 0.126263 0.372648 0.152709 9.9991E-05
0.461329 0.0962912 0.00229031 0.372974 0.0670159 9.9991E-05
0.462006 0.0641731 9.9991E-05 0.209883 0.218503 0.045335
0.513395 0.0367151 0.0407536 0.192598 0.187324 0.0292141
0.533296 0.0646624 0.0477488 0.139766 0.214427 9.9991E-05
0.38318 0.0349154 9.9991E-05 0.188629 0.204905 0.188271
0.349878 9.9982E-05 0.0185332 0.487096 0.144293 9.9982E-05
