0.0717665 0.916819 0.0113142 9.9991E-05
9.999E-05 0.945257 0.0535182 0.0011249
0.0529816 0.856376 9.9991E-05 0.0905424
0.0633961 0.830473 0.0462035 0.0599272
0.0591804 0.887412 9.9991E-05 0.0533076
0.0220224 0.700282 0.154475 0.123221
9.9982E-05 0.876298 0.123502 9.9982E-05
0.0328179 0.778027 0.170921 0.0182351
9.9982E-05 0.841206 0.158594 9.9982E-05
0.077714 0.691396 0.121181 0.109709
9.9991E-05 0.777033 0.158557 0.06431
0.100019 0.0220087 0.510803 0.36717
0.101236 0.0447048 0.231136 0.622923
0.0291247 0.127792 0.487979 0.355105
0.147904 0.0810722 0.398043 0.37298
0.157825 0.181676 0.276149 0.38435
0.110595 0.0963322 0.159354 0.633718
0.0898881 0.0502818 0.305417 0.554413
0.125024 0.166043 0.278693 0.43024
0.0171262 0.152308 0.674911 0.155656
0.0586837 0.0493109 0.325307 0.566698
0.113687 0.104766 0.270216 0.511332
0.0508802 0.11515 0.246207 0.587763
0.130787 0.0272422 0.411542 0.430429
0.142202 0.102447 0.0254465 0.729904
0.0645319 0.11555 0.167546 0.652372
0.0568616 0.0946834 0.52686 0.321595
0.113587 0.146173 0.37858 0.36166
9.9991E-05 0.0863562 0.535256 0.378287
0.0734996 0.846494 9.9991E-05 0.0799064
0.0649909 0.812073 9.9991E-05 0.122836
0.094497 0.800425 9.9991E-05 0.104978
0.101122 0.736815 9.9991E-05 0.161962
0.0170591 0.0826468 0.216353 0.683941
0.0754804 0.0541398 0.193617 0.676763
9.9991E-05 0.0446252 0.202205 0.75307
9.9991E-05 0.212381 0.516159 0.27136
9.9982E-05 9.9982E-05 0.398975 0.600825
9.9991E-05 0.168683 0.195082 0.636135
0.0675464 0.0465796 0.0903476 0.795526
9.9991E-05 0.14526 0.14209 0.712549
0.104407 0.0837877 0.0959695 0.715836
9.9991E-05 0.0347956 0.53505 0.430055
0.0696191 0.123126 0.126938 0.680317
0.0960458 0.0450759 0.090787 0.768091
0.095276 0.198739 0.0859333 0.620051
9.9982E-05 9.9982E-05 0.434423 0.565377
0.0369106 0.0266267 0.231152 0.705311
0.0801438 0.127409 0.145041 0.647407
9.9991E-05 0.0600133 0.87683 0.0630569
0.0146684 9.9991E-05 0.677463 0.307769
0.0262482 0.0552074 0.682904 0.23564
0.0985826 0.105426 0.194942 0.601049
0.226919 0.079255 0.195598 0.498227
0.15384 0.0221656 0.1953 0.628695
9.9991E-05 0.13733 0.59521 0.26736
0.0110359 0.0269419 0.300899 0.661123
0.149069 0.0272352 0.185217 0.638478
9.9991E-05 0.156332 0.306083 0.537486
0.0831487 0.242547 0.540118 0.134186
0.0100767 0.0994514 0.194659 0.695813
0.149923 0.0815984 0.318333 0.450146
9.9991E-05 0.113603 0.743477 0.14282
0.0432065 0.0340551 0.300472 0.622267
0.0930894 0.0394157 0.18118 0.686315
0.097353 0.0881584 0.165891 0.648598
0.0617239 0.117588 0.441136 0.379552
0.110297 0.00604423 0.344285 0.539374
0.091769 0.0236559 0.204749 0.679826
9.9991E-05 0.0752192 0.590076 0.334605
9.9991E-05 0.00224268 0.237599 0.760058
9.9982E-05 9.9982E-05 0.505121 0.494679
0.0138394 0.199504 0.149798 0.636858
9.9982E-05 9.9982E-05 0.662833 0.336967
9.9982E-05 9.9982E-05 0.68647 0.31333
9.9982E-05 9.9982E-05 0.451987 0.547813
9.9991E-05 0.0136839 0.314326 0.67189
0.0704073 0.169876 0.0762772 0.683439
0.0477146 9.9991E-05 0.26474 0.687446
9.9991E-05 0.0321177 0.560327 0.407455
9.9991E-05 0.0868792 0.44961 0.46341
0.0186609 0.170145 0.110742 0.700452
9.9991E-05 0.0217698 0.382617 0.595513
9.9991E-05 0.0745555 0.312043 0.613302
9.9982E-05 9.9982E-05 0.371318 0.628482
0.0425931 9.9991E-05 0.726061 0.231246
0.0273009 0.0328584 0.199417 0.740424
0.0383568 0.833987 9.9991E-05 0.127557
9.9982E-05 0.92367 9.9982E-05 0.0761299
0.045597 0.867007 9.9991E-05 0.0872959
0.0370374 0.911686 9.9991E-05 0.0511765
0.0393928 0.850056 9.9991E-05 0.110451
0.0705415 0.905043 9.9991E-05 0.0243151
0.0310207 0.905474 9.9991E-05 0.0634058
0.0833673 0.162833 0.0948862 0.658914
0.0618002 0.0635011 0.0834869 0.791212
9.9982E-05 9.9982E-05 0.661797 0.338003
0.133136 0.0989761 0.196152 0.571736
9.9991E-05 0.0533729 0.235439 0.711088
9.9991E-05 0.133388 0.087346 0.779166
0.0294671 0.0727864 0.139692 0.758055
0.0244019 0.10059 0.108401 0.766606
9.9991E-05 0.0503476 0.722628 0.226925
9.9991E-05 0.161133 0.180715 0.658052
0.0578159 0.091742 0.091218 0.759224
0.084133 0.102256 0.14712 0.666491
0.012735 9.9991E-05 0.439214 0.547951
0.0253446 0.0170373 0.212261 0.745358
0.0567883 0.0263239 0.279937 0.636951
0.040879 9.9991E-05 0.387164 0.571857
9.9991E-05 0.0776246 0.259242 0.663034
0.0586934 0.128014 0.0646887 0.748604
0.0536893 0.107627 0.522573 0.316111
0.0303472 0.177097 0.196034 0.596522
0.0457676 0.195919 0.0926957 0.665618
0.145163 0.0769607 0.180285 0.597591
9.9991E-05 0.0854476 0.289878 0.624574
0.143857 0.030506 0.290204 0.535434
0.0590687 0.0626336 0.334765 0.543533
9.9991E-05 0.134823 0.221111 0.643966
0.0810193 0.0917243 0.166507 0.660749
9.9991E-05 0.0958475 0.158799 0.745254
9.9991E-05 0.0276579 0.285216 0.687027
0.0740668 0.0882286 0.180889 0.656815
0.0840842 0.126213 0.148593 0.64111
0.081696 0.0323652 0.187229 0.698709
0.168404 0.127638 0.101551 0.602408
0.120998 0.0373957 0.194931 0.646675
0.0448178 0.130378 0.345091 0.479714
0.11886 0.0866268 0.0622898 0.732224
0.0690185 0.0328778 0.195218 0.702886
0.0650536 0.065064 0.499312 0.370571
0.13079 0.034626 0.651151 0.183433
0.0955343 0.0851948 0.183007 0.636264
0.0990618 9.9991E-05 0.748997 0.151841
9.9991E-05 0.0724822 0.452253 0.475164
9.9991E-05 0.0133342 0.334133 0.652432
9.9991E-05 0.0686028 0.421648 0.509649
9.9991E-05 0.0506574 0.501536 0.447707
0.00729705 0.0977405 0.194409 0.700554
0.0828461 0.0847993 0.147097 0.685258
0.05304 0.101301 0.238033 0.607626
0.0549462 0.0616016 0.668231 0.215221
0.0758855 0.170102 0.246538 0.507474
0.0881364 0.0254858 0.295799 0.590578
0.0124636 0.196778 0.717602 0.0731563
0.115937 0.115862 0.0956465 0.672554
0.118241 0.0993459 0.339813 0.4426
0.119175 0.0900167 0.197962 0.592847
0.0813002 0.109648 0.501753 0.307298
9.9991E-05 0.158799 0.500004 0.341098
0.00783657 0.0710788 0.357985 0.563099
0.061737 0.198315 0.194188 0.54576
0.142983 0.177803 0.292689 0.386525
0.220975 0.0591557 0.623515 0.0963546
0.100547 0.128065 0.203526 0.567862
9.9982E-05 9.9982E-05 0.431372 0.568428
0.0886923 9.9991E-05 0.356993 0.554214
0.0599344 0.108827 0.245684 0.585554
0.286371 0.335114 0.191769 0.186746
0.232079 0.608457 0.159364 9.9991E-05
0.19689 0.516128 0.286882 9.9991E-05
0.337965 0.473189 0.0869471 0.101898
0.0914869 9.9991E-05 0.202506 0.705907
0.0471557 0.117324 0.123622 0.711898
0.742371 9.9982E-05 9.9982E-05 0.257429
0.508557 9.9991E-05 0.118178 0.373165
0.38403 0.0982603 0.11091 0.4068
0.0850259 9.9991E-05 0.494635 0.420239
0.102271 0.0685795 0.207958 0.621191
0.13741 9.9991E-05 0.619454 0.243036
0.0965196 0.0380227 0.143595 0.721862
0.0675579 0.0222148 0.357486 0.552741
0.085794 0.0345849 0.225283 0.654338
0.067881 9.9991E-05 0.612259 0.31976
0.093163 0.0967663 0.0638732 0.746197
0.0538538 0.164099 0.212917 0.569131
0.992677 9.9982E-05 0.0071235 9.9982E-05
0.964154 9.9982E-05 9.9982E-05 0.0356456
0.625247 0.0530014 0.0163777 0.305374
0.696592 9.9982E-05 9.9982E-05 0.303208
0.817032 0.0165624 9.9991E-05 0.166306
0.9997 9.998E-05 9.998E-05 9.998E-05
0.9997 9.998E-05 9.998E-05 9.998E-05
0.911095 9.9982E-05 9.9982E-05 0.0887055
0.996651 9.9982E-05 0.00314895 9.9982E-05
0.9997 9.998E-05 9.998E-05 9.998E-05
0.9997 9.998E-05 9.998E-05 9.998E-05
0.807874 0.0099896 0.00610765 0.176029
0.805484 0.0481554 0.0079034 0.138457
0.9997 9.998E-05 9.998E-05 9.998E-05
0.477493 0.0688223 0.174645 0.27904
0.699806 0.0445707 0.0684169 0.187207
0.820014 0.0248922 9.9991E-05 0.154994
0.890208 0.0405077 9.9991E-05 0.0691846
0.9997 9.998E-05 9.998E-05 9.998E-05
0.842315 0.0569626 9.9991E-05 0.100622
0.9997 9.998E-05 9.998E-05 9.998E-05
0.684476 0.050271 0.0255882 0.239664
0.93339 9.9991E-05 0.0445718 0.0219383
0.115205 0.3636 0.521095 9.9991E-05
0.140962 0.22938 0.180986 0.448672
0.155373 0.199982 0.266684 0.377962
0.205456 0.229744 0.392787 0.172013
0.22864 0.161872 0.179739 0.429749
0.177179 0.284908 0.333336 0.204577
0.186028 0.0842161 0.228996 0.50076
0.340075 0.137119 0.283437 0.239368
0.205692 0.109711 0.101967 0.58263
0.210697 0.232685 0.149105 0.407514
0.117825 0.170624 0.185287 0.526263
0.00710225 0.869522 0.0704197 0.0529563
0.0782405 0.92156 9.9982E-05 9.9982E-05
9.998E-05 0.9997 9.998E-05 9.998E-05
9.9982E-05 0.989698 0.0101016 9.9982E-05
0.0636548 0.885409 0.0426693 0.00826638
0.0930547 0.906745 9.9982E-05 9.9982E-05
0.105485 0.883772 9.9991E-05 0.0106434
0.0010952 0.930336 0.0477467 0.0208224
0.0436417 0.915425 9.9991E-05 0.0408334
0.120157 0.879643 9.9982E-05 9.9982E-05
9.9982E-05 0.661626 0.338174 9.9982E-05
9.9991E-05 0.691913 0.261633 0.0463541
9.9982E-05 0.599135 0.400665 9.9982E-05
9.9991E-05 0.550555 0.405743 0.0436015
9.9991E-05 0.0978512 0.238947 0.663102
0.0888239 0.024087 0.270786 0.616303
0.100455 0.00508349 0.246604 0.647857
9.9991E-05 0.134656 0.299209 0.566035
9.9991E-05 0.0779847 0.634589 0.287327
0.0866497 0.043368 0.151631 0.718351
0.0560778 0.00435774 0.222068 0.717497
0.029293 9.9991E-05 0.323789 0.646818
0.0415766 9.9991E-05 0.404153 0.554171
0.0927285 0.0836499 0.116918 0.706704
9.9991E-05 0.055858 0.281298 0.662744
9.9982E-05 9.9982E-05 0.840353 0.159447
0.0302695 0.107939 0.270732 0.591059
0.0313743 0.00365175 0.510925 0.454049
0.0281829 9.9991E-05 0.211907 0.759811
9.9991E-05 0.037071 0.629689 0.33314
9.9991E-05 0.258194 0.707755 0.0339506
9.9991E-05 0.229844 0.656927 0.113129
9.9991E-05 0.189866 0.77212 0.037914
9.9991E-05 0.246782 0.741813 0.0113053
0.0237793 0.0997024 0.761827 0.114691
9.9991E-05 0.193412 0.691292 0.115197
0.0413358 0.862949 9.9991E-05 0.0956157
0.0766574 0.853385 9.9991E-05 0.0698574
0.0893051 0.770982 9.9991E-05 0.139613
0.107984 0.786094 0.0100561 0.0958657
0.0710703 0.821458 9.9991E-05 0.107372
9.9982E-05 0.497762 0.502038 9.9982E-05
9.9982E-05 0.531971 0.467829 9.9982E-05
9.9991E-05 0.536777 0.43002 0.0331025
0.045613 0.860291 9.9991E-05 0.0939963
9.9982E-05 0.501982 0.497818 9.9982E-05
0.416433 0.231588 0.0725205 0.279458
0.267374 0.191173 9.9991E-05 0.541353
0.348029 0.0923929 9.9991E-05 0.559478
0.296915 0.270944 0.140528 0.291613
0.211773 0.193695 0.0328504 0.561682
0.353039 0.505315 0.141546 9.9991E-05
9.9991E-05 0.0545518 0.349029 0.596319
0.0019946 0.0626525 0.428749 0.506604
9.9991E-05 0.201101 0.422517 0.376281
0.0399068 9.9991E-05 0.392351 0.567642
0.0312991 9.9982E-05 0.968501 9.9982E-05
0.127472 0.116728 0.231151 0.524649
0.0471624 0.0460569 0.273053 0.633727
9.9991E-05 0.119166 0.406813 0.47392
0.0745169 0.121947 0.190538 0.612998
0.051215 0.00290969 0.735295 0.210581
0.115586 0.0451709 0.293484 0.545759
0.0414347 0.0822169 0.252388 0.62396
0.257713 0.133978 0.209639 0.39867
0.0950774 9.9991E-05 0.455039 0.449784
0.0433667 0.0336568 0.363352 0.559625
0.0772963 9.9991E-05 0.283122 0.639481
0.0466619 9.9991E-05 0.335212 0.618026
0.104863 0.0418438 0.145935 0.707357
0.0479889 0.108167 0.12627 0.717574
0.173171 0.104479 0.197462 0.524887
0.119778 0.79899 9.9991E-05 0.0811313
0.070226 0.856893 0.00638016 0.0665006
0.0518826 0.798584 0.113839 0.0356936
9.9991E-05 0.840732 0.0315675 0.127601
0.0472206 0.851996 9.9991E-05 0.100683
0.0424796 0.115686 0.526225 0.31561
0.147488 0.0473244 0.261493 0.543695
0.134594 0.32499 0.0145796 0.525836
0.0919404 0.0486127 0.0648907 0.794556
0.0244553 0.140398 0.215818 0.619329
0.120414 0.046968 0.54913 0.283488
9.9991E-05 0.228362 0.666267 0.105271
9.9991E-05 0.112344 0.199088 0.688468
0.017539 0.132924 0.562342 0.287195
0.127462 0.0560874 0.355063 0.461387
9.9991E-05 0.220112 0.538342 0.241446
0.139197 0.129469 0.155795 0.575539
9.9991E-05 0.173703 0.545768 0.280428
0.0837635 0.055248 0.433515 0.427474
0.121609 0.04334 0.2741 0.560951
0.0426931 0.0765339 0.49341 0.387363
0.0696713 0.0660953 0.214823 0.64941
0.081095 0.15144 0.190277 0.577187
0.0100055 0.00624142 0.469763 0.51399
0.116691 0.0566597 0.226752 0.599897
0.0627692 0.0746773 0.232152 0.630401
9.9982E-05 9.9982E-05 0.70795 0.29185
0.0424691 9.9991E-05 0.587201 0.37023
0.0161036 0.117907 0.305463 0.560526
9.9991E-05 0.0451189 0.674323 0.280458
0.0315579 0.0572516 0.374245 0.536945
0.0847082 0.0754733 0.660202 0.179616
0.0935695 9.9991E-05 0.660177 0.246153
0.0207234 0.130744 0.362608 0.485924
0.128266 0.0675189 0.106149 0.698067
0.056296 0.00997245 0.593504 0.340227
0.126482 0.0719383 0.274408 0.527172
0.0902714 0.0800331 0.165074 0.664621
0.0833317 0.0232377 0.284897 0.608534
0.109868 0.0653028 0.221277 0.603552
0.0310781 0.114443 0.290096 0.564383
0.0436783 0.0184656 0.546394 0.391462
0.102311 0.0603745 0.433962 0.403353
0.04732 9.9991E-05 0.227513 0.725067
0.163496 9.9991E-05 0.201314 0.63509
9.9991E-05 0.154777 0.343339 0.501783
0.125521 9.9991E-05 0.287001 0.587378
0.0332402 0.194304 0.296664 0.475792
0.032895 0.0486359 0.239258 0.679211
0.0749291 0.0835888 0.2688 0.572682
0.0895155 0.161196 0.161917 0.587371
0.109212 0.411673 0.015135 0.46398
0.310249 0.121416 0.0228976 0.545438
0.192961 0.124632 0.131762 0.550644
0.189671 0.0820842 0.125419 0.602825
0.247993 0.225237 0.0893117 0.437458
0.0642497 9.9991E-05 0.401978 0.533672
0.20088 0.172545 0.170383 0.456191
0.260383 0.225572 0.501925 0.0121208
0.277475 0.158087 0.0323939 0.532044
0.179958 0.148005 0.0526917 0.619346
0.275123 0.135751 0.12176 0.467366
0.130674 0.238281 0.202723 0.428322
0.190232 0.239898 9.9991E-05 0.56977
0.169712 0.182303 0.0195937 0.628391
0.254031 0.455812 0.290057 9.9991E-05
0.247571 0.147254 9.9991E-05 0.605075
0.287764 0.194737 0.00199259 0.515506
0.177675 0.15922 0.0781041 0.585001
0.196043 0.229298 9.9991E-05 0.574559
0.202746 0.176864 0.0114498 0.60894
0.0909408 0.0337668 0.242835 0.632458
0.0423691 0.125245 0.195161 0.637225
0.0559953 9.9991E-05 0.795684 0.148221
0.0167623 9.9991E-05 0.841326 0.141812
0.0353045 0.0940667 0.28463 0.585999
0.426332 0.101216 0.153784 0.318669
0.443782 0.131315 0.11083 0.314072
0.379786 0.170152 0.280637 0.169426
0.360997 0.191395 0.103017 0.344591
0.173948 0.0825501 0.577932 0.16557
0.253055 0.0707194 0.466932 0.209293
0.170406 9.9991E-05 0.159283 0.67021
0.11071 0.0806206 0.229301 0.579369
0.219575 0.0645515 0.445147 0.270727
0.115209 0.0417766 0.15267 0.690345
0.208382 9.9991E-05 0.204185 0.587333
0.228483 0.0752041 0.269517 0.426796
9.9982E-05 9.9982E-05 0.510392 0.489408
0.0525653 9.9991E-05 0.499275 0.44806
0.0470292 0.062724 0.293773 0.596473
0.0863212 0.143726 0.301168 0.468785
0.170535 0.0864008 0.34044 0.402623
0.0353546 0.0196074 0.282642 0.662396
0.0549561 9.9991E-05 0.633204 0.31174
0.0561802 0.0286566 0.160126 0.755037
0.072611 9.9991E-05 0.611444 0.315845
0.1086 9.9991E-05 0.385439 0.505861
0.0579993 0.0927378 0.0997711 0.749492
0.0808497 9.9991E-05 0.282153 0.636897
0.204831 0.170272 0.0775565 0.54734
0.17983 0.171362 0.232719 0.416088
0.312564 0.179951 0.160612 0.346873
0.343995 0.154948 0.269717 0.23134
0.244223 0.176372 0.106712 0.472693
0.248465 0.141123 0.144922 0.46549
0.240695 0.185981 0.573225 9.9991E-05
0.26388 0.0524371 0.0369531 0.64673
0.236396 0.385218 0.378286 9.9991E-05
0.296978 0.0213486 0.139241 0.542432
0.0127918 9.9991E-05 0.660902 0.326206
0.066854 9.9991E-05 0.861316 0.0717304
0.0014561 9.9991E-05 0.365469 0.632975
0.0757145 0.0345819 0.122506 0.767197
0.0294238 0.00314681 0.413251 0.554178
0.0257922 9.9991E-05 0.302149 0.671959
0.0510497 9.9991E-05 0.272732 0.676119
0.0619494 0.81359 0.0668558 0.0576045
0.11159 0.784301 0.104009 9.9991E-05
0.0748943 0.924906 9.9982E-05 9.9982E-05
0.00759152 0.977429 9.9991E-05 0.0148798
0.0421867 0.0631511 0.197247 0.697415
9.9991E-05 0.0855128 0.185505 0.728882
9.9982E-05 9.9982E-05 0.255948 0.743852
0.0122625 0.154592 0.0797578 0.753388
0.0373216 0.108982 0.190394 0.663303
9.9991E-05 0.0342338 0.501147 0.464519
0.0809488 9.9991E-05 0.119294 0.799657
9.9991E-05 0.0282663 0.396951 0.574683
0.1744 0.301015 9.9991E-05 0.524486
0.0952332 9.9991E-05 0.347268 0.557398
9.9982E-05 9.9982E-05 0.441768 0.558032
0.0246896 9.9991E-05 0.272667 0.702544
0.00145791 0.00143434 0.280129 0.716979
0.0240142 9.9991E-05 0.204306 0.77158
0.043285 0.120217 0.149428 0.68707
9.9982E-05 9.9982E-05 0.618566 0.381234
0.0043879 9.9991E-05 0.477316 0.518196
0.0067958 0.034184 0.414316 0.544704
0.00364578 9.9991E-05 0.837097 0.159157
9.9991E-05 0.0852991 0.296493 0.618108
0.0604689 9.9991E-05 0.628556 0.310875
9.9991E-05 0.00591806 0.809641 0.184341
9.9991E-05 0.0356825 0.149532 0.814686
9.9991E-05 0.0364145 0.522239 0.441247
0.0748957 9.9991E-05 0.328561 0.596443
0.108642 0.103386 0.086534 0.701439
9.9991E-05 0.0284526 0.226703 0.744744
0.118888 9.9991E-05 0.475358 0.405653
0.0733034 9.9991E-05 0.243891 0.682706
0.0452659 0.00849802 0.287976 0.65826
9.9982E-05 9.9982E-05 0.453087 0.546713
0.0260143 0.104626 0.125338 0.744022
0.0239516 0.666169 0.291672 0.0182076
9.9991E-05 0.790521 0.142448 0.0669301
9.9982E-05 0.850223 0.149577 9.9982E-05
9.9982E-05 0.849093 0.150707 9.9982E-05
9.9991E-05 0.743338 0.208165 0.0483972
9.9991E-05 0.0566647 0.545878 0.397357
9.9991E-05 0.0706274 0.563308 0.365965
9.9982E-05 9.9982E-05 0.562148 0.437652
0.0303014 0.207617 0.156422 0.605659
0.0275489 0.146091 0.130402 0.695958
0.079727 9.9991E-05 0.470048 0.450125
0.0422108 9.9991E-05 0.153831 0.803858
0.110812 0.0255261 0.29034 0.573322
9.9991E-05 0.0232831 0.209134 0.767482
0.171533 0.0662634 0.217877 0.544326
9.9991E-05 0.0221764 0.473518 0.504206
9.9982E-05 9.9982E-05 0.36806 0.63174
9.9982E-05 9.9982E-05 0.384954 0.614846
0.0238173 0.185256 0.0837141 0.707213
9.9991E-05 0.0070654 0.283312 0.709523
0.0331365 0.0200966 0.289627 0.65714
0.431729 0.147036 9.9991E-05 0.421135
0.521774 0.0403748 0.112184 0.325667
0.516128 0.106127 9.9991E-05 0.377645
0.567928 0.1168 0.0112445 0.304028
0.283217 0.196067 9.9991E-05 0.520616
0.0521967 0.0630749 0.245343 0.639385
0.656633 0.252467 0.020251 0.0706484
0.551178 0.122034 9.9991E-05 0.326687
0.245112 0.163125 0.206984 0.384779
9.9991E-05 0.207766 0.0634948 0.728639
0.0555855 0.136615 0.312767 0.495033
0.0729801 0.120638 0.0960929 0.710289
0.111372 0.114541 0.180512 0.593574
0.50372 0.188082 9.9991E-05 0.308098
0.50222 0.17175 0.0508591 0.275171
0.51203 0.0580306 9.9991E-05 0.42984
0.332232 0.134961 0.068797 0.464009
0.554763 0.13646 0.056627 0.25215
0.397464 0.162101 0.0764834 0.363951
0.608125 0.137696 9.9991E-05 0.254079
0.433864 0.0643957 0.0788353 0.422904
0.121511 0.0363889 0.277089 0.565011
0.398322 0.181705 0.0669303 0.353042
0.62464 0.177884 9.9991E-05 0.197376
0.364903 0.11613 0.117206 0.401761
9.9991E-05 0.234579 0.44043 0.324892
0.156376 0.0623105 0.177733 0.60358
0.421369 0.137265 0.108707 0.332659
0.0952144 0.178802 0.0722272 0.653757
9.9991E-05 0.202544 0.115752 0.681604
0.304707 0.187389 0.194152 0.313751
0.32247 0.215966 0.0877176 0.373846
0.0979342 0.202484 0.143425 0.556157
0.447423 0.0767258 0.0518073 0.424044
0.501085 0.11346 9.9991E-05 0.385354
0.614309 0.202796 0.00252771 0.180367
0.0828161 0.112792 0.107429 0.696963
9.9991E-05 0.165033 0.1207 0.714167
0.0971695 0.13057 0.483131 0.289129
0.0878806 0.200232 9.99923E-05 0.711788
0.0424303 0.148111 0.316704 0.492755
0.213178 0.20067 0.167578 0.418574
0.185573 0.0528872 0.207655 0.553884
0.305005 0.353653 0.341242 9.9991E-05
0.245197 0.384717 0.369986 9.9991E-05
0.21754 0.131104 0.323312 0.328044
0.257632 0.35734 0.374872 0.0101555
0.31263 0.489578 0.197693 9.9991E-05
0.225125 0.137767 0.211317 0.42579
0.185053 0.251451 0.0975878 0.465908
0.220812 0.286442 0.269612 0.223133
0.262065 0.350066 0.290724 0.0971444
0.150027 0.152487 0.0940608 0.603425
0.238097 0.191925 0.425887 0.14409
0.155861 0.507583 0.336456 9.9991E-05
0.211471 0.107159 0.0564876 0.624882
0.335584 0.14106 0.171629 0.351726
0.094188 0.376106 9.9991E-05 0.529606
0.35845 0.121359 9.9991E-05 0.520091
0.227391 0.140691 0.0318876 0.600031
0.309512 0.0962682 0.027184 0.567036
0.236004 0.368705 9.9991E-05 0.39519
0.188941 0.255299 9.9991E-05 0.55566
0.298779 0.252752 9.9991E-05 0.448369
0.297697 0.24296 0.121035 0.338308
0.206525 0.200118 0.237035 0.356322
0.238795 0.183125 0.0370245 0.541056
0.0729172 0.182224 0.0837263 0.661132
0.103388 0.0642234 0.157096 0.675292
0.276219 0.290677 9.9991E-05 0.433004
0.28123 0.202511 0.00887533 0.507383
0.262583 0.401224 0.167597 0.168596
0.259358 0.195099 0.0288145 0.516729
0.361679 0.287206 0.150848 0.200268
0.0177355 0.851645 0.13052 9.9991E-05
0.0244128 0.224753 0.654322 0.0965113
9.9982E-05 0.155969 0.843831 9.9982E-05
9.9991E-05 0.192885 0.765325 0.0416898
9.9991E-05 0.121469 0.819061 0.0593695
0.0406467 0.166403 0.782102 0.0108476
9.9991E-05 0.136066 0.762375 0.101459
9.9982E-05 0.207123 0.792677 9.9982E-05
9.9991E-05 0.294846 0.674681 0.0303738
0.0131317 0.925306 0.0158284 0.0457343
0.0316944 0.841522 0.118845 0.00793833
0.0693729 0.895543 0.034984 9.9991E-05
9.9991E-05 0.856537 0.0829583 0.0604051
0.0641164 0.927952 0.00507637 0.00285497
9.9982E-05 0.938092 0.0617079 9.9982E-05
0.208628 0.718587 0.0726852 9.9991E-05
0.0623651 0.892 9.9991E-05 0.045535
0.101625 0.741487 0.152441 0.00444784
0.0667754 0.89273 9.9991E-05 0.0403944
9.9982E-05 0.998753 0.00104732 9.9982E-05
0.0409008 0.849208 0.000328717 0.109562
9.9982E-05 0.990135 9.9982E-05 0.00966505
0.0607032 0.939097 9.9982E-05 9.9982E-05
0.112724 0.831341 9.9991E-05 0.0558352
0.0772681 0.842309 9.9991E-05 0.0803225
0.199479 0.774891 9.9991E-05 0.0255303
0.118192 0.783884 9.9991E-05 0.0978237
0.0950213 0.812494 9.9991E-05 0.0923847
0.12016 0.171678 0.316034 0.392128
9.9991E-05 0.105687 0.102528 0.791685
0.139227 0.159478 0.100434 0.600861
0.0468889 0.120393 0.573155 0.259563
0.0210708 0.169597 0.21838 0.590951
0.0286175 0.247757 0.50828 0.215346
0.0302515 0.152623 0.0332371 0.783888
9.9991E-05 0.153742 0.288218 0.55794
0.0253965 0.0922415 0.166835 0.715527
0.00226105 0.0496495 0.173351 0.774738
9.9991E-05 0.145549 0.232156 0.622195
0.0176681 0.0594704 0.142281 0.78058
0.00802879 0.142238 0.0842126 0.76552
0.0789492 0.0364284 0.749888 0.134735
0.039998 0.0948871 0.829103 0.0360117
0.102935 0.099953 0.60406 0.193052
0.131457 0.123325 0.0735967 0.671622
0.060341 0.12726 0.166705 0.645695
9.9991E-05 0.172681 0.182446 0.644773
0.0863104 0.0972735 0.102152 0.714264
0.199472 0.225714 9.9991E-05 0.574714
0.220051 0.185525 0.0317673 0.562657
0.229833 0.421419 0.260055 0.0886921
0.0482678 0.16139 0.1483 0.642042
0.185144 0.260613 0.175713 0.37853
0.256859 0.431409 0.311633 9.9991E-05
0.269032 0.284876 0.054968 0.391124
0.186084 0.376162 9.9991E-05 0.437654
0.0983078 0.366606 0.0349653 0.500121
0.300809 0.0991127 0.0606363 0.539442
0.171544 0.23419 0.00415784 0.590109
0.157664 0.180146 0.0142798 0.647911
0.194618 0.149088 0.124091 0.532202
0.11888 0.501457 0.00713606 0.372526
