9.9964E-05 0.0164098 9.9964E-05 0.0355574 0.0716608 9.9964E-05 0.875972 9.9964E-05
9.9955E-05 9.9955E-05 9.9955E-05 9.9955E-05 0.0177181 9.9955E-05 0.935774 0.0460084
9.9973E-05 0.128376 0.0121568 0.0345547 0.0106656 9.9973E-05 0.813947 9.9973E-05
0.0556783 0.0888942 9.9973E-05 0.0166907 0.0512829 9.9973E-05 0.787154 9.9973E-05
9.9973E-05 0.0577461 9.9973E-05 0.0477512 0.0694242 9.9973E-05 0.822003 0.00277597
9.9982E-05 0.122192 0.00222339 0.00343858 0.0756693 0.22392 0.572357 9.9982E-05
0.0464436 9.9973E-05 9.9973E-05 0.00856767 0.0311142 0.155339 0.758236 9.9973E-05
9.9982E-05 9.9982E-05 0.0342165 0.0227971 0.10115 0.0971356 0.705989 0.0385122
9.99639E-05 9.99639E-05 0.0461457 9.99639E-05 0.0678958 0.0783177 0.807241 9.99639E-05
9.9982E-05 0.0737148 9.9982E-05 0.069226 0.0414422 0.052403 0.66957 0.0934441
0.0314305 0.0297862 9.9973E-05 9.9973E-05 0.1352 0.125703 0.677581 9.9973E-05
0.749564 0.143096 0.0793074 0.00718325 0.00769432 0.0090977 0.00395704 9.9991E-05
0.448448 0.424084 9.9964E-05 0.048483 9.9964E-05 0.0785856 9.9964E-05 9.9964E-05
0.71415 0.134949 9.9964E-05 9.9964E-05 9.9964E-05 9.9964E-05 0.0799291 0.0705723
0.738664 0.0694692 9.9964E-05 0.153051 9.9964E-05 9.9964E-05 0.0384159 9.9964E-05
0.427894 0.27635 9.9973E-05 0.092994 9.9973E-05 0.0469073 0.155555 9.9973E-05
0.385655 0.392028 9.9973E-05 0.180904 9.9973E-05 0.0366726 0.00444053 9.9973E-05
0.396812 0.362977 0.0800474 0.0359865 9.9991E-05 0.0560312 0.0148528 0.0531922
0.654143 0.176052 0.0200043 0.00979698 9.9973E-05 9.9973E-05 0.139704 9.9973E-05
0.716693 9.9964E-05 9.9964E-05 9.9964E-05 0.150446 0.0834752 0.048986 9.9964E-05
0.52198 0.234226 0.094964 0.0555217 9.9982E-05 0.0613515 9.9982E-05 0.0317568
0.333333 0.387696 9.9982E-05 0.0115623 9.9982E-05 0.232017 0.0181313 0.0170599
0.22752 0.544924 0.10008 9.9982E-05 9.9982E-05 0.0684598 0.0214173 0.0373994
0.663198 0.180038 0.0400814 0.0572508 9.9982E-05 0.0542799 0.00495235 9.9982E-05
0.224687 0.58233 9.9982E-05 0.0314326 9.9982E-05 0.00788988 0.0773596 0.0761011
0.480477 0.421792 0.0104784 0.0713811 9.9973E-05 0.015572 9.9973E-05 9.9973E-05
0.850384 0.0205351 0.0366437 0.0333204 9.9982E-05 0.00537192 0.053545 9.9982E-05
0.859709 9.9955E-05 9.9955E-05 0.131108 9.9955E-05 9.9955E-05 0.00868375 9.9955E-05
0.853806 0.0566564 9.9973E-05 9.9973E-05 0.00903725 0.0619837 9.9973E-05 0.0182166
0.00498284 0.106041 9.9964E-05 0.0824827 9.9964E-05 9.9964E-05 0.806094 9.9964E-05
9.9955E-05 0.172791 9.9955E-05 0.00147219 9.9955E-05 9.9955E-05 0.825237 9.9955E-05
0.0433149 0.108756 0.0614751 0.0489652 9.9973E-05 9.9973E-05 0.737189 9.9973E-05
9.9964E-05 0.0546664 0.142538 0.0632008 9.9964E-05 9.9964E-05 0.739195 9.9964E-05
0.0329792 0.516205 0.240998 9.9982E-05 0.0725069 0.0992224 0.0378887 9.9982E-05
0.0777561 0.487961 0.245464 0.0517829 0.00255816 9.9991E-05 0.129653 0.00472482
9.9982E-05 0.586232 0.272989 0.00678752 9.9982E-05 0.0019809 0.0324693 0.099341
0.563664 9.9973E-05 0.0755198 9.9973E-05 0.225277 9.9973E-05 0.11026 0.0249786
9.9973E-05 0.364086 0.491546 0.0345605 9.9973E-05 9.9973E-05 0.00710594 0.102401
0.10588 0.537053 0.125269 9.9982E-05 0.0220856 9.9982E-05 0.0436216 0.165891
9.9982E-05 0.658702 0.1794 0.0808857 0.0283264 0.0193522 0.0331332 9.9982E-05
9.9973E-05 0.625857 0.0826421 9.9973E-05 0.0679043 0.121397 0.101899 9.9973E-05
0.0262192 0.626448 0.0678854 9.9991E-05 0.0538416 0.00426473 0.104367 0.116874
0.228655 0.0940728 0.647531 9.9964E-05 9.9964E-05 0.029341 9.9964E-05 9.9964E-05
9.9982E-05 0.554943 0.0872443 0.104617 0.0287544 0.203904 9.9982E-05 0.0203385
9.9964E-05 0.58682 0.30345 0.0736932 9.9964E-05 0.0356367 9.9964E-05 9.9964E-05
0.0998521 0.587574 0.117392 0.0478598 9.9982E-05 0.0768898 0.0702318 9.9982E-05
9.9964E-05 0.311716 0.62536 9.9964E-05 9.9964E-05 0.033891 9.9964E-05 0.0286338
0.039144 0.484178 0.315033 0.0456515 0.020006 0.0363874 0.0595002 9.9991E-05
0.0672597 0.442253 0.1857 0.0752106 0.0031061 0.0712541 0.104552 0.0506652
9.9964E-05 9.9964E-05 0.686529 9.9964E-05 9.9964E-05 0.24958 0.0514489 0.0120427
0.430659 0.114615 0.125275 9.9982E-05 0.159741 0.0884275 9.9982E-05 0.0810826
0.377501 0.0183753 0.112942 9.9973E-05 9.9973E-05 0.412793 9.9973E-05 0.0780885
0.160185 0.499348 0.121918 0.0197876 0.0341319 0.0207043 0.0892825 0.0546433
0.20877 0.516149 9.9982E-05 0.0589438 9.9982E-05 0.0111272 0.0842385 0.120572
0.0306351 0.652614 9.99905E-05 0.0298184 0.133774 0.0995583 0.0142164 0.0392839
0.233381 0.0908924 0.173809 9.9991E-05 0.24065 0.106299 0.0861224 0.0687451
0.170254 0.525316 0.0758005 9.9982E-05 0.121517 0.0563761 9.9982E-05 0.0505362
0.190526 0.448276 0.0894073 0.129221 0.0254172 0.0986608 9.9991E-05 0.018391
0.241889 0.292546 0.0710222 9.9991E-05 0.0125506 0.0397077 0.138564 0.20362
0.415127 9.9982E-05 0.083106 0.0248248 0.120267 0.178959 0.177516 9.9982E-05
0.0950278 0.545656 0.129034 0.0136067 0.0569052 0.122622 0.0314698 0.00567876
0.238382 0.330871 0.0790954 0.0732588 0.0737192 0.0506583 0.0873343 0.0666808
0.621951 9.9973E-05 0.0426012 9.9973E-05 0.170264 0.150391 0.014493 9.9973E-05
0.385786 0.407248 0.0754706 9.9973E-05 9.9973E-05 0.0500262 9.9973E-05 0.0811689
0.174113 0.557273 9.9982E-05 0.00801651 9.9982E-05 0.0962673 0.0232359 0.140894
0.228236 0.585574 9.9982E-05 9.9982E-05 0.0497563 0.044583 0.0565676 0.0350833
0.47633 0.161448 0.0718331 0.0646982 0.0416601 0.0268975 0.0460285 0.111105
0.364299 0.421158 0.0594285 0.0476094 9.9982E-05 0.0433318 9.9982E-05 0.0639732
0.122445 0.50131 0.0491032 0.0309019 0.12288 0.0575799 0.079347 0.0364323
0.560316 0.0622437 0.171172 9.9991E-05 0.079704 0.0227644 0.0561326 0.0475677
0.0248661 0.537646 0.406345 9.9973E-05 0.0280334 9.9973E-05 9.9973E-05 0.00280919
0.065331 0.13531 0.718937 0.0409981 9.9973E-05 9.9973E-05 0.0391242 9.9973E-05
0.0927612 0.591645 0.0606526 9.9991E-05 0.0207405 0.157268 0.0257002 0.051133
9.9955E-05 9.9955E-05 0.85834 9.9955E-05 9.9955E-05 0.107485 9.9955E-05 0.0336756
0.0528007 9.9964E-05 0.795718 9.9964E-05 9.9964E-05 0.0620681 9.9964E-05 0.0890137
0.00604657 0.306983 0.686471 9.9955E-05 9.9955E-05 9.9955E-05 9.9955E-05 9.9955E-05
0.0100321 0.450655 0.420607 9.9982E-05 0.0337415 0.0571247 0.0276404 9.9982E-05
9.9982E-05 0.571521 0.116014 0.0168649 0.0682128 9.9982E-05 0.181615 0.0455731
0.0832584 0.331813 0.476729 0.0863362 0.0017455 9.9982E-05 9.9982E-05 0.0199177
9.9973E-05 0.163111 0.66245 0.036675 0.113967 9.9973E-05 0.023497 9.9973E-05
9.9973E-05 0.210957 0.553522 0.0256858 0.204619 9.9973E-05 0.00491646 9.9973E-05
9.9982E-05 0.456616 0.158319 0.118697 0.0763826 9.9982E-05 0.0533605 0.136425
0.0818831 0.250282 0.577149 0.0390894 9.9973E-05 9.9973E-05 0.0512963 9.9973E-05
9.9973E-05 0.465737 0.430584 9.9973E-05 0.0298301 9.9973E-05 0.0536387 0.0199105
9.9955E-05 0.422486 0.555004 9.9955E-05 9.9955E-05 9.9955E-05 9.9955E-05 0.022011
9.9964E-05 9.9964E-05 0.691476 9.9964E-05 0.0169587 0.183437 9.9964E-05 0.107728
9.9964E-05 0.601944 0.27166 0.0578914 0.0681053 9.9964E-05 9.9964E-05 9.9964E-05
0.065923 0.0812457 9.9964E-05 0.0279649 9.9964E-05 9.9964E-05 0.824467 9.9964E-05
9.9946E-05 0.111298 9.9946E-05 9.9946E-05 9.9946E-05 9.9946E-05 0.888102 9.9946E-05
9.9955E-05 0.0975795 9.9955E-05 0.0425561 9.9955E-05 9.9955E-05 0.859365 9.9955E-05
9.9973E-05 0.0221181 0.0194587 0.0186561 9.9973E-05 0.059248 0.880219 9.9973E-05
9.9964E-05 0.100752 9.9964E-05 9.9964E-05 9.9964E-05 0.0157684 0.856198 0.0268821
9.9973E-05 0.0517721 9.9973E-05 0.0412903 9.9973E-05 0.0425206 0.859171 0.00494577
9.99461E-05 0.0825395 9.99461E-05 9.99461E-05 9.99461E-05 9.99461E-05 0.916861 9.99461E-05
0.0315588 0.405809 0.244076 0.0639066 0.011546 0.162839 0.0801647 9.9991E-05
0.0511883 0.505096 0.0846756 0.0675434 0.15242 0.0306878 0.0508705 0.0575184
0.150585 0.00155555 0.82783 9.9964E-05 9.9964E-05 9.9964E-05 0.0196299 9.9964E-05
0.0196442 0.527667 0.0290975 0.0464763 0.131678 9.9991E-05 0.0786049 0.166732
0.166274 0.428725 0.377018 9.9973E-05 0.02673 9.9973E-05 0.000953554 9.9973E-05
9.9973E-05 0.595333 0.333988 0.00535911 9.9973E-05 9.9973E-05 0.0475023 0.0175173
0.171886 0.548317 0.153478 9.9982E-05 0.0106909 9.9982E-05 0.0149021 0.100525
0.00614105 0.446193 0.362055 0.0968982 9.9982E-05 9.9982E-05 0.0103802 0.0781333
0.105005 9.9973E-05 0.739528 9.9973E-05 0.109652 0.0318748 0.0136402 9.9973E-05
9.9991E-05 0.506813 0.184943 0.0692347 0.0261506 0.00927091 0.198777 0.00470984
0.0418923 0.563803 0.33238 9.9964E-05 9.9964E-05 9.9964E-05 0.0615244 9.9964E-05
0.0656461 0.518706 0.183281 0.0634992 0.00832217 9.9991E-05 0.126439 0.0340066
9.9964E-05 0.308179 0.507002 9.9964E-05 9.9964E-05 0.0869782 9.9964E-05 0.0974413
9.9964E-05 0.497346 0.413676 9.9964E-05 9.9964E-05 0.0216915 9.9964E-05 0.0668868
0.191592 0.435273 0.282144 9.9982E-05 0.0538756 0.00892695 0.0279884 9.9982E-05
9.9964E-05 0.321211 0.59967 0.0421676 9.9964E-05 9.9964E-05 9.9964E-05 0.036551
0.048546 0.419681 0.42958 0.0145737 0.0387516 9.9982E-05 0.0486681 9.9982E-05
0.095965 0.429829 0.254349 9.9991E-05 0.0258381 0.0412617 0.148721 0.00393588
0.555701 0.0831683 0.011825 0.0511513 0.0269011 9.9991E-05 0.0232781 0.247875
0.260224 0.322255 0.00640831 0.0614986 0.211646 0.0658848 0.0719823 9.9991E-05
0.229247 0.491313 0.0506059 0.0481268 9.9982E-05 0.0361719 0.144335 9.9982E-05
9.9982E-05 0.554729 0.101356 0.0165387 0.0440604 9.9982E-05 0.180373 0.102743
0.435658 0.373823 9.9973E-05 9.9973E-05 0.103962 9.9973E-05 0.00933832 0.0769191
0.17908 0.624084 0.0084752 0.0184652 0.164535 0.00516039 9.9982E-05 9.9982E-05
0.329586 0.418202 0.0709673 0.0120329 0.119713 0.0125635 9.9991E-05 0.0368353
0.0380958 0.541822 0.0506541 0.0201535 0.206668 0.0724647 0.00555388 0.0645878
0.0939419 0.46735 0.122192 0.078092 0.0914011 0.00486302 0.0677742 0.0743862
0.38814 0.418348 0.0676645 9.9982E-05 9.9982E-05 0.00174161 0.0540596 0.0698461
0.288278 0.425366 0.0618583 0.0219539 0.164624 9.9982E-05 9.9982E-05 0.037719
9.9991E-05 0.565623 0.0573071 0.0878857 0.104087 0.0940126 0.012308 0.0786771
9.9991E-05 0.522666 0.107191 0.0415894 0.108325 0.0155195 0.167036 0.0375739
0.198479 0.565534 0.0599909 0.0197203 0.112802 9.9982E-05 9.9982E-05 0.0432744
0.181811 0.527245 9.9982E-05 0.0234194 9.9982E-05 0.0498352 0.100093 0.117396
0.163028 0.54065 9.9991E-05 0.0312321 0.0810682 0.000486583 0.0588288 0.124606
0.271952 0.316281 9.9982E-05 9.9982E-05 0.119882 0.154627 0.103751 0.0333065
0.247202 0.539497 0.0202684 0.0676575 0.0665735 0.0586016 9.9982E-05 9.9982E-05
0.054996 0.676271 9.9973E-05 9.9973E-05 0.101416 9.9973E-05 0.0391902 0.127827
0.368144 0.123952 0.15013 0.0275059 0.18412 9.9991E-05 0.0722015 0.0738476
0.322797 0.120199 0.0865263 0.0174896 0.0818003 0.191742 9.9991E-05 0.179346
0.0832799 0.525894 0.0891124 0.0339529 0.249614 0.0179468 9.9982E-05 9.9982E-05
0.22396 0.0307528 0.153093 0.0276178 0.159368 0.115283 9.9991E-05 0.289825
0.511385 0.196949 0.0466969 9.9991E-05 0.160206 0.0185072 0.0251134 0.0410428
0.324272 0.380631 0.120345 9.9973E-05 0.0993257 9.9973E-05 9.9973E-05 0.0751277
0.364432 0.250569 0.208502 9.9982E-05 0.139189 9.9982E-05 0.0352616 0.0018459
0.469204 0.21791 0.0854733 0.00836728 0.142877 9.9982E-05 9.9982E-05 0.0759684
0.118164 0.57463 0.0100705 9.9991E-05 0.0262456 0.106031 0.0535548 0.111204
0.129301 0.445698 0.207795 0.0709689 0.00777652 9.9982E-05 0.13826 9.9982E-05
0.244188 0.452519 0.00736578 0.0520037 0.0694256 9.9991E-05 0.0746531 0.0997449
0.354453 0.0910948 0.033121 0.0644265 0.143853 0.214189 9.9991E-05 0.0987625
0.0913244 0.510262 0.0134233 9.9991E-05 0.100668 0.0812608 0.158468 0.0444923
0.193344 0.392815 0.138114 0.0871131 9.9982E-05 0.154306 9.9982E-05 0.0341082
0.0296704 9.9982E-05 0.215096 9.9982E-05 0.0751551 0.385827 0.108589 0.185463
0.00688128 0.593144 0.0229279 0.045418 9.9991E-05 0.131581 0.0888961 0.111052
0.106514 0.302893 0.185747 9.9991E-05 0.0599993 0.238693 0.0542108 0.0518436
0.0812572 0.544426 0.0288107 0.0317926 9.9991E-05 0.166955 0.0953167 0.0513412
0.0975855 0.283658 0.0306834 0.00698291 0.0664327 0.461213 9.9991E-05 0.0533448
0.0908194 0.194998 0.0621321 9.9991E-05 0.125187 0.349201 0.0487383 0.128824
0.0307539 0.465267 0.115594 9.9991E-05 0.0503203 0.159571 0.0323313 0.146063
0.168303 0.392575 9.9991E-05 0.0665762 0.0481423 0.291934 0.0272025 0.00516628
0.142688 0.452886 0.0183271 0.0141721 0.0363177 0.141781 0.155782 0.0380464
0.178017 9.9982E-05 0.210326 0.132057 0.00357195 0.35567 9.9982E-05 0.120158
0.146484 0.385308 0.0411445 0.101013 9.9991E-05 0.0277212 0.109868 0.188362
0.164942 0.363902 0.138459 9.9982E-05 0.00909328 0.308423 9.9982E-05 0.0149811
0.109872 0.407346 0.191032 9.9982E-05 0.0154614 0.170789 9.9982E-05 0.1053
0.0363153 0.598418 0.0700172 9.9991E-05 0.0757055 0.101028 0.0949613 0.023455
0.0671664 0.134507 9.9982E-05 0.244675 0.0173754 0.288357 0.247719 9.9982E-05
9.9955E-05 9.9955E-05 9.9955E-05 0.138362 9.9955E-05 0.386322 0.474815 9.9955E-05
9.9955E-05 9.9955E-05 9.9955E-05 0.119009 9.9955E-05 0.489816 0.390676 9.9955E-05
9.9973E-05 0.0362434 9.9973E-05 0.360621 0.0100143 0.268947 0.323874 9.9973E-05
9.9964E-05 0.635415 0.0474609 9.9964E-05 9.9964E-05 0.272277 9.9964E-05 0.0444474
9.9991E-05 0.607333 0.0372273 0.0101762 0.0381418 0.112419 0.0579661 0.136637
0.098554 0.311171 9.9955E-05 0.589776 9.9955E-05 9.9955E-05 9.9955E-05 9.9955E-05
0.0899779 0.228026 0.187044 0.473208 9.9973E-05 9.9973E-05 9.9973E-05 0.0214444
0.0577354 0.298962 0.0430293 0.326998 0.113908 9.9991E-05 0.114801 0.0444667
0.0727922 0.364328 0.0419123 9.9982E-05 0.00738744 0.321242 9.9982E-05 0.192137
9.9982E-05 0.436376 0.111501 0.0599899 0.0524533 9.9982E-05 0.132329 0.207152
0.0702692 0.209734 0.0255573 9.9973E-05 9.9973E-05 0.483939 9.9973E-05 0.210201
0.0489584 0.61131 0.0567147 9.9982E-05 9.9982E-05 0.180796 0.00194504 0.100076
0.131619 0.439689 0.0412349 0.0295521 9.9991E-05 0.201786 0.00472943 0.151289
0.0478872 0.547301 0.0194397 0.0349706 0.0868959 0.201553 9.9991E-05 0.0618522
0.164925 0.152714 0.0722473 9.9973E-05 9.9973E-05 0.507151 9.9973E-05 0.102663
9.9973E-05 0.611271 0.20144 0.0706673 9.9973E-05 0.0724309 0.0438906 9.9973E-05
9.9982E-05 0.584469 0.00659025 0.0123323 9.9982E-05 0.113039 0.0766785 0.206691
9.9955E-05 9.9955E-05 0.00384709 0.981791 9.9955E-05 9.9955E-05 9.9955E-05 0.0138623
0.0106847 0.0886033 9.9973E-05 0.868633 9.9973E-05 0.00738062 9.9973E-05 0.0243986
0.113038 0.155097 0.0971822 0.554838 9.9991E-05 0.00534009 0.055133 0.0192714
9.9946E-05 0.313027 9.9946E-05 0.686373 9.9946E-05 9.9946E-05 9.9946E-05 9.9946E-05
9.9964E-05 0.0669368 0.0320989 0.824527 9.9964E-05 0.0760374 9.9964E-05 9.9964E-05
0.00625952 9.9946E-05 9.9946E-05 0.993141 9.9946E-05 9.9946E-05 9.9946E-05 9.9946E-05
0.000234749 9.9973E-05 0.00566339 0.939188 0.0229424 9.9973E-05 9.9973E-05 0.0316717
9.9955E-05 0.0915183 9.9955E-05 0.871328 9.9955E-05 9.9955E-05 9.9955E-05 0.0366543
9.9946E-05 9.9946E-05 9.9946E-05 0.984124 0.0152766 9.9946E-05 9.9946E-05 9.9946E-05
9.994E-05 9.994E-05 9.994E-05 0.9993 9.994E-05 9.994E-05 9.994E-05 9.994E-05
9.994E-05 9.994E-05 9.994E-05 0.9993 9.994E-05 9.994E-05 9.994E-05 9.994E-05
0.0765531 0.139151 9.9973E-05 0.745231 9.9973E-05 9.9973E-05 0.0301713 0.00859314
0.0177099 0.0755926 0.00441545 0.812211 0.0275372 9.9982E-05 0.0623343 9.9982E-05
9.9964E-05 9.9964E-05 0.0268597 0.957911 0.00952342 9.9964E-05 0.00530628 9.9964E-05
0.112367 0.245995 0.0511291 0.461649 0.113781 9.9982E-05 9.9982E-05 0.0148774
9.9973E-05 0.219696 0.0668965 0.618789 0.0449717 9.9973E-05 0.0493474 9.9973E-05
9.9973E-05 0.185972 9.9973E-05 0.687847 9.9973E-05 0.00801309 0.106107 0.011762
0.0594142 0.065643 9.9964E-05 0.860927 9.9964E-05 9.9964E-05 0.0136163 9.9964E-05
9.994E-05 9.994E-05 9.994E-05 0.9993 9.994E-05 9.994E-05 9.994E-05 9.994E-05
0.0496209 9.9955E-05 9.9955E-05 0.935592 9.9955E-05 9.9955E-05 9.9955E-05 0.0142873
9.994E-05 9.994E-05 9.994E-05 0.9993 9.994E-05 9.994E-05 9.994E-05 9.994E-05
9.9982E-05 0.176419 0.0630451 0.640442 0.0575028 0.00980249 0.0525882 9.9982E-05
0.0270346 0.0356471 0.0398254 0.868643 9.9973E-05 9.9973E-05 9.9973E-05 0.0285498
0.0151283 9.9973E-05 9.9973E-05 0.0447842 9.9973E-05 0.629185 0.281518 0.0290843
0.039356 0.433718 9.9982E-05 0.0408035 0.0948578 0.219364 0.171701 9.9982E-05
9.9982E-05 0.428597 9.9982E-05 0.0486763 0.0580714 0.192492 0.232497 0.0394664
9.9982E-05 0.136878 0.0185831 0.112487 0.06126 0.490757 0.179835 9.9982E-05
0.0644866 0.494724 0.0225522 0.110817 0.0346202 0.155632 0.117068 9.9991E-05
0.0140958 0.159295 0.0759061 0.110199 9.9991E-05 0.367685 0.226241 0.0464788
0.079006 0.477549 0.0883313 0.0137725 9.9991E-05 0.119093 0.138325 0.0838235
9.9973E-05 0.348145 0.0504653 0.168173 9.9973E-05 0.380308 0.0526096 9.9973E-05
0.0979713 0.515847 9.9982E-05 0.0768952 9.9982E-05 0.14135 0.158422 0.00931476
9.9964E-05 0.383299 9.9964E-05 0.14577 9.9964E-05 0.375924 0.0946063 9.9964E-05
0.102551 0.476859 0.0570156 0.109018 0.0348336 0.0913959 0.128227 9.9991E-05
9.9973E-05 0.0365529 9.9973E-05 9.9973E-05 0.103708 0.0432141 0.787238 0.0289874
9.9964E-05 9.9964E-05 9.9964E-05 0.0770019 9.9964E-05 0.0135478 0.896658 0.0123928
9.99584E-05 0.0162341 9.99584E-05 9.99584E-05 9.99584E-05 0.0170026 0.966264 9.99584E-05
9.9964E-05 0.0243713 9.9964E-05 9.9964E-05 0.0410001 9.9964E-05 0.930006 0.00422234
0.089675 0.0130332 9.9973E-05 9.9973E-05 0.000624679 0.0122657 0.884102 9.9973E-05
9.9955E-05 9.9955E-05 9.9955E-05 0.0592407 9.9955E-05 9.9955E-05 0.88594 0.0543193
9.9955E-05 9.9955E-05 9.9955E-05 0.0931666 0.0236629 9.9955E-05 0.882671 9.9955E-05
9.9955E-05 9.9955E-05 9.9955E-05 9.9955E-05 9.9955E-05 0.0256687 0.889773 0.0840583
0.0625431 9.9964E-05 0.0510234 9.9964E-05 9.9964E-05 9.9964E-05 0.877639 0.00839496
9.9964E-05 9.9964E-05 9.9964E-05 0.114878 0.029369 0.0670058 0.788347 9.9964E-05
0.138676 9.9973E-05 0.075749 9.9973E-05 0.121147 9.9973E-05 0.606167 0.0579613
0.189908 9.9964E-05 0.04266 9.9964E-05 0.207074 9.9964E-05 0.559958 9.9964E-05
0.202378 9.9982E-05 0.0796912 9.9982E-05 0.151146 0.0661107 0.479751 0.0207223
0.230656 9.9982E-05 0.0859497 9.9982E-05 0.165781 0.0019118 0.490259 0.0252431
0.124325 0.472121 0.230835 9.9982E-05 0.082795 9.9982E-05 0.0223567 0.0673674
0.0734803 0.434049 0.294469 0.0596041 0.0958259 9.9991E-05 0.00528801 0.0371834
0.225524 0.483072 0.0942462 0.0305691 0.10156 9.9991E-05 0.047628 0.0172999
0.312891 0.361106 0.186415 9.9982E-05 0.090851 9.9982E-05 0.00412767 0.04441
0.450768 0.00205125 0.118522 0.0147146 0.284156 9.9982E-05 9.9982E-05 0.129588
9.9982E-05 0.517362 0.287097 0.102492 0.0288529 9.9982E-05 0.0521632 0.0118322
0.0977748 0.574338 0.302341 0.00813355 9.9973E-05 9.9973E-05 9.9973E-05 0.0171129
0.13897 0.458928 0.200329 9.9982E-05 0.0916039 0.0589197 9.9982E-05 0.0510495
9.9964E-05 0.382568 0.560293 9.9964E-05 9.9964E-05 0.00537865 9.9964E-05 0.0513604
0.017536 0.598035 0.129442 9.9991E-05 0.0712157 0.0658714 0.0767974 0.0410017
0.0136334 0.437128 0.305783 9.9982E-05 0.0967216 9.9982E-05 0.0201245 0.126409
9.9955E-05 9.9955E-05 0.633041 9.9955E-05 0.04398 9.9955E-05 9.9955E-05 0.322479
0.136047 0.548587 0.14817 9.9982E-05 0.0400563 0.108302 0.0186382 9.9982E-05
0.0249712 0.184677 0.474336 0.0268095 9.9991E-05 0.111265 0.02575 0.152092
0.0123232 0.51333 0.35086 9.9973E-05 0.0231158 9.9973E-05 9.9973E-05 0.10007
0.129716 0.0664567 0.695267 9.9973E-05 0.0374858 9.9973E-05 0.0707746 9.9973E-05
9.9964E-05 9.9964E-05 9.9964E-05 0.0366277 0.806866 0.134276 0.0218298 9.9964E-05
9.9964E-05 0.0811584 9.9964E-05 9.9964E-05 0.796623 0.0654118 9.9964E-05 0.0564075
9.9955E-05 0.0342547 9.9955E-05 9.9955E-05 0.926917 9.9955E-05 9.9955E-05 0.0383282
9.9964E-05 9.9964E-05 0.0147757 9.9964E-05 0.854159 9.9964E-05 0.0623943 0.0682712
9.9973E-05 0.0602551 0.0312604 0.048692 0.804823 0.0546701 9.9973E-05 9.9973E-05
9.9973E-05 0.113157 9.9973E-05 0.0471398 0.833201 9.9973E-05 0.00396394 0.00223798
9.9973E-05 0.0765044 0.0047011 0.0310038 9.9973E-05 9.9973E-05 0.881188 0.00630243
0.103838 9.9964E-05 9.9964E-05 0.067961 0.026166 9.9964E-05 0.801635 9.9964E-05
0.0291871 0.10226 9.9973E-05 0.0672366 9.9973E-05 0.0433115 0.757705 9.9973E-05
0.109763 0.0415973 9.9964E-05 0.0743682 9.9964E-05 9.9964E-05 0.773872 9.9964E-05
0.00899805 0.0515695 9.9982E-05 0.105668 0.0654366 0.0238689 0.744259 9.9982E-05
0.026996 9.9973E-05 0.0644345 9.9973E-05 0.498542 0.0706156 0.339112 9.9973E-05
9.9973E-05 9.9973E-05 0.0320655 9.9973E-05 0.369297 0.0997725 0.420431 0.0781339
9.9964E-05 9.9964E-05 0.0169494 9.9964E-05 0.466878 9.9964E-05 0.416157 0.099616
0.0306176 0.151638 9.9964E-05 0.0344858 9.9964E-05 9.9964E-05 0.782858 9.9964E-05
0.000201534 9.9991E-05 0.0780395 0.00537751 0.487097 0.00191578 0.335628 0.0916398
0.054573 0.26933 9.9973E-05 0.297989 9.9973E-05 0.169521 0.208287 9.9973E-05
0.0897278 0.541113 9.9991E-05 0.178958 0.00511999 0.00210491 0.144757 0.0381192
9.9955E-05 0.563559 9.9955E-05 0.223174 9.9955E-05 9.9955E-05 0.212767 9.9955E-05
9.9982E-05 0.242075 0.109503 0.313168 0.012674 0.0991474 0.223234 9.9982E-05
9.9991E-05 0.532847 0.0186392 0.139606 0.0254767 0.159104 0.119518 0.00470919
9.9964E-05 9.9964E-05 9.9964E-05 0.302704 9.9964E-05 0.282523 0.410756 0.0036175
0.335838 0.327877 0.0594061 0.000395912 0.163911 9.9982E-05 9.9982E-05 0.112372
0.184684 0.355374 0.0397732 9.9982E-05 0.0712445 0.108644 9.9982E-05 0.240079
0.559165 0.163657 9.9964E-05 9.9964E-05 0.189542 9.9964E-05 0.0872366 9.9964E-05
0.19181 0.452034 0.0222387 9.9982E-05 0.0587148 0.0172688 9.9982E-05 0.257734
0.0980554 9.9973E-05 0.186762 9.9973E-05 0.0665476 0.28003 9.9973E-05 0.368306
0.241486 0.473963 0.0595282 9.9991E-05 0.00581992 0.0383162 0.0498075 0.130979
0.366754 0.34625 0.00597687 0.082896 0.0291257 0.0469728 9.9991E-05 0.121925
0.529257 0.198109 0.106967 9.9973E-05 0.140529 9.9973E-05 0.024838 9.9973E-05
0.123948 0.481097 0.135701 0.108665 0.0228781 0.0230683 0.0259608 0.0786815
0.516013 9.9964E-05 0.121315 9.9964E-05 9.9964E-05 0.251176 9.9964E-05 0.111097
0.170043 0.44342 9.9982E-05 0.062263 0.0853408 0.124636 9.9982E-05 0.114097
0.180878 0.490763 0.0350512 0.051675 0.157337 9.9982E-05 9.9982E-05 0.0840962
0.161309 0.332634 0.0679627 0.215123 0.0883588 0.0491664 0.0853451 9.9991E-05
0.332007 0.248555 9.9982E-05 0.0015755 0.092785 0.0349279 9.9982E-05 0.289949
0.245797 0.393389 0.019368 0.0384497 0.136577 0.019964 0.0167318 0.129723
0.276699 0.362601 0.0364792 0.13468 0.0111854 0.0672186 9.9991E-05 0.111037
0.138183 0.530855 0.113477 9.9982E-05 0.115026 0.0723931 9.9982E-05 0.0298661
0.111857 0.65461 0.0613069 9.9982E-05 0.0217329 9.9982E-05 0.0446401 0.105653
0.0476636 0.533702 0.166626 0.040428 0.0184132 0.0952807 0.0639281 0.0339592
0.177559 0.440614 9.9982E-05 0.102652 0.106252 0.0951013 0.0776221 9.9982E-05
9.9955E-05 0.114846 9.9955E-05 0.117482 9.9955E-05 9.9955E-05 0.767172 9.9955E-05
9.9973E-05 0.017874 0.0725351 0.0738939 9.9973E-05 9.9973E-05 0.808921 0.0264762
0.0396189 0.0718901 0.010945 9.9991E-05 0.0388498 0.0723073 0.745017 0.0212717
9.9973E-05 9.9973E-05 0.112131 0.066611 0.0299709 9.9973E-05 0.788441 0.00254646
9.9973E-05 0.131361 9.9973E-05 0.0177844 9.9973E-05 0.0129885 0.826766 0.0108008
0.65398 0.0669906 0.0160898 9.9982E-05 0.137431 9.9982E-05 0.0301269 0.0951818
0.299421 0.372031 0.0823517 0.0685261 0.0065881 0.0398959 0.0332059 0.0979798
0.0377881 0.374847 9.9982E-05 0.119087 9.9982E-05 0.163937 0.195625 0.108516
0.320959 0.580094 9.9964E-05 0.0127955 9.9964E-05 9.9964E-05 9.9964E-05 0.085751
0.257539 0.414787 0.0869569 0.0545185 0.132326 9.9991E-05 0.0122246 0.0415483
0.3041 0.178829 9.9982E-05 0.0683872 0.183099 0.0751169 9.9982E-05 0.190268
0.495476 9.9982E-05 0.0784099 9.9982E-05 0.203309 0.117387 0.104406 0.00081225
0.11182 0.471357 0.0788044 0.00941853 0.238509 0.00366956 0.041885 0.0445375
0.400501 0.124071 9.9982E-05 0.0154518 0.23791 9.9982E-05 0.067521 0.154345
0.0548771 0.473782 0.064353 0.031309 0.117948 0.13162 0.0648494 0.061261
0.454065 0.00234473 0.0411883 9.9982E-05 0.154177 9.9982E-05 0.164763 0.183262
0.139328 0.571977 0.0413134 0.0553393 0.029514 0.0485867 0.113841 9.9991E-05
0.530473 0.115336 0.0251224 9.9982E-05 0.168268 9.9982E-05 0.0935369 0.067064
0.364553 0.222726 0.141149 0.0586277 0.118866 0.00624616 0.0048028 0.0830288
0.103211 0.421648 0.0426721 0.0529811 0.130228 0.212465 0.00404444 0.0327511
0.0460522 0.2531 9.9973E-05 9.9973E-05 0.12198 0.492795 9.9973E-05 0.0857721
0.0917657 0.524725 0.0838547 9.9982E-05 0.0768713 0.214831 0.00775204 9.9982E-05
0.0531922 0.705681 0.0104029 0.00376791 0.020672 0.127654 0.0675793 0.0110508
9.9973E-05 0.323723 0.0152144 9.9973E-05 0.167548 0.347013 9.9973E-05 0.146201
0.165289 0.523416 9.9991E-05 0.0477887 0.0519627 0.125725 0.0119457 0.0737737
9.9982E-05 0.535896 0.0215098 9.9982E-05 0.0817699 0.226402 0.0187117 0.11551
9.9973E-05 0.0897934 0.15282 9.9973E-05 0.0984662 0.523719 9.9973E-05 0.134901
9.9973E-05 0.311929 0.04891 9.9973E-05 0.0350628 0.58 9.9973E-05 0.0237982
9.9973E-05 0.557898 0.0220913 9.9973E-05 0.0672129 0.23622 9.9973E-05 0.116278
9.9973E-05 0.160808 0.180666 9.9973E-05 0.0986568 0.457226 9.9973E-05 0.102343
0.143088 0.475422 0.0267519 9.9973E-05 0.0289107 0.325527 9.9973E-05 9.9973E-05
0.473342 0.036185 0.194882 0.00454079 0.25303 9.9982E-05 0.0378201 9.9982E-05
0.350412 0.185176 0.0749066 0.0189303 0.0834647 0.0363177 9.9991E-05 0.250692
0.336412 0.275911 0.0979999 0.018295 0.171146 9.9991E-05 0.0510329 0.0491034
0.139528 0.607669 0.0328603 0.0685317 0.0928652 0.0583461 9.9982E-05 9.9982E-05
0.362855 0.206471 0.163964 9.9964E-05 0.26631 9.9964E-05 9.9964E-05 9.9964E-05
0.161561 0.41343 0.0443856 0.0896621 0.0874963 0.0685082 0.0128074 0.122149
0.0661333 0.525545 0.0519072 0.104406 0.0484189 9.9991E-05 0.102074 0.101415
0.2501 0.429568 0.0825466 0.0869753 0.0716883 0.0247807 0.017467 0.0368741
0.170996 0.429371 0.0109745 0.0956612 0.194557 9.9982E-05 9.9982E-05 0.0982406
0.131334 0.355666 0.164356 0.0366526 0.270334 9.9991E-05 0.0228691 0.0186885
0.570508 0.0840872 0.103378 0.0938172 0.14791 9.9973E-05 9.9973E-05 9.9973E-05
0.199103 0.273023 0.0329893 0.0852884 0.287996 9.9982E-05 9.9982E-05 0.1214
0.246213 0.515438 0.0820981 0.0170858 0.0593756 9.9982E-05 9.9982E-05 0.079589
0.174023 0.530027 0.0329636 0.0537848 0.0475932 0.0868993 0.0743451 0.000363856
0.0320301 0.446485 0.146586 9.9982E-05 0.24821 0.108588 9.9982E-05 0.0179025
0.145288 0.43775 0.0193874 0.122547 0.0936528 0.000473162 9.9991E-05 0.180802
0.27131 0.342566 9.9982E-05 0.000353212 0.202573 0.111693 0.0713056 9.9982E-05
0.257417 0.571862 0.0294865 9.9973E-05 0.105715 9.9973E-05 9.9973E-05 0.0352194
0.260822 0.441596 0.0226604 0.0605936 0.0899983 9.9991E-05 0.0628381 0.0613916
0.113989 0.525694 9.9991E-05 0.0420121 0.106515 0.0115574 0.107491 0.0926421
0.0556935 0.38181 0.0674615 0.125934 9.9982E-05 0.0834441 0.285457 9.9982E-05
0.0386528 0.382112 9.9982E-05 0.190114 9.9982E-05 0.0559147 0.164532 0.168474
0.149992 0.419931 9.9973E-05 0.168749 9.9973E-05 0.192021 0.0690074 9.9973E-05
0.0455915 0.552509 0.0219026 0.128076 0.0975273 9.9991E-05 0.0751304 0.0791636
0.0848189 0.414712 0.07462 0.193649 9.9991E-05 0.0374583 0.166365 0.028277
0.417328 0.350136 9.9964E-05 9.9964E-05 9.9964E-05 0.0310168 9.9964E-05 0.20112
0.1129 0.346122 0.0438127 0.177694 0.0406463 9.9991E-05 0.138954 0.13977
0.189104 9.9982E-05 0.0320487 0.141067 9.9982E-05 0.430037 0.194268 0.0132757
0.22418 0.461072 0.0269935 0.148989 9.9982E-05 0.0376215 0.100944 9.9982E-05
0.155184 0.398027 0.0744406 0.181189 9.9982E-05 9.9982E-05 0.115521 0.0754385
9.9991E-05 0.472785 0.0495016 0.182228 0.0418315 0.0650793 0.0525702 0.135904
0.116497 0.226085 0.0919612 0.133951 9.9991E-05 0.22295 0.152046 0.0564108
0.140257 0.51155 9.9982E-05 0.13106 9.9982E-05 0.0303411 0.155709 0.0308823
9.9973E-05 0.51222 9.9973E-05 0.133214 9.9973E-05 0.0834764 0.1351 0.135689
9.9955E-05 9.9955E-05 9.9955E-05 0.193385 9.9955E-05 0.389695 0.41642 9.9955E-05
0.111323 0.477244 9.9973E-05 0.2043 9.9973E-05 0.0353496 0.171484 9.9973E-05
0.0446833 0.425789 0.0392349 0.177474 0.0038277 0.126465 0.133247 0.0492786
0.0732304 0.474968 0.111185 0.167513 9.9991E-05 0.0820671 0.0635203 0.027416
0.00854495 0.604322 9.9973E-05 0.147704 9.9973E-05 0.0262472 0.212882 9.9973E-05
9.9991E-05 0.455438 0.00226841 0.145605 0.0178673 0.0844076 0.179092 0.115223
0.0148226 0.392323 0.0648425 0.0360969 9.9982E-05 9.9982E-05 0.0754151 0.4163
0.0204619 0.402238 9.9991E-05 0.154127 0.0649129 0.0086593 0.0976734 0.251828
0.0912763 9.9964E-05 0.0953993 9.9964E-05 0.0255981 9.9964E-05 9.9964E-05 0.787326
0.0374284 9.9955E-05 9.9955E-05 9.9955E-05 0.097247 9.9955E-05 9.9955E-05 0.864825
0.173625 0.401209 9.9982E-05 0.0576318 9.9982E-05 0.0519627 0.0599479 0.255424
0.101378 0.321651 9.9991E-05 0.327075 0.0234019 0.155717 0.0700039 0.000673146
9.9973E-05 0.220255 9.9973E-05 0.411446 9.9973E-05 0.0441537 0.0527582 0.271087
0.00481791 0.140349 9.9982E-05 0.262689 9.9982E-05 0.266029 0.1853 0.140615
0.0218979 0.265268 9.9982E-05 0.328717 9.9982E-05 0.146725 0.112828 0.124364
9.9973E-05 0.0283222 9.9973E-05 0.08634 9.9973E-05 0.158885 0.0522641 0.673889
9.9973E-05 0.0340779 9.9973E-05 0.10094 9.9973E-05 0.150697 0.0713625 0.642622
0.0629252 0.375239 9.9964E-05 0.176596 9.9964E-05 9.9964E-05 9.9964E-05 0.384839
9.9964E-05 0.367642 9.9964E-05 0.0746036 9.9964E-05 9.9964E-05 0.0712254 0.486129
9.9964E-05 0.123406 9.9964E-05 0.0768312 9.9964E-05 9.9964E-05 0.0829648 0.716398
0.0556215 0.438188 9.9973E-05 0.0907506 9.9973E-05 9.9973E-05 0.12528 0.28986
9.9973E-05 0.442904 0.0518477 0.147906 0.0780677 9.9973E-05 9.9973E-05 0.278974
9.9982E-05 0.511474 9.9982E-05 0.10334 0.0901316 0.0343053 0.0507799 0.209769
0.0306694 0.251848 0.0477809 9.9982E-05 0.0901484 9.9982E-05 0.0342374 0.545116
0.103162 0.210442 0.0862237 0.0900512 0.00826123 9.9991E-05 0.00213888 0.499621
0.00806465 0.42877 0.0571421 0.0317174 0.0400699 0.0754961 0.021703 0.337036
0.00123643 0.339338 0.0193634 0.0245296 0.174524 0.0206368 0.0672408 0.353132
0.178291 0.242436 0.0676601 0.116127 0.0586117 0.0539081 0.0615936 0.221373
9.9955E-05 0.432201 9.9955E-05 9.9955E-05 9.9955E-05 0.162729 9.9955E-05 0.40457
9.9964E-05 0.202883 9.9964E-05 9.9964E-05 0.111634 0.00574166 9.9964E-05 0.679342
9.9973E-05 0.514087 0.118585 0.0631067 9.9973E-05 9.9973E-05 0.0172432 0.286678
0.0326716 0.169101 0.0508149 9.9964E-05 9.9964E-05 9.9964E-05 9.9964E-05 0.747013
9.9964E-05 0.387859 9.9964E-05 0.0241713 9.9964E-05 0.0183662 9.9964E-05 0.569204
9.9991E-05 0.603651 0.00114223 0.0401304 0.0625101 0.0361515 0.0492736 0.207041
9.9982E-05 0.494777 0.113358 0.00305329 9.9982E-05 0.0175853 0.0147151 0.356311
0.0382979 0.462228 0.0192701 0.174993 9.9991E-05 0.0600919 0.178271 0.0667474
0.0744006 0.278027 0.0710858 0.191718 0.0734684 9.9991E-05 0.143138 0.168063
9.9991E-05 0.300984 0.00248527 0.266264 0.0538574 0.211079 0.0937216 0.0715088
0.0418775 0.361465 9.9991E-05 0.145436 0.0784273 0.122517 0.136451 0.113726
0.183633 0.274991 0.00369928 0.25214 0.0727236 0.0918448 0.105029 0.0159393
0.0433522 0.452476 9.9982E-05 0.154799 0.0343381 9.9982E-05 0.133957 0.180878
9.9964E-05 9.9964E-05 9.9964E-05 0.0916787 9.9964E-05 0.129439 0.173657 0.604826
9.9973E-05 0.605723 9.9973E-05 0.171536 9.9973E-05 0.0427871 0.0848785 0.0947754
9.9964E-05 9.9964E-05 9.9964E-05 0.0906849 9.9964E-05 0.10646 0.361128 0.441327
9.9964E-05 0.469744 9.9964E-05 0.205124 9.9964E-05 9.9964E-05 0.0228099 0.301922
9.9955E-05 0.0328014 0.151601 9.9955E-05 9.9955E-05 9.9955E-05 9.9955E-05 0.815098
0.0226245 9.9964E-05 0.0474171 9.9964E-05 9.9964E-05 0.00998253 9.9964E-05 0.919576
9.9955E-05 0.459331 0.0394892 9.9955E-05 9.9955E-05 9.9955E-05 9.9955E-05 0.50068
9.9955E-05 0.554461 9.9955E-05 9.9955E-05 9.9955E-05 9.9955E-05 0.0241137 0.420926
0.0557847 0.378493 9.9955E-05 9.9955E-05 9.9955E-05 9.9955E-05 9.9955E-05 0.565223
9.9946E-05 0.497161 9.9946E-05 9.9946E-05 9.9946E-05 9.9946E-05 9.9946E-05 0.502239
9.9946E-05 0.442216 9.9946E-05 9.9946E-05 9.9946E-05 9.9946E-05 9.9946E-05 0.557184
0.080733 9.9964E-05 9.9964E-05 0.0741119 9.9964E-05 9.9964E-05 0.780173 0.0645824
0.0062089 9.9982E-05 0.0119163 0.129867 0.152258 9.9982E-05 0.666467 0.0330825
9.9955E-05 9.9955E-05 9.9955E-05 0.0637356 0.037154 9.9955E-05 0.898611 9.9955E-05
9.9973E-05 0.0380501 9.9973E-05 0.0120192 9.9973E-05 0.0331918 0.89495 0.0214887
0.142223 0.473521 0.223611 9.9982E-05 9.9982E-05 0.0760736 0.0614829 0.0228885
0.209247 0.410952 0.272592 0.0256824 9.9973E-05 9.9973E-05 0.0812269 9.9973E-05
0.0404953 0.50231 0.456695 9.9955E-05 9.9955E-05 9.9955E-05 9.9955E-05 9.9955E-05
0.0640043 0.603104 0.160254 0.0315841 0.0164005 9.9982E-05 0.124453 9.9982E-05
9.9982E-05 0.558842 0.160372 0.0186672 0.0673385 0.121253 0.0733276 9.9982E-05
0.0969826 0.182871 0.546689 0.0127043 0.0573056 0.0911937 0.0121539 9.9991E-05
0.101089 0.54973 0.348682 9.9955E-05 9.9955E-05 9.9955E-05 9.9955E-05 9.9955E-05
9.9964E-05 0.341979 0.390861 9.9964E-05 9.9964E-05 0.128641 9.9964E-05 0.138119
9.9973E-05 0.491167 9.9973E-05 0.149531 0.00476432 9.9973E-05 0.250158 0.10408
0.140025 0.362518 0.318033 0.0822817 9.9973E-05 9.9973E-05 9.9973E-05 0.0968423
0.0315489 0.347392 0.538401 9.9973E-05 0.0717843 9.9973E-05 0.0105741 9.9973E-05
9.9964E-05 0.562543 0.334097 9.9964E-05 0.0343921 9.9964E-05 9.9964E-05 0.0685682
0.0503965 0.422799 0.46757 0.0150681 0.0140752 9.9991E-05 0.0209084 0.00908272
9.9973E-05 0.594942 0.303874 0.000322227 9.9973E-05 0.0387217 9.9973E-05 0.0618399
9.9982E-05 0.562938 0.267164 0.0259642 0.0320903 9.9982E-05 0.0928193 0.0188247
9.9955E-05 0.0426169 0.886171 9.9955E-05 9.9955E-05 9.9955E-05 9.9955E-05 0.070712
0.0349179 0.250429 0.599235 9.9973E-05 9.9973E-05 0.0844332 9.9973E-05 0.0306854
9.9973E-05 0.352259 0.52852 9.9973E-05 0.0687209 0.0113151 9.9973E-05 0.0388844
9.9955E-05 9.9955E-05 0.759534 9.9955E-05 9.9955E-05 0.202527 9.9955E-05 0.0374392
0.0773581 0.458649 0.309298 0.0147454 0.120137 9.9991E-05 0.00500972 0.0147025
9.9973E-05 0.0903241 0.540554 9.9973E-05 0.0183268 0.281956 9.9973E-05 0.0685386
9.9955E-05 9.9955E-05 0.663985 9.9955E-05 9.9955E-05 0.217197 9.9955E-05 0.118318
0.0629282 0.546138 0.315488 0.011558 0.0013585 9.9991E-05 0.0541424 0.00828687
0.051229 0.15751 0.63171 9.9982E-05 0.0324133 9.9982E-05 0.0505524 0.0763858
0.026803 0.373559 0.48217 0.0417351 0.0371872 0.0383456 9.9982E-05 9.9982E-05
0.00358965 0.674978 0.142169 9.9982E-05 9.9982E-05 0.0560019 0.0931733 0.0298884
0.0792606 0.494038 0.360633 9.9964E-05 0.065668 9.9964E-05 9.9964E-05 9.9964E-05
0.318072 0.271096 0.050094 0.0620679 0.0956891 0.151476 9.9991E-05 0.0514054
9.9973E-05 0.450011 0.364627 0.0224652 0.0480793 9.9973E-05 9.9973E-05 0.114517
0.134839 0.427644 0.361674 0.0311703 0.0242017 9.9982E-05 0.0202707 9.9982E-05
9.9955E-05 0.326606 0.634818 9.9955E-05 9.9955E-05 0.0380768 9.9955E-05 9.9955E-05
0.0525608 0.527526 0.189636 9.9991E-05 0.0623128 0.0188744 0.0707892 0.0782009
0.0880088 9.9973E-05 0.0572342 9.9973E-05 0.2122 0.00134537 0.640911 9.9973E-05
0.0526911 0.0180628 0.0798168 0.0320426 0.0607835 0.00110596 0.755397 9.9991E-05
0.0145309 9.9982E-05 0.0371486 9.9982E-05 0.0831675 0.0652677 0.793975 0.00570983
9.9964E-05 9.9964E-05 0.0274073 9.9964E-05 0.149235 9.9964E-05 0.792758 0.0301994
0.09679 0.0355378 9.9973E-05 9.9973E-05 0.16755 0.0308545 0.668967 9.9973E-05
0.193462 0.0976514 0.638233 0.0156489 0.040995 9.9982E-05 0.0138103 9.9982E-05
0.0315904 0.178102 0.573986 9.9991E-05 0.076772 0.0367788 0.0730656 0.0296056
9.9964E-05 0.133817 0.718798 9.9964E-05 9.9964E-05 0.0352676 9.9964E-05 0.111717
9.9991E-05 0.446888 0.227734 0.115497 0.0678216 0.0730221 0.0241683 0.0447686
0.00286009 0.549447 0.0984988 0.040042 0.161306 9.9991E-05 0.0226763 0.12507
9.9982E-05 0.261783 0.476386 0.0274142 9.9982E-05 0.143885 0.0185971 0.0717354
9.9955E-05 0.527237 0.362396 0.109867 9.9955E-05 9.9955E-05 9.9955E-05 9.9955E-05
0.00516502 0.37709 0.48396 0.0480819 9.9982E-05 0.0440072 0.0414964 9.9982E-05
0.0678837 0.508488 0.313917 9.9973E-05 9.9973E-05 0.080896 0.0285149 9.9973E-05
0.0248536 0.539446 0.240794 0.0765734 0.0399775 0.0272386 0.0102621 0.0408547
0.0754881 0.195379 0.631587 0.0371938 0.0481603 0.0119918 9.9982E-05 9.9982E-05
0.0472593 0.353691 0.546145 9.9964E-05 0.0525054 9.9964E-05 9.9964E-05 9.9964E-05
0.0575449 0.340928 0.528225 0.00296214 0.0700396 9.9973E-05 9.9973E-05 9.9973E-05
9.9973E-05 0.653672 9.9973E-05 9.9973E-05 0.101817 0.153649 0.0750168 0.0155454
0.0710669 0.407967 0.488385 9.9973E-05 0.0147372 9.9973E-05 0.0175444 9.9973E-05
0.0888766 0.354098 0.446809 0.0410691 0.0284958 0.040452 9.9982E-05 9.9982E-05
9.9973E-05 0.36648 9.9973E-05 0.453984 0.0936954 0.0625077 0.0230323 9.9973E-05
9.9964E-05 0.348461 9.9964E-05 0.446852 9.9964E-05 0.147429 0.0568573 9.9964E-05
9.9973E-05 0.379735 9.9973E-05 0.430567 0.0134863 0.0834382 0.092473 9.9973E-05
0.0319137 0.270128 9.9973E-05 0.481018 9.9973E-05 0.118888 0.0977524 9.9973E-05
9.9973E-05 0.465922 9.9973E-05 0.243872 0.0862886 0.0898594 0.113758 9.9973E-05
0.0236134 0.462374 0.271189 0.0620515 9.9973E-05 0.180473 9.9973E-05 9.9973E-05
9.9982E-05 0.0455996 0.0167516 0.635477 9.9982E-05 0.0877238 0.206956 0.00729238
9.9973E-05 0.279516 0.0832602 0.446453 9.9973E-05 9.9973E-05 0.176702 0.0137687
9.9973E-05 0.386841 0.128099 0.148941 9.9973E-05 0.185135 0.150684 9.9973E-05
0.0751019 0.612918 9.9964E-05 9.9964E-05 9.9964E-05 0.232688 0.0788929 9.9964E-05
0.0795001 0.392421 0.0103553 0.0600468 0.106785 0.30399 0.0468013 9.9991E-05
9.9964E-05 0.604127 9.9964E-05 9.9964E-05 0.0590953 0.242143 0.0942349 9.9964E-05
9.9991E-05 0.522492 0.138564 0.0662023 0.100517 0.0569656 0.0726588 0.0424997
9.9973E-05 0.30239 0.00396718 0.431539 9.9973E-05 0.0108302 0.250974 9.9973E-05
0.179154 0.265246 9.9982E-05 0.438893 0.0490472 0.0328658 0.0345946 9.9982E-05
9.9973E-05 0.408698 9.9973E-05 0.472758 0.0376226 0.0277541 0.0528681 9.9973E-05
0.0506657 0.2825 0.0371401 0.376412 0.02138 0.041646 0.124188 0.0660681
0.00819054 0.282081 0.0475294 0.469473 9.9991E-05 0.0149757 0.139615 0.0380353
9.9982E-05 0.458558 0.032568 0.286677 0.0349854 9.9982E-05 0.154145 0.0328671
0.0453629 0.19391 9.9982E-05 0.548854 9.9982E-05 0.0646909 0.0744586 0.0725241
9.9973E-05 0.356971 9.9973E-05 0.370388 0.114076 9.9973E-05 0.124666 0.0335999
9.9973E-05 0.524814 0.0180695 0.0414648 0.0965098 0.318842 9.9973E-05 9.9973E-05
9.9982E-05 0.267618 9.9982E-05 0.394956 0.142651 0.0491095 0.10489 0.0405763
9.9964E-05 0.195169 9.9964E-05 0.635919 9.9964E-05 0.0403684 0.128143 9.9964E-05
0.115968 0.32679 0.0290399 0.3171 0.049535 0.00181459 0.159653 9.9991E-05
0.0570992 0.220166 0.0444699 0.0338518 0.248381 0.332656 0.0632755 9.9991E-05
0.103845 0.546607 9.9964E-05 0.0489108 9.9964E-05 0.300238 9.9964E-05 9.9964E-05
9.9982E-05 0.361229 9.9982E-05 0.32841 0.0954279 0.0302641 0.174016 0.0104528
0.0562168 0.626604 9.9973E-05 9.9973E-05 0.0869751 0.171054 0.0588501 9.9973E-05
9.9973E-05 0.504333 0.0232764 9.9973E-05 0.0596916 0.322368 0.0900312 9.9973E-05
0.0338404 0.363876 0.0199109 0.164042 9.9991E-05 0.22016 0.169813 0.0282576
9.9973E-05 0.25178 9.9973E-05 0.280108 9.9973E-05 0.0841903 0.193123 0.190499
0.0331216 0.579271 0.0668082 0.0616844 0.0543031 0.0859482 0.118763 9.9991E-05
9.9973E-05 0.456719 9.9973E-05 0.32149 0.00286342 0.0802029 0.138424 9.9973E-05
9.9973E-05 0.367894 9.9973E-05 0.477571 9.9973E-05 0.0103976 0.0794717 0.064365
0.00283616 0.143069 9.9973E-05 0.564198 9.9973E-05 0.0556337 0.233964 9.9973E-05
9.9982E-05 0.548164 0.00465716 0.0866016 0.0551641 0.242528 0.0626851 9.9982E-05
0.0860152 0.500321 0.0507875 9.9982E-05 0.00715039 0.299617 0.0559095 9.9982E-05
9.9973E-05 0.212936 9.9973E-05 0.0390454 0.0757924 0.659286 0.0126411 9.9973E-05
0.0863152 0.52071 0.0851863 0.0534986 0.00254721 0.0973024 0.094631 0.0598093
0.151366 0.370857 0.066233 0.01116 0.0905379 0.129131 0.115851 0.0648644
0.0261453 0.523153 9.9973E-05 0.118839 9.9973E-05 0.170705 0.160857 9.9973E-05
0.0830045 0.464421 0.0629769 0.0389672 0.0525685 9.9991E-05 0.189787 0.108176
9.9955E-05 9.9955E-05 9.9955E-05 0.183349 9.9955E-05 0.590705 0.225446 9.9955E-05
9.9955E-05 9.9955E-05 9.9955E-05 0.102755 9.9955E-05 0.666433 0.230312 9.9955E-05
