0.0760535 9.9964E-05 0.0648048 9.9964E-05 9.9964E-05 9.9964E-05 0.858742
9.9973E-05 9.9973E-05 0.0219273 9.9973E-05 0.0509259 0.00585461 0.920992
0.0266949 9.9973E-05 0.00408648 0.123714 9.9973E-05 9.9973E-05 0.845205
0.0916662 9.9973E-05 0.084489 0.0453363 9.9973E-05 9.9973E-05 0.778209
0.0584511 0.0269077 9.9982E-05 0.0159998 0.0496663 9.9982E-05 0.848775
0.0386548 0.227064 0.0479327 0.039556 9.9991E-05 0.0894594 0.557233
0.00147989 0.191656 0.00340561 9.9973E-05 9.9973E-05 9.9973E-05 0.803158
9.9982E-05 0.184284 0.10055 0.0132976 9.9982E-05 0.00332168 0.698346
9.99729E-05 0.0231889 0.112161 9.99729E-05 9.99729E-05 0.0521925 0.812157
0.033787 0.138549 9.9973E-05 0.148421 9.9973E-05 9.9973E-05 0.678943
9.9973E-05 0.155335 0.112498 0.00909336 9.9973E-05 9.9973E-05 0.722774
0.0737784 0.110568 0.41993 0.223645 9.9982E-05 0.171879 9.9982E-05
0.0776702 0.0368655 0.229087 0.55158 9.9991E-05 0.0992516 0.00544519
0.110247 0.108499 0.45782 0.240204 0.0610198 0.0221101 9.9991E-05
0.182336 0.022605 0.411483 0.264704 0.00174823 0.065936 0.0511878
0.128341 0.13614 0.244171 0.38271 9.9991E-05 0.0428656 0.0656712
0.0934066 9.9991E-05 0.217489 0.567856 0.0269022 0.0440347 0.0502119
0.122565 0.0527278 0.194575 0.446938 9.9991E-05 0.168855 0.0142403
0.121018 0.00768845 0.323207 0.312899 9.9991E-05 0.155839 0.0792488
0.0623208 0.133413 0.632638 0.000679633 9.9991E-05 0.130753 0.0400951
0.138651 0.0481604 0.239008 0.341496 0.113905 0.118681 9.9991E-05
0.0475401 0.116463 0.124735 0.425355 0.119122 0.149916 0.0168679
0.0485949 0.0278607 0.197193 0.507042 0.0131349 0.138821 0.067353
0.174814 0.0541116 0.350728 0.247167 9.9982E-05 0.172979 9.9982E-05
0.104977 0.0872426 0.136792 0.630594 9.9982E-05 0.0401954 9.9982E-05
0.182078 0.0884378 0.220203 0.467505 9.9991E-05 0.0315654 0.0101102
0.169195 0.0336149 0.528914 0.117048 9.9991E-05 0.131239 0.0198885
0.238392 0.0366414 0.381052 0.153894 9.9991E-05 0.169223 0.0206983
9.9982E-05 0.107708 0.418799 0.30469 0.0908756 0.0777279 9.9982E-05
0.028054 9.9964E-05 9.9964E-05 0.123983 9.9964E-05 9.9964E-05 0.847563
9.9955E-05 9.9955E-05 9.9955E-05 0.167743 9.9955E-05 9.9955E-05 0.831757
0.0597879 9.9982E-05 0.00223683 0.134887 9.9982E-05 0.00451623 0.798372
0.0782135 0.00526483 9.9982E-05 0.160127 9.9982E-05 0.0423894 0.713806
0.0147919 0.0616987 0.0760481 0.525541 0.0641043 0.257716 9.9991E-05
0.120577 0.0390369 0.154586 0.465413 9.9991E-05 0.182969 0.0373183
9.9973E-05 9.9973E-05 9.9973E-05 0.58437 0.0421576 0.363492 0.00967996
0.0145355 9.9991E-05 0.540372 0.179966 0.011515 0.110765 0.142747
0.0453031 0.0657284 9.9991E-05 0.290101 0.00254969 0.59125 0.00496789
9.9973E-05 9.9973E-05 0.0803309 0.587418 9.9973E-05 0.238543 0.0934078
0.00645693 0.0237718 9.9991E-05 0.686395 0.0205238 0.20992 0.0528324
9.9982E-05 0.124753 0.0463878 0.584864 9.9982E-05 0.126231 0.117564
9.9991E-05 0.0979137 0.0709548 0.723097 0.0439009 0.0262265 0.0378071
0.0170526 0.00426558 0.127283 0.0796192 9.9991E-05 0.75689 0.0147894
0.0385151 0.319187 0.0451257 0.596873 9.9973E-05 9.9973E-05 9.9973E-05
0.0808705 9.9991E-05 0.0319851 0.429737 0.0666715 0.279207 0.111428
0.0408913 9.9982E-05 0.0251139 0.498836 9.9982E-05 0.253712 0.181247
9.9973E-05 0.0272988 9.9973E-05 0.320986 0.0175521 0.633864 9.9973E-05
9.9982E-05 9.9982E-05 0.0523745 0.655138 0.0064106 0.227395 0.0584812
0.0203146 0.032118 9.9991E-05 0.656594 0.0139517 0.144426 0.132495
9.9973E-05 0.181396 9.9973E-05 9.9973E-05 0.0962956 0.67021 0.0517983
9.9982E-05 0.161347 0.429094 0.15691 0.0166783 0.23577 9.9982E-05
0.0512945 0.402706 0.186095 0.056851 0.172748 0.130205 9.9991E-05
0.0288425 0.0339521 0.16616 0.555197 0.0961903 0.0246724 0.0949855
0.0136167 0.0901944 0.0345041 0.729573 9.9982E-05 9.9982E-05 0.131912
0.0815718 0.140804 0.0068984 0.597416 0.0112981 0.127541 0.0344708
9.9991E-05 0.085837 0.332069 0.118834 0.0539832 0.313041 0.0961361
9.9991E-05 0.0696778 0.228791 0.59953 0.0715274 0.00945035 0.0209237
0.0620737 0.0963115 0.0875439 0.618843 0.00659535 0.026528 0.102105
9.9991E-05 0.111881 0.190324 0.333231 0.0654528 0.178919 0.120092
0.0678174 0.161504 0.341244 0.0770561 0.0289894 0.138937 0.184452
0.0145611 0.00430147 0.136644 0.577977 0.0888853 0.116989 0.0606424
0.0594203 9.9982E-05 0.249744 0.431445 0.188775 9.9982E-05 0.0704156
9.9991E-05 0.187908 0.537342 0.0472256 0.0473649 0.175804 0.00425488
0.00997708 0.0662599 0.306317 0.523282 0.0802889 0.0137748 9.9991E-05
0.16125 0.013286 0.0664127 0.472249 0.225107 0.0462454 0.0154501
0.0782584 0.0215033 0.230658 0.499367 0.0166054 0.0619806 0.0916265
0.0265325 0.0995877 0.289957 0.312662 0.0472953 0.178549 0.045416
0.0139977 0.1193 0.206229 0.582071 0.0681643 0.0101384 9.9991E-05
9.9991E-05 0.000226608 0.191839 0.563019 0.0658528 0.0707625 0.1082
9.9982E-05 0.104939 0.410243 0.22913 0.20981 0.0456781 9.9982E-05
9.9973E-05 0.00352716 0.126926 0.538572 9.9973E-05 0.330674 9.9973E-05
0.0647432 9.9973E-05 0.0913012 0.148898 9.9973E-05 0.694758 9.9973E-05
0.0372668 0.0449801 0.094657 0.572098 0.115495 0.0768366 0.0586665
9.9955E-05 0.144686 9.9955E-05 9.9955E-05 9.9955E-05 0.854814 9.9955E-05
9.9973E-05 0.0115949 0.0638876 9.9973E-05 0.140116 0.784102 9.9973E-05
0.028619 0.000977623 0.0171329 0.195997 9.9982E-05 0.757074 9.9982E-05
9.9973E-05 9.9973E-05 0.0629851 0.473867 9.9973E-05 0.44622 0.0166277
0.0310445 0.052493 0.0222626 0.541025 0.0643727 0.139289 0.149513
0.0774258 9.9982E-05 0.0285747 0.40414 9.9982E-05 0.443541 0.0461189
0.0463264 9.9982E-05 0.20399 0.076122 9.9982E-05 0.627641 0.0457206
9.9973E-05 9.9973E-05 0.216126 0.259717 9.9973E-05 0.472023 0.0518346
0.046432 9.9991E-05 0.10813 0.526379 0.019243 0.223432 0.0762833
0.0856872 0.00678748 0.0763795 0.250706 0.00510732 0.570997 0.00433563
0.0190942 9.9991E-05 0.0695112 0.367916 0.0285173 0.451785 0.0630763
9.9973E-05 0.0189826 9.9973E-05 0.403421 0.0786765 0.49862 9.9973E-05
0.0174414 0.180394 0.000922687 9.9982E-05 0.0668371 0.734205 9.9982E-05
9.9982E-05 0.105587 0.045937 0.596994 9.9982E-05 0.22226 0.0290219
0.0298406 9.9973E-05 0.0977873 0.0840023 9.9973E-05 9.9973E-05 0.78807
9.9955E-05 9.9955E-05 9.9955E-05 0.11311 9.9955E-05 9.9955E-05 0.88639
0.0339004 9.9964E-05 9.9964E-05 0.122596 9.9964E-05 9.9964E-05 0.843104
9.9964E-05 0.0398693 9.9964E-05 0.0662977 9.9964E-05 9.9964E-05 0.893433
9.9973E-05 0.00306141 9.9973E-05 0.136316 0.0222829 9.9973E-05 0.83804
0.039756 9.9973E-05 9.9973E-05 0.0101019 0.0495559 9.9973E-05 0.900286
9.9973E-05 0.0101477 9.9973E-05 0.0905417 0.0287685 9.9973E-05 0.870242
0.0804076 0.0265142 0.000811901 0.424446 9.9991E-05 0.331856 0.135865
0.0784395 9.9973E-05 9.9973E-05 0.543015 9.9973E-05 0.247109 0.131136
9.9991E-05 0.0174536 0.0589251 0.0339006 0.0678603 0.775347 0.0464131
0.0520099 9.9982E-05 9.9982E-05 0.55806 0.0719227 0.1365 0.181307
0.00659382 9.9973E-05 0.0881336 0.480383 9.9973E-05 0.42459 9.9973E-05
9.9982E-05 9.9982E-05 0.0181937 0.576893 0.038707 0.310777 0.0552289
0.0282367 0.0167716 0.0355516 0.459839 0.105875 0.298814 0.0549128
0.104313 0.00372342 9.9982E-05 0.390714 9.9982E-05 0.441389 0.0596598
9.9964E-05 9.9964E-05 0.238272 9.9964E-05 9.9964E-05 0.718086 0.0432424
0.126602 9.9991E-05 0.0668263 0.385803 0.134151 0.260099 0.0264177
0.0179353 0.0600129 9.9982E-05 0.665732 9.9982E-05 0.229684 0.0264354
0.105537 9.9991E-05 0.182846 0.505535 0.0801054 0.0731486 0.0527274
0.0278466 0.161264 9.9973E-05 0.249411 9.9973E-05 0.561178 9.9973E-05
9.9973E-05 0.0377232 9.9973E-05 0.493896 0.118372 0.349709 9.9973E-05
0.0248636 9.9991E-05 0.0855571 0.455028 0.00641674 0.406741 0.0212933
0.122344 9.9964E-05 9.9964E-05 0.185414 9.9964E-05 0.691842 9.9964E-05
9.9973E-05 9.9973E-05 0.0910801 0.442314 9.9973E-05 0.384241 0.0820658
0.0311171 0.00780397 0.0569474 0.607958 0.0229135 0.161461 0.111799
0.00968314 0.130797 0.336004 0.217295 0.267089 9.9991E-05 0.0390317
9.9973E-05 0.0977045 0.282959 0.513009 9.9973E-05 9.9973E-05 0.106028
0.0242051 0.0283744 0.104793 0.536993 0.15054 0.0148298 0.140265
9.9991E-05 0.0370425 0.0607943 0.61644 0.0096418 0.141402 0.134579
9.9982E-05 0.0622025 0.349925 0.516007 0.05312 9.9982E-05 0.0185463
0.0217434 9.9982E-05 0.221706 0.637511 0.111252 0.00758703 9.9982E-05
9.9973E-05 9.9973E-05 0.385745 0.512049 0.0774709 0.0244353 9.9973E-05
9.9982E-05 9.9982E-05 0.0733083 0.482987 0.246472 0.088686 0.108347
0.0164468 0.101493 0.111251 0.58117 0.00742631 0.0719509 0.110261
0.0213213 0.00164048 0.184192 0.617221 0.067963 0.0386644 0.0689984
9.9973E-05 0.0462412 0.366827 0.556226 0.0304058 9.9973E-05 9.9973E-05
0.0280198 0.122462 0.0687734 0.657745 0.0232246 0.0374611 0.0623141
0.123623 0.0790775 0.114024 0.559717 0.0160802 0.0148446 0.0926343
0.0998685 9.9982E-05 0.224593 0.497221 0.0641055 0.114012 9.9982E-05
0.0820948 9.9991E-05 0.224643 0.544974 0.0790203 0.0128868 0.0562804
0.0255767 0.129388 0.165364 0.608135 0.0227758 0.0282676 0.0204934
9.9991E-05 0.0864125 0.288614 0.433502 0.0836528 0.03572 0.0719984
0.0387238 0.0215414 0.108995 0.700182 0.118429 9.9991E-05 0.0120294
0.0879782 9.9982E-05 0.110029 0.630389 0.16601 0.00539354 9.9982E-05
0.0938218 0.0579472 0.439809 0.217626 0.0319106 0.158786 9.9991E-05
0.0551716 0.193155 0.353283 0.109124 0.170954 0.115384 0.00292788
9.9991E-05 0.0880799 0.172998 0.611779 0.0210499 0.0732503 0.0327434
0.0407054 0.227455 0.27462 0.103015 0.191324 0.162781 9.9991E-05
9.9982E-05 9.9982E-05 0.371243 0.276887 0.165001 0.133554 0.053116
9.9973E-05 9.9973E-05 0.342241 0.486082 0.0585431 0.112833 9.9973E-05
9.9982E-05 9.9982E-05 0.397473 0.336437 0.119808 0.138782 0.00730098
9.9991E-05 0.0243436 0.403262 0.353756 0.0988573 0.108067 0.0116134
9.9991E-05 0.105999 0.0851396 0.654892 0.000502013 0.0755946 0.0777733
0.0293392 0.125024 0.0291088 0.555801 0.0970073 0.0902156 0.0735041
0.015041 0.070431 0.191213 0.575693 9.9991E-05 0.116359 0.0311625
0.00106822 0.263545 0.372014 0.200809 0.0629204 0.0995436 9.9991E-05
9.9982E-05 0.0846531 9.9982E-05 0.5418 0.0800362 0.0877967 0.205514
0.14622 0.199219 0.0414643 0.421453 0.0369751 0.111482 0.043186
9.9982E-05 0.457074 0.0799791 9.9982E-05 0.194528 0.168203 0.100016
0.0276973 0.0431935 9.9991E-05 0.620345 0.0406149 0.118521 0.149528
0.031089 0.136382 0.0689604 0.338201 0.0873404 0.271749 0.0662774
0.0532087 0.102458 0.00956775 0.593831 0.094082 0.0604955 0.0863563
0.00476199 0.381898 0.162556 0.262718 0.0301203 0.0938908 0.0640549
9.9991E-05 0.366609 0.189384 0.24591 0.0971835 0.054019 0.0467946
0.00771861 0.140941 0.100836 0.403403 0.189502 0.11162 0.0459785
0.0325925 0.109934 0.0528085 0.415612 0.0675378 0.182034 0.139482
0.0829957 0.190937 0.0141709 0.386252 0.110937 0.0683981 0.14631
0.210448 0.363944 0.129506 9.9982E-05 0.0833462 0.212556 9.9982E-05
0.0424968 0.162327 0.0482124 0.511396 0.0903386 0.0541648 0.0910644
9.9982E-05 0.273486 0.161487 0.347435 0.103223 0.114168 9.9982E-05
9.9982E-05 0.177228 0.0805167 0.476224 0.0749345 0.190897 9.9982E-05
0.0311037 0.0621121 0.0130703 0.537666 0.0441625 0.16319 0.148696
0.231469 0.324992 9.9973E-05 0.138221 9.9973E-05 9.9973E-05 0.305018
0.108948 0.387847 9.9964E-05 9.9964E-05 9.9964E-05 9.9964E-05 0.502805
0.131878 0.39939 9.9973E-05 9.9973E-05 0.0371748 9.9973E-05 0.431256
0.331677 0.226106 0.0453731 0.0467724 9.9982E-05 9.9982E-05 0.349871
0.00456345 0.214406 9.9982E-05 0.615662 0.079835 0.0853331 9.9982E-05
0.101547 0.156843 9.9991E-05 0.500316 0.0803852 0.0669672 0.0938417
0.683083 9.9964E-05 9.9964E-05 0.268318 0.0481996 9.9964E-05 9.9964E-05
0.436571 9.9991E-05 0.131273 0.337607 0.0466214 0.00519311 0.0426349
0.342702 0.0606875 0.104871 0.355778 0.00229643 0.078806 0.054859
9.9973E-05 0.396566 9.9973E-05 0.327734 0.175577 0.099823 9.9973E-05
0.0273192 0.0865801 0.103128 0.55273 0.0392401 0.168009 0.0229925
9.9973E-05 0.51155 9.9973E-05 0.194234 0.258993 0.0349223 9.9973E-05
9.9982E-05 0.212301 0.0419877 0.618149 0.12242 0.00494256 9.9982E-05
9.9991E-05 0.205115 0.0478465 0.433847 0.228721 0.0540588 0.0303112
0.0105548 0.280835 0.0131274 0.652018 0.0415729 9.9991E-05 0.00179216
9.9982E-05 0.456481 0.0458104 0.208802 0.181636 0.10707 9.9982E-05
0.103357 0.0550187 0.134651 0.54341 0.0715238 0.0756319 0.0164085
0.0508737 0.170565 0.0648803 0.514383 0.109282 0.0849844 0.00503148
0.957163 9.9964E-05 9.9964E-05 9.9964E-05 0.0343092 0.00812769 9.9964E-05
0.892332 9.9955E-05 9.9955E-05 0.107168 9.9955E-05 9.9955E-05 9.9955E-05
0.609683 9.9973E-05 0.0824325 0.276378 9.9973E-05 9.9973E-05 0.0312066
0.664508 9.9964E-05 9.9964E-05 0.287785 0.0473072 9.9964E-05 9.9964E-05
0.796656 0.0263443 9.9973E-05 0.168152 9.9973E-05 9.9973E-05 0.0085472
0.9994 9.995E-05 9.995E-05 9.995E-05 9.995E-05 9.995E-05 9.995E-05
0.98817 9.9955E-05 0.0113298 9.9955E-05 9.9955E-05 9.9955E-05 9.9955E-05
0.839312 9.9955E-05 9.9955E-05 0.160188 9.9955E-05 9.9955E-05 9.9955E-05
0.977254 9.9955E-05 0.0222463 9.9955E-05 9.9955E-05 9.9955E-05 9.9955E-05
0.9994 9.995E-05 9.995E-05 9.995E-05 9.995E-05 9.995E-05 9.995E-05
0.9994 9.995E-05 9.995E-05 9.995E-05 9.995E-05 9.995E-05 9.995E-05
0.762058 9.9973E-05 9.9973E-05 0.168777 9.9973E-05 0.000627345 0.068238
0.846079 9.9964E-05 0.0976908 0.0558302 9.9964E-05 9.9964E-05 9.9964E-05
0.9994 9.995E-05 9.995E-05 9.995E-05 9.995E-05 9.995E-05 9.995E-05
0.410274 9.9991E-05 0.0311692 0.268662 0.14968 0.106064 0.0340502
0.643349 0.0346684 9.9982E-05 0.171418 9.9982E-05 0.137618 0.0127467
0.768154 0.0150387 0.0191407 0.160352 0.00787461 9.9991E-05 0.0293406
0.865839 9.9973E-05 0.0358542 0.0977433 9.9973E-05 9.9973E-05 0.000264038
0.9994 9.995E-05 9.995E-05 9.995E-05 9.995E-05 9.995E-05 9.995E-05
0.874115 9.9973E-05 9.9973E-05 0.0751691 9.9973E-05 0.0187705 0.0316454
0.9994 9.995E-05 9.995E-05 9.995E-05 9.995E-05 9.995E-05 9.995E-05
0.590405 0.0762205 0.0151409 0.240781 0.0370973 9.9991E-05 0.0402555
0.88168 9.9973E-05 0.056521 0.00373485 0.0577641 9.9973E-05 9.9973E-05
0.0206644 0.64231 9.9982E-05 9.9982E-05 0.0290929 0.0257452 0.281988
0.047149 0.133499 0.134035 0.411609 0.0279774 0.0508993 0.194831
0.0700881 0.200619 0.0521671 0.419753 9.9991E-05 0.0998159 0.157457
0.118427 0.464656 9.9982E-05 0.194905 9.9982E-05 0.00628719 0.215524
0.107695 0.0927783 9.9991E-05 0.493886 0.0447458 0.080674 0.180121
0.107153 0.424554 9.9991E-05 0.1921 0.00430383 0.059138 0.212651
0.0242729 0.111583 0.0137588 0.485257 0.151337 9.9991E-05 0.213692
0.143912 0.444164 9.9982E-05 0.347963 9.9982E-05 0.0153299 0.0484319
0.100303 0.205156 9.9982E-05 0.492498 9.9982E-05 0.051326 0.150518
0.121291 0.320559 9.9982E-05 0.333479 0.0646573 9.9982E-05 0.159814
0.0924971 0.245647 0.0688337 0.420606 0.000351491 0.030195 0.14187
9.9982E-05 0.0798496 0.0617214 0.0466084 0.0189403 9.9982E-05 0.79268
0.0324419 9.9964E-05 9.9964E-05 9.9964E-05 0.0514294 9.9964E-05 0.915729
9.9964E-05 9.9964E-05 0.0157381 9.9964E-05 0.0194209 9.9964E-05 0.964441
9.9973E-05 0.0108143 0.0691068 0.00236549 9.9973E-05 9.9973E-05 0.917413
0.0540002 0.0289764 0.0925703 0.00613753 9.9982E-05 9.9982E-05 0.818116
0.0749177 9.9964E-05 9.9964E-05 9.9964E-05 0.0396044 9.9964E-05 0.885078
0.0820791 9.9964E-05 9.9964E-05 0.044663 9.9964E-05 9.9964E-05 0.872858
9.9964E-05 0.0457589 9.9964E-05 9.9964E-05 0.0699323 9.9964E-05 0.883909
0.0318893 9.9982E-05 9.9982E-05 0.0113005 0.0105289 0.0584646 0.887617
0.111245 0.059215 9.9964E-05 9.9964E-05 9.9964E-05 9.9964E-05 0.82914
9.9973E-05 9.9973E-05 0.205999 9.9973E-05 0.0345912 0.146506 0.612604
0.00939467 9.9973E-05 0.262114 9.9973E-05 9.9973E-05 0.131973 0.596219
9.9982E-05 0.108115 0.285219 9.9982E-05 0.0121003 0.103161 0.491205
9.9973E-05 9.9973E-05 0.266039 9.9973E-05 0.115935 0.104587 0.51314
9.9982E-05 9.9982E-05 0.116317 0.524509 0.044971 0.259303 0.0546997
0.0378183 9.9982E-05 0.0922623 0.435783 0.0570343 0.376902 9.9982E-05
0.0579851 0.0517924 0.163464 0.49965 0.103756 0.118199 0.00515418
9.9991E-05 0.00419774 0.301353 0.414971 0.0296298 0.181832 0.0679163
0.00979997 9.9982E-05 0.666125 0.20707 0.0252427 0.0915624 9.9982E-05
0.103925 9.9982E-05 9.9982E-05 0.486053 0.11912 0.241275 0.0494271
0.000927011 0.0874155 0.0957703 0.551216 0.0487305 0.215841 9.9991E-05
0.0349885 0.0238459 0.137824 0.415888 0.0305662 0.337009 0.0198775
0.0300173 0.0383466 9.9982E-05 0.27195 0.0782772 0.581209 9.9982E-05
9.9982E-05 9.9982E-05 0.00380725 0.734558 0.0596966 0.0968775 0.104861
9.9973E-05 9.9973E-05 0.115871 0.435371 0.125418 0.32304 9.9973E-05
9.9973E-05 0.0423921 0.0459029 9.9973E-05 0.173817 0.737588 9.9973E-05
0.0725321 9.9991E-05 0.0712682 0.511973 0.136689 0.13558 0.0718581
0.0307358 0.120795 9.9991E-05 0.230862 0.0792937 0.53122 0.00699439
9.9973E-05 9.9973E-05 9.9973E-05 0.562161 0.0195902 0.374721 0.043228
9.9973E-05 9.9973E-05 0.255411 0.0802568 9.9973E-05 0.625245 0.0387876
9.9964E-05 0.158121 0.742298 9.9964E-05 9.9964E-05 9.9964E-05 0.0991806
9.9973E-05 0.133803 0.702656 0.0625572 9.9973E-05 9.9973E-05 0.100684
9.9973E-05 0.132452 0.816644 9.9973E-05 0.0174532 9.9973E-05 0.0331511
9.9982E-05 0.0509616 0.769991 9.9982E-05 0.0446819 0.0305888 0.103577
0.0357117 0.133059 0.805193 0.0257359 9.9973E-05 9.9973E-05 9.9973E-05
0.019545 0.0758871 0.748982 0.091312 0.019074 9.9991E-05 0.0451003
0.0178804 9.9964E-05 9.9964E-05 0.118044 9.9964E-05 9.9964E-05 0.863676
0.0479909 9.9982E-05 0.0509002 0.0974821 0.0133665 9.9982E-05 0.79006
0.0895485 9.9964E-05 9.9964E-05 0.132747 9.9964E-05 9.9964E-05 0.777304
0.113609 9.9973E-05 0.0720583 0.0680353 9.9973E-05 9.9973E-05 0.745997
0.093304 0.015095 0.0229004 0.0726971 9.9991E-05 0.00963977 0.786264
9.9973E-05 0.0628442 0.553034 9.9973E-05 9.9973E-05 0.0122162 0.371605
9.9982E-05 0.0354778 0.364246 9.9982E-05 0.0372823 0.0682483 0.494546
9.9973E-05 9.9973E-05 0.40482 9.9973E-05 0.0596941 0.0751992 0.459987
0.00204183 9.9973E-05 0.0326039 0.141684 9.9973E-05 9.9973E-05 0.82337
9.9973E-05 0.0374916 0.460213 9.9973E-05 9.9973E-05 0.117575 0.38442
0.374962 0.168085 9.9982E-05 0.270887 0.0630948 9.9982E-05 0.122771
0.154423 0.118102 0.0642812 0.516852 9.9991E-05 0.0416201 0.104622
0.306612 9.9964E-05 9.9964E-05 0.553038 9.9964E-05 9.9964E-05 0.13995
0.206251 0.10706 9.9982E-05 0.355309 0.0532712 9.9982E-05 0.277909
0.236997 0.100322 0.0750566 0.423375 9.9991E-05 0.0849246 0.0792247
0.325222 0.224321 9.9964E-05 9.9964E-05 9.9964E-05 9.9964E-05 0.450057
9.9991E-05 0.0481666 0.339739 0.476092 0.0248635 0.101529 0.00950974
0.00804901 0.105911 0.244335 0.332395 0.286444 0.00962309 0.0132433
9.9982E-05 9.9982E-05 0.497383 0.268509 0.0559477 0.0689286 0.109032
0.0112503 0.00405843 0.147924 0.421045 0.376315 0.0393074 9.9991E-05
9.9973E-05 0.341438 0.136919 9.9973E-05 0.343058 0.178285 9.9973E-05
0.110797 9.9991E-05 0.184814 0.502325 0.167068 0.018685 0.0162107
9.9991E-05 0.0597534 0.168803 0.495795 0.153841 0.103775 0.017934
9.9991E-05 0.00027796 0.470343 0.350267 0.0612475 0.0766689 0.0410957
0.0336107 0.0334443 0.190034 0.593636 0.0199143 0.0586972 0.0706631
9.9982E-05 0.346447 0.251362 0.150914 0.110173 0.140904 9.9982E-05
0.0463192 0.090221 0.161726 0.435104 0.195531 0.0332445 0.0378539
0.033063 9.9991E-05 0.300456 0.572868 0.0356427 0.0350008 0.0228701
0.240028 0.104232 0.0996817 0.333072 9.9991E-05 0.149919 0.0729671
9.9973E-05 0.0727015 0.272072 0.422189 0.232737 9.9973E-05 9.9973E-05
9.9982E-05 9.9982E-05 0.228766 0.461815 0.190955 0.086885 0.0313784
0.10278 9.9982E-05 0.161829 0.416511 0.193213 0.125468 9.9982E-05
9.9991E-05 0.0771354 0.153082 0.514585 0.134171 0.114165 0.00676195
0.0233945 0.0455961 0.102501 0.740176 0.070028 9.9991E-05 0.0182047
0.0214633 9.9991E-05 0.151124 0.656518 0.00949383 0.0462312 0.115069
0.0867235 0.024355 0.127437 0.543442 0.0547122 0.0771161 0.0862144
0.0681995 9.9964E-05 9.9964E-05 0.138632 9.9964E-05 9.9964E-05 0.792769
0.0594241 9.9982E-05 9.9982E-05 0.0458374 0.0249066 0.0255694 0.844063
9.9991E-05 0.0547627 0.0636549 0.0420119 0.0437988 0.0063559 0.789316
0.0109787 9.9991E-05 0.0118657 0.055935 0.0504712 0.0668964 0.803753
9.9964E-05 9.9964E-05 9.9964E-05 0.133457 0.00245831 9.9964E-05 0.863685
0.0253645 0.0857824 0.54509 0.251299 0.0368947 0.0308556 0.0247136
0.136607 0.0363009 0.246493 0.351752 0.190766 0.0379803 9.9991E-05
0.17399 0.158936 9.9991E-05 0.412495 0.0670024 0.0572956 0.130181
0.0847669 0.0465682 0.165649 0.635509 0.0673069 9.9982E-05 9.9982E-05
9.9982E-05 9.9982E-05 0.231159 0.50344 0.0971939 0.0958891 0.0721175
0.0696414 0.0718327 0.341877 0.256858 0.200622 0.0417838 0.0173841
9.9982E-05 0.175186 0.557706 0.0303689 9.9982E-05 0.0995219 0.137018
9.9973E-05 9.9973E-05 0.323227 0.535413 9.9973E-05 0.111653 0.0294064
0.00600329 9.9991E-05 0.493979 0.199503 0.168745 0.0353733 0.096296
0.0294299 0.127698 0.116268 0.456627 0.13818 0.122092 0.00970552
9.9982E-05 9.9982E-05 0.524393 0.17411 0.112858 0.00967934 0.17876
0.0437125 9.9982E-05 0.111649 0.627877 9.9982E-05 0.0723369 0.144224
0.0123583 0.023011 0.525287 0.159234 0.140328 0.0564141 0.0833671
0.0787105 0.147698 0.30168 0.325467 0.0636709 0.0826737 9.9991E-05
0.0191331 0.220167 0.0798758 0.486923 0.111855 0.0178161 0.0642301
9.9973E-05 0.488762 0.109418 0.318402 0.0831173 9.9973E-05 9.9973E-05
9.9982E-05 0.299912 0.0134801 0.60787 9.9982E-05 0.0343996 0.0441384
9.9982E-05 0.208069 0.0866011 0.617719 9.9982E-05 0.042196 0.0452148
9.9982E-05 0.436001 0.137481 0.366548 0.0441253 0.0156454 9.9982E-05
0.179404 0.0547178 0.0135129 0.478958 0.162991 0.100236 0.0101813
9.9982E-05 0.149994 9.9982E-05 0.520404 0.111615 0.174698 0.0430881
9.9982E-05 0.539322 0.0755353 0.116146 0.199355 0.0694417 9.9982E-05
9.9973E-05 0.594032 9.9973E-05 0.256643 0.0596484 0.089376 9.9973E-05
9.9982E-05 0.302742 0.0958591 0.502058 0.0930687 0.00607253 9.9982E-05
9.9982E-05 0.470762 0.0753308 0.155072 0.0427445 0.255891 9.9982E-05
9.9973E-05 0.340305 0.135288 0.43978 9.9973E-05 0.0843269 9.9973E-05
0.0934547 9.9982E-05 0.55778 0.109648 0.0637766 0.175141 9.9982E-05
9.9982E-05 0.112229 0.256349 0.21255 0.293484 0.125189 9.9982E-05
0.0567208 9.9991E-05 0.495065 0.314111 0.0501024 0.0530409 0.0308598
0.00276559 9.9982E-05 0.229193 0.722081 0.0251755 0.0205856 9.9982E-05
0.0311345 0.036437 0.524437 0.233115 9.9982E-05 0.174676 9.9982E-05
0.0555123 0.120173 0.0604411 0.487425 0.148491 0.0601388 0.0678195
0.117953 0.0589763 0.142067 0.651141 9.9982E-05 9.9982E-05 0.0296633
0.0609802 0.0484251 0.217818 0.456471 9.9991E-05 0.177311 0.0388955
0.0933862 9.9982E-05 0.35314 0.439162 0.0359882 0.0781241 9.9982E-05
9.9973E-05 9.9973E-05 0.374462 0.452112 9.9973E-05 0.159417 0.0137091
0.0387648 9.9982E-05 0.543017 0.284007 0.0146495 0.119362 9.9982E-05
0.156419 9.9982E-05 0.41104 0.255822 0.12768 0.0488381 9.9982E-05
0.0244477 0.0439014 0.18594 0.616209 0.129302 9.9982E-05 9.9982E-05
0.0864188 0.132955 0.239858 0.540468 9.9973E-05 9.9973E-05 9.9973E-05
9.9991E-05 0.0315387 0.298129 0.362604 0.119885 0.105266 0.0824772
0.072287 9.9973E-05 0.268707 0.482313 0.176394 9.9973E-05 9.9973E-05
0.0611395 0.0400158 0.417491 0.376372 0.0298865 9.9991E-05 0.0749947
0.00563685 0.0689782 0.11747 0.60736 0.0150775 0.154917 0.0305606
0.0992707 0.00587646 0.253577 0.435658 0.119803 9.9991E-05 0.0857138
0.149539 0.122601 0.110514 0.561056 0.0550155 0.00117409 9.9991E-05
0.147087 0.190687 9.9973E-05 0.390537 9.9973E-05 9.9973E-05 0.27139
0.218497 0.104636 9.9982E-05 0.448588 0.073025 9.9982E-05 0.155054
0.253328 0.149337 0.0692344 0.37048 0.0633524 0.0236204 0.0706474
0.0957847 0.0310849 0.051097 0.587915 0.0480686 0.0945923 0.0914574
0.247831 9.9991E-05 0.0546555 0.373892 0.125966 0.0225903 0.174966
0.0267252 0.0985364 0.245406 0.474171 0.154961 9.9982E-05 9.9982E-05
0.112643 0.0441687 0.0401812 0.472173 0.0083609 0.144067 0.178406
0.175772 0.379422 0.0302434 9.9991E-05 0.0744665 0.143159 0.196837
0.207161 0.110717 0.124227 0.506356 9.9991E-05 0.00346948 0.0479696
0.103671 0.0634725 0.114296 0.539421 0.0919957 9.9991E-05 0.0870434
0.25422 9.9982E-05 0.14712 0.408594 0.116185 9.9982E-05 0.0736807
0.165527 0.176541 0.135203 0.246402 0.0267013 0.112372 0.137253
0.139641 0.0545998 0.0309628 0.471952 0.0023085 0.0843723 0.216163
0.0971061 9.9982E-05 0.0252155 0.651741 0.0963533 9.9982E-05 0.129385
0.18976 0.276395 9.9982E-05 9.9982E-05 0.050052 0.0244626 0.459131
0.226235 0.0973109 0.03069 0.457809 9.9982E-05 9.9982E-05 0.187755
0.187024 0.0806445 9.9973E-05 0.520308 9.9973E-05 9.9973E-05 0.211723
0.0540375 0.103193 0.069701 0.605928 0.087012 0.00145461 0.0786734
0.235655 0.0241518 9.9982E-05 0.491702 0.0470793 9.9982E-05 0.201212
0.180425 0.075381 0.157283 0.420969 0.0214949 0.0692367 0.0752098
0.0464554 9.9982E-05 0.0562513 0.414873 0.393543 0.0886778 9.9982E-05
0.04356 0.0318077 0.0707042 0.481269 0.271114 0.0420582 0.0594867
9.9973E-05 0.0447537 0.0606741 9.9973E-05 0.778275 0.115998 9.9973E-05
9.9973E-05 0.0434011 0.0558044 9.9973E-05 0.883953 0.0165415 9.9973E-05
0.11131 9.9991E-05 0.0340342 0.397753 0.352203 0.0624209 0.0421788
0.282178 0.090581 0.0124606 0.369824 0.168443 9.9991E-05 0.0764144
0.408131 0.0476498 9.9982E-05 0.191913 0.275533 9.9982E-05 0.0765726
0.245081 0.188194 9.9982E-05 0.203179 0.148707 9.9982E-05 0.214639
0.255775 9.9973E-05 9.9973E-05 0.285826 0.273023 9.9973E-05 0.185076
0.0783137 0.149085 9.9973E-05 9.9973E-05 0.72211 9.9973E-05 0.0501916
0.101587 9.9973E-05 9.9973E-05 0.0803447 0.717811 9.9973E-05 0.0999573
0.0791864 9.9973E-05 0.00940839 0.524574 0.386531 9.9973E-05 9.9973E-05
0.0586065 9.9973E-05 9.9973E-05 0.414825 0.436377 9.9973E-05 0.0898916
0.108161 9.9973E-05 9.9973E-05 0.122821 0.704427 9.9973E-05 0.0642909
0.136855 9.9982E-05 0.0449845 0.442423 0.308442 9.9982E-05 0.0670952
0.132844 0.0834875 9.9982E-05 0.44653 0.333528 0.00341008 9.9982E-05
0.214845 0.0603899 0.0286534 0.411468 0.13557 0.0994296 0.0496443
9.9991E-05 0.0095397 0.0217072 0.27773 0.542032 0.108041 0.0408493
9.9982E-05 9.9982E-05 0.0757137 0.312075 0.527429 0.0710881 0.0134943
0.0315085 0.0474329 0.00392597 0.550302 0.313917 0.029978 0.0229353
9.9991E-05 0.0778836 0.118102 0.360225 0.38932 0.0317592 0.0226104
0.108548 0.114051 0.114874 0.4236 0.173191 0.017259 0.0484775
9.9982E-05 0.0470613 0.019723 0.503212 0.428024 9.9982E-05 0.00177991
9.9964E-05 9.9964E-05 0.0131089 0.174963 0.811529 9.9964E-05 9.9964E-05
0.00556724 9.9982E-05 9.9982E-05 0.505303 0.369434 0.0594121 0.060084
9.9964E-05 9.9964E-05 9.9964E-05 0.185484 0.757414 0.056702 9.9964E-05
0.0178049 9.9982E-05 0.0199292 0.373125 0.573366 9.9982E-05 0.015575
0.0501794 9.9982E-05 9.9982E-05 0.563323 0.169525 0.166765 0.050007
9.9982E-05 9.9982E-05 0.0234909 0.55417 0.307685 0.0486011 0.0658538
0.171591 0.0459152 0.0488052 0.488604 9.9991E-05 0.0683333 0.176651
0.0849098 0.0666095 0.0880418 0.445497 0.162009 9.9991E-05 0.152832
0.276335 0.133242 0.029529 0.317338 0.124499 9.9991E-05 0.118956
0.24365 0.124874 0.0869892 0.250072 0.146976 9.9991E-05 0.147339
0.203387 0.032608 0.19355 0.354473 9.9991E-05 0.0932173 0.122665
0.129944 0.0553481 0.00713976 0.459369 0.17455 9.9991E-05 0.173549
0.126139 0.152199 9.9973E-05 9.9973E-05 0.553771 9.9973E-05 0.167592
0.162372 0.0782665 0.0191634 0.575352 0.164646 9.9982E-05 9.9982E-05
0.0933272 0.171613 9.9973E-05 9.9973E-05 0.399254 9.9973E-05 0.335506
0.191216 9.9973E-05 9.9973E-05 0.456388 0.303892 9.9973E-05 0.0482039
9.9973E-05 0.0480635 9.9973E-05 0.083208 0.755791 0.112637 9.9973E-05
9.9973E-05 9.9973E-05 0.00240552 9.9973E-05 0.930569 0.0573757 0.00934987
9.9964E-05 9.9964E-05 9.9964E-05 0.424126 0.520004 0.0554707 9.9964E-05
9.9973E-05 9.9973E-05 9.9973E-05 0.632325 0.32226 0.00966616 0.035449
9.9973E-05 0.0396485 9.9973E-05 0.376199 0.551286 0.0325666 9.9973E-05
9.9973E-05 9.9973E-05 9.9973E-05 0.41218 0.481073 0.0866725 0.0197745
0.0538654 9.9964E-05 9.9964E-05 0.453078 0.492656 9.9964E-05 9.9964E-05
0.0560042 9.9982E-05 0.0507734 0.0712654 0.0588699 9.9982E-05 0.762887
0.120189 0.0293065 0.122814 9.9991E-05 0.0196683 0.00462347 0.703299
0.0505307 9.9964E-05 0.0741161 9.9964E-05 9.9964E-05 9.9964E-05 0.874953
9.9964E-05 9.9964E-05 9.9964E-05 0.051802 0.0202128 9.9964E-05 0.927585
0.0169619 0.0571514 9.9991E-05 0.440056 0.0329862 0.348311 0.104433
9.9991E-05 0.00373353 0.0329881 0.517913 0.0368562 0.343539 0.0648695
9.9973E-05 9.9973E-05 0.0308065 0.517245 0.00439615 0.447253 9.9973E-05
0.0381345 9.9982E-05 0.0149524 0.631972 9.9982E-05 0.211087 0.103654
9.9982E-05 0.164056 0.0502482 0.54591 9.9982E-05 0.130577 0.109008
0.0172383 0.135555 0.137614 0.205699 9.9991E-05 0.47693 0.0268642
0.0359376 9.9973E-05 9.9973E-05 0.561061 9.9973E-05 0.368837 0.0338645
9.9973E-05 0.160764 9.9973E-05 0.354858 0.0605683 0.42351 9.9973E-05
0.171129 0.051173 0.0727327 0.432602 0.06088 9.9991E-05 0.211383
0.10722 0.0143477 0.0329559 0.338092 0.0898473 0.417437 9.9991E-05
0.0167369 9.9973E-05 0.152992 0.363452 9.9973E-05 0.46652 9.9973E-05
0.00406281 9.9982E-05 0.0739953 0.514308 0.0990082 0.308426 9.9982E-05
0.00234459 9.9991E-05 0.0637172 0.416814 0.00280578 0.461591 0.0526272
9.9973E-05 0.0307916 9.9973E-05 0.620575 0.0422533 0.30608 9.9973E-05
9.9973E-05 9.9973E-05 9.9973E-05 0.598478 0.00945898 0.318722 0.0730416
9.9964E-05 9.9964E-05 9.9964E-05 0.0940363 0.109901 0.795662 9.9964E-05
0.00866941 0.0656609 0.00574127 0.275522 0.0848214 0.547012 0.0125725
9.9982E-05 9.9982E-05 0.00150827 0.32346 0.00483988 0.635666 0.0343257
9.9964E-05 0.122469 9.9964E-05 9.9964E-05 0.0573349 0.819796 9.9964E-05
0.00977788 9.9991E-05 0.157089 0.364447 0.0685953 0.360155 0.0398359
0.00459232 0.24627 9.9982E-05 0.11847 0.0356629 0.594805 9.9982E-05
9.9973E-05 0.103866 9.9973E-05 9.9973E-05 0.0716346 0.812989 0.0112103
0.0629934 9.9982E-05 9.9982E-05 0.578709 0.041623 0.299579 0.0168952
9.9982E-05 9.9982E-05 0.117256 0.225548 0.0391577 0.561039 0.0567984
0.149785 0.102028 0.042104 0.331925 9.9982E-05 0.373958 9.9982E-05
0.0745791 0.0340898 0.00726723 0.556735 0.146126 0.127837 0.0533651
0.0145554 0.0132374 0.0359791 0.5368 9.9991E-05 0.375237 0.0240906
0.0326641 0.202833 0.271937 0.347532 0.120271 0.024663 9.9991E-05
9.9973E-05 9.9973E-05 0.0108043 0.594924 0.105034 0.288938 9.9973E-05
0.00472541 9.9991E-05 0.148584 0.460666 0.0258344 0.314386 0.0457045
9.9964E-05 0.00642489 9.9964E-05 0.263537 9.9964E-05 0.729639 9.9964E-05
0.0364045 9.9991E-05 0.0205977 0.500179 0.159619 0.180855 0.102245
9.9982E-05 0.0799219 0.275181 0.00431733 9.9982E-05 0.0152379 0.625142
9.9973E-05 9.9973E-05 0.0905669 0.0513276 9.9973E-05 0.0801105 0.777695
9.9973E-05 0.0969166 0.0930405 9.9973E-05 9.9973E-05 0.0145086 0.795234
9.9973E-05 0.0162685 0.121197 9.9973E-05 0.0728902 9.9973E-05 0.789344
9.9973E-05 0.0454905 0.23842 0.0298493 9.9973E-05 9.9973E-05 0.685941
0.0319386 9.9982E-05 0.0899298 0.112919 9.9982E-05 0.749708 0.0153048
9.9991E-05 0.0223219 0.0755991 0.130299 0.0522776 0.666568 0.052834
0.0166742 0.0300956 9.9982E-05 0.0933843 0.0360178 0.823628 9.9982E-05
0.157083 9.9982E-05 0.0459837 0.505951 9.9982E-05 0.233551 0.0572322
0.0258398 0.0158482 9.9991E-05 0.563007 0.0273525 0.251781 0.116072
0.0657314 0.0629445 9.9991E-05 0.192139 0.0354828 0.625083 0.0185194
0.0432708 0.102345 9.9982E-05 0.564767 0.0637228 0.225694 9.9982E-05
0.0619616 0.0629081 0.00222247 0.396877 9.9991E-05 0.471661 0.00427041
9.9982E-05 0.0770136 9.9982E-05 0.552871 0.0320415 0.290998 0.0468755
0.0227785 9.9991E-05 0.0887508 0.514124 0.0934681 0.229067 0.0517122
0.0111035 0.0465907 0.0972851 0.212195 9.9982E-05 0.632625 9.9982E-05
9.9964E-05 9.9964E-05 0.109857 0.302281 9.9964E-05 0.587462 9.9964E-05
9.9964E-05 9.9964E-05 0.0990491 0.330623 9.9964E-05 0.569928 9.9964E-05
9.9982E-05 0.198538 0.0921422 0.584114 9.9982E-05 0.0208778 0.104128
9.9973E-05 9.9973E-05 0.0377425 0.381063 9.9973E-05 0.573201 0.00769389
9.9982E-05 9.9982E-05 0.0644026 0.453898 0.0160654 0.380588 0.0848467
0.426685 0.0266835 9.9991E-05 0.411845 0.0337853 0.0716394 0.0292623
0.43418 0.0582466 0.0413691 0.362842 9.9982E-05 9.9982E-05 0.103162
0.512795 0.0304644 9.9973E-05 0.391507 9.9973E-05 9.9973E-05 0.0649335
0.480765 0.0516746 9.9982E-05 0.269378 0.0572915 9.9982E-05 0.14069
0.330582 0.0227477 0.0437772 0.400128 9.9991E-05 0.0906756 0.11199
0.119504 0.0662396 9.9982E-05 0.35353 9.9982E-05 0.40767 0.0528562
0.613651 0.0885438 9.9973E-05 0.0285683 9.9973E-05 9.9973E-05 0.268937
0.419558 9.9973E-05 9.9973E-05 0.30382 0.0948511 9.9973E-05 0.181471
0.220518 0.243912 9.9982E-05 0.355006 9.9982E-05 0.0718237 0.10854
9.9973E-05 0.177558 0.0895747 0.592387 9.9973E-05 9.9973E-05 0.140181
9.9982E-05 0.383762 0.0654681 0.422701 9.9982E-05 0.0697792 0.0580899
0.0746104 0.276266 0.0517194 0.543863 9.9982E-05 9.9982E-05 0.0533413
0.037927 0.210182 0.0685101 0.588894 9.9982E-05 9.9982E-05 0.0942878
0.442838 0.0100554 9.9982E-05 0.312998 0.0368359 9.9982E-05 0.197073
0.335436 0.0280356 0.017386 0.327457 0.0217713 0.0674249 0.202489
0.460721 0.0079741 9.9973E-05 0.510956 9.9973E-05 9.9973E-05 0.0200491
0.309236 0.043616 0.127944 0.307312 0.0328341 0.0272808 0.151778
0.520165 9.9982E-05 9.9982E-05 0.270915 0.00409111 0.0412215 0.163407
0.351239 9.9991E-05 0.0149006 0.381942 0.000751106 0.0645285 0.186539
0.620172 0.109169 9.9973E-05 0.190759 9.9973E-05 9.9973E-05 0.0795997
0.36478 9.9982E-05 9.9982E-05 0.387127 0.0595435 0.0573207 0.131029
0.0119283 0.350867 9.9982E-05 0.526677 9.9982E-05 0.0958521 0.0144759
0.34302 0.0679317 0.042356 0.349841 9.9982E-05 9.9982E-05 0.196651
0.636744 0.0189691 9.9973E-05 0.154889 9.9973E-05 9.9973E-05 0.189098
0.325574 0.0505197 0.00362138 0.382698 0.0305497 0.127858 0.0791789
9.9982E-05 0.392727 0.184416 0.234822 9.9982E-05 0.0709446 0.116891
0.134426 0.241307 0.115228 0.508739 9.9973E-05 9.9973E-05 9.9973E-05
0.218299 0.101503 0.0940953 0.464981 9.9982E-05 9.9982E-05 0.120921
0.00613091 0.250745 0.0123251 0.580814 0.0876837 9.9991E-05 0.0622011
9.9973E-05 0.352962 0.0193334 0.534982 9.9973E-05 9.9973E-05 0.0924225
0.200117 0.0887986 0.0425709 0.368749 0.0336857 0.115994 0.150085
0.277993 0.0500515 9.9991E-05 0.295525 0.124367 0.0300434 0.221921
0.118733 0.112474 0.0622162 0.57076 9.9991E-05 0.0752759 0.0604407
0.365819 9.9982E-05 9.9982E-05 0.34377 0.0847121 0.113603 0.0918964
0.399847 0.00652235 9.9982E-05 0.473601 0.0242749 9.9982E-05 0.0955547
0.621023 0.0692675 0.0283825 0.11161 0.0318396 0.00556954 0.132309
9.9991E-05 0.197224 0.0102567 0.656572 0.0165946 0.0397313 0.0795212
9.9982E-05 0.307426 0.100415 0.504025 9.9982E-05 0.0295382 0.0583957
9.9982E-05 0.570973 9.9982E-05 0.230343 0.0921673 0.0223263 0.0839902
0.0783201 0.216185 9.9973E-05 0.596139 9.9973E-05 9.9973E-05 0.109055
0.0482266 0.0874612 0.272264 0.384147 0.13434 9.9991E-05 0.0734607
0.128331 0.116539 0.00781428 0.497534 0.0128696 0.0549428 0.181969
0.122253 0.114406 0.141162 0.485816 0.0315588 0.0587958 0.0460096
0.228183 0.522259 9.9964E-05 9.9964E-05 9.9964E-05 9.9964E-05 0.249158
0.114663 0.65198 9.9964E-05 9.9964E-05 9.9964E-05 9.9964E-05 0.232957
0.142792 0.307842 0.0520536 0.26887 0.114454 9.9991E-05 0.113888
0.197914 0.400883 0.0101765 9.9982E-05 0.0976716 9.9982E-05 0.293155
0.235508 0.382149 9.9964E-05 9.9964E-05 9.9964E-05 9.9964E-05 0.381943
0.0598383 0.205619 9.9991E-05 0.459429 0.135834 0.04325 0.0959292
0.172154 0.209434 0.0633937 0.333399 9.9982E-05 9.9982E-05 0.221419
0.168809 0.348759 0.0311418 0.17362 0.0183808 9.9991E-05 0.259189
0.134525 0.456338 9.9973E-05 0.14239 9.9973E-05 9.9973E-05 0.266447
0.0903639 0.289444 9.9973E-05 0.521305 9.9973E-05 9.9973E-05 0.0985869
0.167932 0.388492 9.9991E-05 0.0515209 0.0246814 0.189494 0.17778
0.0521551 0.589631 9.9964E-05 9.9964E-05 9.9964E-05 9.9964E-05 0.357814
0.247406 0.0851739 0.127695 0.43042 0.0225242 9.9991E-05 0.0866804
0.243193 0.14709 0.0596625 0.33413 0.0796172 9.9991E-05 0.136208
0.170643 9.9982E-05 0.0678825 0.421316 9.9982E-05 0.0468281 0.293131
0.237835 9.9973E-05 9.9973E-05 0.581755 0.0269697 9.9973E-05 0.15314
0.147767 0.0559949 0.00142576 0.539095 9.9991E-05 0.0753989 0.180218
0.182191 0.0709843 9.9991E-05 0.50419 0.0417338 0.0146155 0.186186
0.269838 0.0925927 0.0118927 0.279575 9.9982E-05 9.9982E-05 0.345902
0.117916 0.0610383 0.0091822 0.5382 0.0325634 9.9991E-05 0.241001
0.216374 0.010165 0.0326798 0.443418 9.9991E-05 0.0251667 0.272097
0.316412 0.0731796 0.058787 0.203856 0.0691728 0.0492016 0.229392
0.176388 9.9991E-05 0.0907511 0.204 0.0945333 0.226163 0.208064
0.183306 0.0569686 0.128795 0.453872 9.9991E-05 0.05734 0.119618
0.0719946 0.0533005 9.9982E-05 0.587855 0.0564191 9.9982E-05 0.23023
0.0849307 9.9973E-05 9.9973E-05 0.623785 9.9973E-05 0.168129 0.122855
0.197267 0.105321 0.0097565 0.371915 9.9982E-05 9.9982E-05 0.31554
0.137777 0.0792403 9.9973E-05 0.583118 9.9973E-05 9.9973E-05 0.199566
0.222657 0.192069 9.9982E-05 0.144778 0.0753731 9.9982E-05 0.364923
0.278606 9.9982E-05 0.0941935 0.375127 0.0917797 9.9982E-05 0.160094
0.280429 0.201297 9.9991E-05 0.217804 0.00176034 0.0342339 0.264376
9.9982E-05 0.0497145 0.105484 0.0148462 9.9982E-05 0.0264989 0.803256
0.0091749 9.9982E-05 0.773837 0.185899 9.9982E-05 0.015988 0.0149016
9.9955E-05 9.9955E-05 0.973293 9.9955E-05 9.9955E-05 9.9955E-05 0.026207
9.9955E-05 9.9955E-05 0.995871 9.9955E-05 9.9955E-05 9.9955E-05 0.00362972
0.0381684 9.9973E-05 0.921835 0.0346391 0.00505729 9.9973E-05 9.9973E-05
0.0164641 9.9973E-05 0.947076 0.0203265 9.9973E-05 9.9973E-05 0.0158333
9.9955E-05 9.9955E-05 0.916987 0.0825137 9.9955E-05 9.9955E-05 9.9955E-05
9.9955E-05 9.9955E-05 0.977597 9.9955E-05 9.9955E-05 9.9955E-05 0.0219033
0.00345397 9.9964E-05 0.812399 9.9964E-05 9.9964E-05 9.9964E-05 0.183747
9.9964E-05 9.9964E-05 0.0318819 0.0565021 9.9964E-05 9.9964E-05 0.911216
0.000771578 9.9982E-05 0.136698 0.0630265 0.0191999 9.9982E-05 0.780104
0.0532783 0.0518544 9.9973E-05 0.0445096 9.9973E-05 9.9973E-05 0.850058
9.9982E-05 0.0452196 0.0847782 0.0149086 0.0662597 9.9982E-05 0.788634
0.0363671 9.9973E-05 0.0523257 9.9973E-05 9.9973E-05 0.00716972 0.903838
9.9964E-05 9.9964E-05 9.9964E-05 9.9964E-05 0.101685 0.000349147 0.897566
0.170316 9.9982E-05 0.0887906 0.00220287 0.046966 9.9982E-05 0.691525
0.0759184 9.9973E-05 9.9973E-05 0.0446242 0.029572 9.9973E-05 0.849586
0.0229248 0.0108665 0.108212 0.0285233 0.0124468 0.12386 0.693166
0.0595469 9.9973E-05 9.9973E-05 0.0371134 9.9973E-05 0.0088687 0.894171
9.9955E-05 9.9955E-05 9.9955E-05 9.9955E-05 0.0278336 9.9955E-05 0.971667
0.021309 0.036021 0.0144039 0.0974832 0.020879 9.9991E-05 0.809804
9.9964E-05 0.0722305 0.0134897 9.9964E-05 9.9964E-05 9.9964E-05 0.91388
0.0423861 0.0204555 9.9973E-05 0.0605903 9.9973E-05 9.9973E-05 0.876268
0.0729459 9.9973E-05 9.9973E-05 0.052078 9.9973E-05 0.0395413 0.835135
0.0172038 9.9964E-05 9.9964E-05 0.150988 9.9964E-05 9.9964E-05 0.831408
0.108691 9.9964E-05 9.9964E-05 0.115634 9.9964E-05 9.9964E-05 0.775275
0.0804589 9.9964E-05 9.9964E-05 0.149864 9.9964E-05 9.9964E-05 0.769277
0.0414706 9.9964E-05 9.9964E-05 0.149469 9.9964E-05 9.9964E-05 0.808661
0.00997707 0.352382 0.0905064 0.389431 9.9991E-05 0.0728302 0.0847738
9.9973E-05 0.213868 9.9973E-05 0.630255 9.9973E-05 0.0838613 0.0717154
0.105005 0.0974645 0.0748613 0.502372 0.011533 0.133514 0.0752504
0.00675361 0.665761 0.0272036 0.162087 0.00179689 0.131918 0.00447866
9.9973E-05 0.232144 0.166816 0.535733 9.9973E-05 9.9973E-05 0.0650072
9.9964E-05 0.781013 9.9964E-05 0.159572 9.9964E-05 9.9964E-05 0.0590146
0.00672615 0.234849 0.0470782 0.630598 9.9991E-05 0.011161 0.0694877
9.9982E-05 0.362373 0.112127 0.413717 9.9982E-05 0.0979374 0.0136459
9.9973E-05 0.31298 0.0339663 0.555268 9.9973E-05 0.0974862 9.9973E-05
9.9982E-05 0.0357749 9.9982E-05 0.58424 0.0304002 0.325578 0.0238069
9.9973E-05 0.326264 0.138302 0.468879 9.9973E-05 9.9973E-05 0.0662559
9.9991E-05 0.175275 0.0287696 0.615316 0.0307757 0.0204652 0.129298
9.9973E-05 0.245543 0.0730075 0.641993 9.9973E-05 9.9973E-05 0.0391568
9.9991E-05 0.091762 0.491815 0.0705644 0.173458 0.165258 0.00704223
9.9973E-05 0.79615 0.0864469 9.9973E-05 0.0742804 0.0428228 9.9973E-05
9.9964E-05 0.762793 0.0450611 0.191747 9.9964E-05 9.9964E-05 9.9964E-05
0.116036 0.22204 0.104008 0.54928 9.9982E-05 9.9982E-05 0.00843582
9.9964E-05 0.357478 9.9964E-05 0.587061 9.9964E-05 9.9964E-05 0.055061
9.9973E-05 0.293039 9.9973E-05 0.517043 9.9973E-05 0.0855419 0.104077
0.00425246 0.0944339 9.9991E-05 0.674588 0.0425937 0.0857046 0.0983274
