0.00507372 9.9982E-05 0.0672606 0.0537091 9.9982E-05 0.873757
0.0541809 9.9973E-05 9.9973E-05 0.0255354 9.9973E-05 0.919984
9.9982E-05 9.9982E-05 0.0511715 0.0456067 0.112607 0.790415
9.9982E-05 9.9982E-05 0.0878289 0.139122 0.0188406 0.754008
9.9973E-05 0.0116513 9.9973E-05 9.9973E-05 0.102765 0.885284
0.037675 0.216542 0.0640587 0.0408708 0.0253704 0.615483
0.00295307 0.158429 0.0104227 9.9982E-05 9.9982E-05 0.827996
9.9982E-05 0.104736 0.00730141 0.164668 9.9982E-05 0.723095
0.00520175 0.0668593 9.9982E-05 0.107496 9.9982E-05 0.820243
9.9982E-05 0.12756 0.0713004 9.9982E-05 0.082797 0.718143
0.00489098 0.123391 9.9991E-05 0.0664217 0.0570333 0.748163
0.178271 0.00465426 0.0810872 0.520367 0.215521 9.9991E-05
0.0208342 0.0241652 0.0754813 0.279164 0.532881 0.0674746
0.125142 0.104612 0.115072 0.449526 0.189201 0.016447
9.9991E-05 0.0709061 0.163316 0.394675 0.352723 0.0182798
0.0361318 0.100341 0.106607 0.229168 0.379593 0.148159
0.0145938 0.0583885 0.213058 0.190464 0.502562 0.0209337
0.139894 0.11903 0.0875708 0.195071 0.458334 9.9991E-05
0.161481 9.9991E-05 0.130147 0.351818 0.237395 0.11906
0.0497947 0.156776 0.069381 0.683334 0.0406139 9.9991E-05
0.161586 0.0132606 0.107225 0.29273 0.416839 0.00835916
0.177369 0.168224 0.104652 0.175283 0.374372 9.9991E-05
0.0778479 0.112987 0.0495052 0.189362 0.537014 0.0332842
0.248664 0.00570621 0.120131 0.302612 0.275528 0.0473581
9.999E-05 0.0279496 0.00590189 0.178613 0.688849 0.0985858
0.0679598 0.0586293 0.116221 0.251662 0.503843 0.00168515
0.202269 0.0243451 0.125224 0.471626 0.149186 0.0273497
0.132475 0.00586767 0.287749 0.469948 0.103861 9.9991E-05
0.102268 0.120166 0.0432378 0.473493 0.260736 9.9991E-05
9.9973E-05 9.9973E-05 0.0720148 9.9973E-05 0.121669 0.806017
9.9973E-05 9.9973E-05 0.0174166 9.9973E-05 0.137186 0.845098
0.028033 9.9982E-05 0.0530463 9.9982E-05 0.140438 0.778283
0.106325 9.9982E-05 0.12442 9.9982E-05 0.0377755 0.73128
0.186178 0.0285679 9.9991E-05 0.118721 0.615974 0.0504587
0.344343 9.9982E-05 0.124759 9.9982E-05 0.431985 0.0987125
0.420619 0.00263944 0.0885756 9.9982E-05 0.487966 9.9982E-05
0.163644 9.9991E-05 0.00717355 0.572326 0.138783 0.117973
0.728969 9.9991E-05 0.0576382 0.0438544 0.138649 0.0307893
0.276472 9.9982E-05 9.9982E-05 0.138773 0.559652 0.024903
0.201631 0.0127069 0.0190897 9.9991E-05 0.72669 0.0397816
0.174153 0.0790595 9.9991E-05 0.0192767 0.612511 0.1149
0.0824194 0.0547546 9.9991E-05 0.0754091 0.673696 0.113621
0.689341 9.9991E-05 0.00334184 0.146235 0.116421 0.0445611
9.9991E-05 0.264577 0.0527358 0.0239699 0.591938 0.0666794
0.214242 0.00714561 0.134298 0.0692692 0.518507 0.0565388
0.141967 0.0270747 0.0270064 0.0418406 0.540207 0.221905
0.774249 9.9964E-05 9.9964E-05 9.9964E-05 0.225351 9.9964E-05
0.285224 9.9973E-05 9.9973E-05 9.9973E-05 0.612464 0.102013
0.254002 0.0144201 0.0581111 0.0417784 0.539899 0.0917896
0.612227 0.288144 9.9973E-05 9.9973E-05 9.9973E-05 0.0993296
0.266241 0.148303 9.9982E-05 0.452857 0.132399 9.9982E-05
0.215565 0.491882 0.0251025 0.169361 0.0778936 0.0201956
0.0992506 0.0850892 0.0615227 0.159768 0.569551 0.0248184
9.9991E-05 0.0955165 0.0384784 0.132559 0.655437 0.0779089
0.0989185 0.146028 0.0809114 0.0556149 0.550515 0.0680126
0.230736 0.177887 9.9991E-05 0.313745 0.14406 0.133472
0.04557 0.11636 9.9982E-05 0.247006 0.590864 9.9982E-05
9.9991E-05 0.15605 0.100332 0.0965906 0.5801 0.0668272
0.231959 0.14302 0.0256671 0.122993 0.349441 0.126919
0.0921331 0.22449 0.0266191 0.351261 0.127984 0.177513
0.136471 0.0962206 0.0166009 0.171691 0.536015 0.0430017
0.0449953 0.0918303 0.100738 0.300127 0.395306 0.067004
0.207032 0.160793 9.9991E-05 0.534975 0.0376245 0.0594762
0.0830334 0.0666996 0.0521358 0.275338 0.493803 0.0289904
0.040895 0.148187 0.0714043 0.0921814 0.647232 9.9991E-05
0.0944272 0.0701323 0.0211438 0.152676 0.596649 0.0649722
0.265195 0.12951 0.110667 0.243903 0.212539 0.0381863
0.108617 0.152502 0.133681 0.154188 0.450269 0.000742633
0.033062 9.9991E-05 0.0304763 0.211036 0.647647 0.077679
0.180649 0.154304 9.9991E-05 0.430995 0.218697 0.0152551
0.454017 9.9973E-05 9.9973E-05 0.0234998 0.522183 9.9973E-05
0.67576 9.9982E-05 0.0163492 0.170377 0.137314 9.9982E-05
0.208131 0.112208 0.101006 0.0593499 0.488531 0.0307744
0.901383 0.098217 9.9964E-05 9.9964E-05 9.9964E-05 9.9964E-05
0.825195 0.129377 9.9973E-05 0.045128 9.9973E-05 9.9973E-05
0.785383 9.9973E-05 0.0251816 9.9973E-05 0.189136 9.9973E-05
0.512758 9.9982E-05 9.9982E-05 0.0187833 0.450599 0.0176603
0.130517 9.9991E-05 0.00270709 0.110175 0.590879 0.165621
0.514154 9.9982E-05 0.0476771 0.0616465 0.376323 9.9982E-05
0.685169 9.9991E-05 0.0731092 0.155056 0.0690643 0.0175017
0.532501 9.9973E-05 9.9973E-05 0.287663 0.179536 9.9973E-05
0.266966 0.00566571 0.0313831 0.142555 0.47855 0.07488
0.604918 9.9991E-05 0.100049 0.0529186 0.206868 0.0351476
0.533655 9.9991E-05 0.0475703 0.0245848 0.371712 0.0223776
0.642533 0.02053 9.9982E-05 9.9982E-05 0.310309 0.0264282
0.679852 0.294895 9.9973E-05 0.024953 9.9973E-05 9.9973E-05
0.3713 0.0309862 0.0754824 0.0303999 0.491731 9.9991E-05
0.022841 9.9991E-05 0.0826398 0.0809907 0.0586523 0.754776
9.9964E-05 9.9964E-05 9.9964E-05 9.9964E-05 0.107782 0.891818
9.9982E-05 9.9982E-05 0.0636206 0.0120632 0.082647 0.841469
9.9973E-05 0.0433944 9.9973E-05 9.9973E-05 0.062484 0.893822
0.00573935 0.0156345 9.9982E-05 9.9982E-05 0.0987868 0.879639
0.0241158 0.00963554 0.0429023 9.9991E-05 0.0614943 0.861752
0.00255342 9.9973E-05 9.9973E-05 9.9973E-05 0.0496247 0.947522
0.343973 9.9991E-05 0.13601 0.0564731 0.401874 0.0615703
0.267183 9.9991E-05 0.0715983 0.125754 0.4811 0.0542651
0.883238 0.0257067 9.9991E-05 0.0435494 0.00590544 0.0415009
0.172241 0.147751 0.105464 0.0794528 0.461714 0.0333773
0.444765 9.9991E-05 0.022276 0.101033 0.390064 0.0417625
0.302853 9.9991E-05 0.0650089 0.0533726 0.5569 0.021765
0.427283 0.0333398 9.9982E-05 9.9982E-05 0.50159 0.0375879
0.550191 0.00163588 0.124264 9.9982E-05 0.32371 9.9982E-05
0.703309 0.0205522 9.9982E-05 0.251356 9.9982E-05 0.0245822
0.178319 0.113046 0.00573034 0.00977569 0.561595 0.131534
0.254253 0.081264 9.9982E-05 9.9982E-05 0.642485 0.0217983
0.0994003 0.0107524 0.099566 0.178692 0.567339 0.0442504
0.54505 0.153613 9.9982E-05 9.9982E-05 0.288902 0.0122342
0.426918 0.00446664 0.0378441 9.9991E-05 0.52252 0.00815146
0.415889 0.066596 9.9991E-05 0.03298 0.477279 0.00715673
0.646446 9.9973E-05 0.0566033 9.9973E-05 0.296651 9.9973E-05
0.471254 9.9982E-05 9.9982E-05 0.0745565 0.39415 0.0598394
0.159605 0.00176627 9.9991E-05 0.09124 0.63218 0.115108
0.101047 0.210392 0.0136585 0.318235 0.2546 0.102068
0.00561327 0.0295841 0.102643 0.397321 0.344787 0.120051
0.0502547 0.0440024 9.9991E-05 0.225077 0.603479 0.0770869
0.0895168 0.017845 9.9991E-05 0.0852783 0.684213 0.123047
0.0103504 0.0880821 9.9982E-05 0.352337 0.54903 9.9982E-05
9.9982E-05 0.0552958 0.0409836 0.31821 0.58531 9.9982E-05
9.9982E-05 9.9982E-05 0.04221 0.404016 0.532638 0.0209364
0.187946 0.0921656 0.013731 0.111822 0.463257 0.131079
0.148954 0.00623916 0.00266262 0.216304 0.590497 0.0353424
0.0759007 0.0546319 9.9991E-05 0.264885 0.597106 0.00737705
0.0639505 0.059741 9.9982E-05 0.321895 0.554213 9.9982E-05
0.0112822 0.179749 0.0324083 0.118399 0.658061 9.9991E-05
0.0292742 0.143453 0.068453 0.0579902 0.562779 0.138051
0.0555702 9.9991E-05 0.006607 0.242923 0.674041 0.0207588
9.9982E-05 0.118153 0.0770214 0.146915 0.657711 9.9982E-05
0.0505525 0.0977872 0.0699193 0.195677 0.585964 9.9991E-05
9.9982E-05 0.177868 9.9982E-05 0.292246 0.444159 0.0855267
0.091805 0.0689321 0.0145968 0.126421 0.696547 0.00169818
9.9991E-05 0.142777 0.0141873 0.161296 0.674622 0.00701856
0.15465 0.0717454 0.0820816 0.442477 0.248946 9.9991E-05
0.0873292 0.392501 0.0599557 0.334306 0.125808 9.9991E-05
0.1047 0.0961553 0.103931 0.186066 0.470201 0.0389463
0.226186 0.368951 0.0562414 0.316793 0.0317291 9.9991E-05
0.143002 0.0850895 0.0192331 0.488412 0.260853 0.00341049
0.181235 0.0335639 9.9982E-05 0.332139 0.452862 9.9982E-05
0.213699 9.9982E-05 9.9982E-05 0.444722 0.295798 0.0455807
0.162165 0.00518444 0.0260283 0.525426 0.281096 9.9991E-05
0.0654088 0.125432 0.0565047 0.0710311 0.642377 0.0392465
0.018454 0.0213121 0.083545 0.201697 0.606621 0.0683699
0.051848 0.133556 0.0478967 0.181609 0.544595 0.0404957
0.17619 0.2544 0.103578 0.394756 0.070976 9.9991E-05
0.122838 0.0915924 9.9982E-05 9.9982E-05 0.584954 0.200415
0.0276269 0.243054 0.0522741 0.14128 0.520642 0.0151231
0.147499 0.581044 9.9991E-05 0.0924846 0.0162865 0.162586
0.0478716 0.0903571 9.9991E-05 0.0383809 0.688518 0.134773
0.179843 0.275581 9.9991E-05 0.065641 0.356643 0.122193
0.0328553 0.270338 0.0902361 0.0964086 0.462049 0.048112
0.0850747 0.35875 0.00572162 0.15906 0.318601 0.0727931
0.0245445 0.502487 9.9991E-05 0.169263 0.25202 0.0515853
0.126403 0.207708 9.9991E-05 0.132358 0.488626 0.0448057
0.135774 0.146834 0.103126 0.103194 0.495182 0.0158909
0.0839679 0.197448 0.0410218 0.146002 0.466783 0.0647779
0.209186 0.449063 0.188704 0.0905584 9.9991E-05 0.0623882
0.0481332 0.135718 0.075115 0.063065 0.571183 0.106786
0.220985 0.309601 9.9982E-05 0.105671 0.363543 9.9982E-05
0.148265 0.231652 9.9982E-05 0.0656838 0.5542 9.9982E-05
9.9991E-05 0.183297 0.011868 0.0904713 0.619219 0.0950445
9.9982E-05 0.267892 0.194262 9.9982E-05 0.212967 0.32468
9.9973E-05 0.34682 0.140912 9.9973E-05 9.9973E-05 0.511968
9.9973E-05 0.457031 0.132296 9.9973E-05 9.9973E-05 0.410374
9.9991E-05 0.198124 0.352878 0.041125 0.0544505 0.353322
0.012115 0.291523 9.9982E-05 0.0275719 0.66859 9.9982E-05
0.134861 0.0955896 0.0135755 0.167922 0.525943 0.0621091
0.0474518 9.9982E-05 0.725413 0.00657325 0.220362 9.9982E-05
0.019288 9.9991E-05 0.414801 0.114874 0.41541 0.0355271
0.180153 0.0301028 0.391434 0.0369455 0.306074 0.0552913
0.101242 0.513808 9.9982E-05 0.0137273 0.371023 9.9982E-05
0.117716 0.186649 0.000325678 0.0598341 0.58429 0.051185
0.0742816 0.654946 9.9982E-05 0.0259537 0.244619 9.9982E-05
0.10861 0.197658 0.0510517 0.0250249 0.617556 9.9991E-05
0.224286 0.237255 9.9991E-05 0.0650262 0.446249 0.027084
0.081961 0.265754 0.0594413 9.9991E-05 0.560789 0.0319546
0.118175 0.631208 9.9982E-05 0.0304317 0.219985 9.9982E-05
0.0558825 0.149419 0.0603669 0.0513314 0.656124 0.0268761
0.148297 0.168986 0.0287484 0.0485514 0.569191 0.0362265
0.00821814 9.9964E-05 0.991382 9.9964E-05 9.9964E-05 9.9964E-05
9.9973E-05 0.00755749 0.902609 9.9973E-05 0.0895333 9.9973E-05
0.132361 0.0121236 0.571622 0.00148346 0.252808 0.0296016
9.9973E-05 9.9973E-05 0.684836 0.0045219 0.310343 9.9973E-05
0.0357493 0.0601583 0.79619 0.0215334 0.0588491 0.0275204
9.996E-05 9.996E-05 0.9995 9.996E-05 9.996E-05 9.996E-05
9.9964E-05 9.9964E-05 0.969915 9.9964E-05 9.9964E-05 0.0296856
9.9964E-05 9.9964E-05 0.855623 9.9964E-05 0.143977 9.9964E-05
9.9964E-05 9.9964E-05 0.96311 0.0364905 9.9964E-05 9.9964E-05
9.996E-05 9.996E-05 0.9995 9.996E-05 9.996E-05 9.996E-05
9.996E-05 9.996E-05 0.9995 9.996E-05 9.996E-05 9.996E-05
9.9973E-05 9.9973E-05 0.739814 9.9973E-05 0.209274 0.0506125
9.9982E-05 9.9982E-05 0.83879 0.0302078 0.103734 0.0270684
0.0366001 9.9964E-05 0.963 9.9964E-05 9.9964E-05 9.9964E-05
0.0420397 9.9991E-05 0.416938 0.119148 0.32662 0.0951547
9.9982E-05 9.9982E-05 0.592239 0.106241 0.233647 0.0676728
9.9991E-05 0.0338832 0.748521 0.00368765 0.176466 0.0373422
9.9973E-05 9.9973E-05 0.958948 0.0189778 0.021774 9.9973E-05
0.012623 9.9973E-05 0.978374 9.9973E-05 0.00870297 9.9973E-05
9.9973E-05 9.9973E-05 0.874172 9.9973E-05 0.075726 0.0498016
9.996E-05 9.996E-05 0.9995 9.996E-05 9.996E-05 9.996E-05
9.9991E-05 0.00524699 0.58023 0.057137 0.290307 0.0669793
0.034398 0.00358582 0.923716 0.0287391 0.00946123 9.9991E-05
9.9973E-05 0.627471 0.0554743 9.9973E-05 9.9973E-05 0.316755
0.0886929 0.15366 0.102061 0.12148 0.390943 0.143164
0.0243311 0.251077 0.0574462 0.006915 0.488256 0.171975
0.00458183 0.511416 0.0930091 0.0310123 0.180924 0.179057
0.0101281 0.159045 0.0797854 0.0602681 0.54866 0.142113
0.0385258 0.421436 0.107636 9.9991E-05 0.179125 0.253177
0.092199 0.164665 0.143273 0.029452 0.401667 0.168743
0.135699 0.327134 0.196151 9.9991E-05 0.237934 0.102982
0.00349705 0.202565 0.0349556 0.0154663 0.545342 0.198175
9.9982E-05 0.289444 0.156471 9.9982E-05 0.356668 0.197217
0.0588057 0.137193 9.9982E-05 9.9982E-05 0.553931 0.249871
0.0484675 0.0239433 9.9991E-05 0.0534599 0.0387292 0.8353
9.9982E-05 0.00277823 0.0585283 0.0231626 9.9982E-05 0.915331
0.030062 9.9973E-05 9.9973E-05 0.00188142 9.9973E-05 0.967757
9.9973E-05 9.9973E-05 9.9973E-05 0.0395534 0.0177734 0.942373
9.9982E-05 0.0383708 9.9982E-05 0.060558 0.0276602 0.873211
9.9973E-05 0.0322873 0.0598868 9.9973E-05 9.9973E-05 0.907526
9.9973E-05 9.9973E-05 0.0581351 9.9973E-05 0.0465507 0.895014
9.9982E-05 0.0841475 0.00479525 9.9982E-05 0.0339632 0.876894
0.0143685 9.9982E-05 0.0174729 9.9982E-05 0.0545842 0.913374
9.9982E-05 9.9982E-05 0.0655934 0.0519697 0.00505557 0.877181
0.103863 0.047554 9.9982E-05 0.25123 9.9982E-05 0.597153
0.0703676 9.9982E-05 0.00135087 0.33104 9.9982E-05 0.597042
0.0283967 0.157538 9.9982E-05 0.286612 9.9982E-05 0.527254
0.112492 0.0295602 9.9982E-05 0.347929 9.9982E-05 0.509819
0.28382 9.9982E-05 9.9982E-05 0.158528 0.528084 0.0293679
0.38877 9.9982E-05 9.9982E-05 0.0857762 0.484406 0.0408477
0.152667 0.0100569 0.0528502 0.257195 0.516738 0.0104932
0.269785 0.0221783 9.9991E-05 0.218644 0.450042 0.0392517
0.209442 9.9982E-05 0.000483692 0.628292 0.161582 9.9982E-05
0.197944 0.0804252 0.048369 0.066905 0.598173 0.00818378
0.289286 0.00968137 9.9982E-05 0.119193 0.58164 9.9982E-05
0.228438 0.0619303 9.9982E-05 0.138801 0.570631 9.9982E-05
0.556621 0.0463547 0.0345567 0.0275214 0.334847 9.9991E-05
0.144037 0.0526286 0.0659886 0.0960374 0.633862 0.00744617
0.369978 0.0213703 9.9982E-05 0.184938 0.423513 9.9982E-05
0.743221 0.137453 9.9973E-05 0.119026 9.9973E-05 9.9973E-05
0.168142 0.0916294 0.024766 0.161295 0.511593 0.0425746
0.501898 0.234869 9.9982E-05 0.0488484 0.214185 9.9982E-05
0.449716 0.0511315 0.040516 9.9991E-05 0.442678 0.0158591
0.704084 9.9982E-05 9.9982E-05 0.185298 0.0545001 0.0559175
0.0215573 0.130142 9.9982E-05 0.738867 9.9982E-05 0.109234
9.9991E-05 0.143442 0.00739245 0.695104 0.0485193 0.105443
9.9973E-05 0.09187 9.9973E-05 0.864132 9.9973E-05 0.0436985
0.0551962 0.0701688 9.9982E-05 0.766922 9.9982E-05 0.107513
9.9991E-05 0.0893546 0.0479987 0.840938 0.0127325 0.00887582
9.9991E-05 0.0219224 0.0181138 0.812923 0.0830251 0.0639153
9.9973E-05 9.9973E-05 0.0101336 9.9973E-05 0.0966416 0.892925
9.9982E-05 9.9982E-05 0.0974911 0.0442471 0.0618835 0.796178
9.9973E-05 9.9973E-05 0.120675 9.9973E-05 0.117209 0.761817
9.9973E-05 9.9973E-05 0.176364 0.0929274 9.9973E-05 0.730408
9.9982E-05 9.9982E-05 0.12064 0.0437546 0.0596484 0.775757
0.0377958 0.0377738 9.9982E-05 0.498083 9.9982E-05 0.426147
0.0717489 0.0706194 9.9982E-05 0.371173 9.9982E-05 0.486259
0.138626 9.9973E-05 9.9973E-05 0.431101 9.9973E-05 0.429973
9.9982E-05 9.9982E-05 0.018871 0.0174238 0.149882 0.813623
0.118173 0.0448541 9.9982E-05 0.445925 9.9982E-05 0.390847
9.9982E-05 0.16997 0.348858 9.9982E-05 0.289419 0.191554
0.0400648 0.0177237 0.185056 0.0788027 0.583084 0.0952698
9.9973E-05 9.9973E-05 0.302759 9.9973E-05 0.526844 0.170097
0.0637085 0.111232 0.267079 9.9991E-05 0.348537 0.209343
9.9991E-05 0.0828814 0.119924 0.0893112 0.519093 0.188691
9.9973E-05 0.277534 0.311577 9.9973E-05 9.9973E-05 0.410589
0.103161 0.0570928 9.9982E-05 0.386526 0.453021 9.9982E-05
0.127473 0.266867 0.0202353 0.193476 0.391848 9.9991E-05
0.0562245 9.9982E-05 9.9982E-05 0.45219 0.382191 0.109195
0.119504 0.239727 9.9982E-05 0.1176 0.522969 9.9982E-05
0.172199 0.622322 9.9973E-05 0.205179 9.9973E-05 9.9973E-05
0.110291 0.0280767 9.9991E-05 0.154357 0.562492 0.144683
0.0489722 0.176697 0.0355586 0.18436 0.554312 9.9991E-05
0.119402 0.00706233 9.9991E-05 0.440041 0.386159 0.0472353
0.0857413 0.0763789 0.0587048 0.181821 0.557456 0.0398981
0.199177 0.408746 9.9982E-05 0.262914 0.128964 9.9982E-05
0.0665752 0.169804 0.06278 0.16096 0.539781 9.9991E-05
0.112623 9.9982E-05 0.0857384 0.339622 0.461816 9.9982E-05
0.0842891 0.150805 0.186171 0.0311351 0.416156 0.131444
0.0337408 0.234728 9.9982E-05 0.235776 0.495556 9.9982E-05
0.0797458 0.145552 0.0435421 0.276248 0.454812 9.9991E-05
0.123474 0.182459 0.0389841 0.0939777 0.561006 9.9991E-05
0.137505 0.151828 0.0504227 0.123792 0.536352 9.9991E-05
0.0725684 0.0684745 0.0813717 0.1303 0.647186 9.9991E-05
0.107018 0.0385691 0.0577692 0.206907 0.541005 0.0487321
0.0432117 0.0455432 0.057097 0.174649 0.568046 0.111454
9.9973E-05 9.9973E-05 0.107764 9.9973E-05 0.0861327 0.805803
9.9982E-05 0.0189974 0.0184233 9.9982E-05 0.122678 0.839702
9.9982E-05 0.101717 9.9982E-05 0.0742161 0.069013 0.754854
0.0994396 0.00436913 0.0351641 0.0134644 9.9991E-05 0.847463
9.9964E-05 9.9964E-05 9.9964E-05 9.9964E-05 0.177294 0.822306
0.0869021 0.0684748 0.0871733 0.594743 0.162607 9.9991E-05
0.234257 0.0449382 0.0513385 0.0858416 0.522213 0.0614123
0.0814956 0.137618 0.0861644 9.9991E-05 0.448826 0.245796
0.035861 0.0171767 0.061664 0.214971 0.626173 0.0441543
0.156492 9.9982E-05 9.9982E-05 0.257073 0.536228 0.0500068
0.0267473 0.21987 0.10181 0.332926 0.318547 9.9991E-05
0.110769 0.121151 9.9982E-05 0.649093 9.9982E-05 0.118788
0.122819 9.9982E-05 0.0554737 0.308023 0.513484 9.9982E-05
0.124958 0.0764821 9.9991E-05 0.478504 0.225972 0.093984
0.181423 0.112063 0.0836382 0.172087 0.406157 0.0446329
0.103673 0.0839037 0.0416481 0.514461 0.120445 0.135869
9.9991E-05 0.0659148 0.0577143 0.180658 0.613098 0.0825148
0.133049 0.0169763 0.030271 0.53988 0.214744 0.0650797
0.0766944 0.127713 0.092251 0.378553 0.301129 0.0236599
0.0950741 0.197128 9.9991E-05 0.159108 0.487204 0.0613855
9.9973E-05 0.562154 9.9973E-05 0.1238 0.313746 9.9973E-05
0.00978699 0.273434 9.9991E-05 0.084449 0.572345 0.0598846
0.0812271 0.143184 0.0228487 0.116875 0.536679 0.0991859
0.0730824 0.476727 9.9982E-05 0.115309 0.334682 9.9982E-05
0.0918408 0.141706 9.9991E-05 0.0575875 0.585035 0.123731
0.0134499 0.334317 9.9982E-05 0.0622483 0.589785 9.9982E-05
0.156669 0.626773 9.9982E-05 0.0902415 0.126116 9.9982E-05
0.0440402 0.620377 9.9973E-05 9.9973E-05 0.335283 9.9973E-05
9.9973E-05 0.38836 9.9973E-05 0.061724 0.549616 9.9973E-05
0.149188 0.546782 9.9982E-05 0.129798 0.174031 9.9982E-05
0.092695 0.267423 9.9982E-05 0.123763 0.515919 9.9982E-05
0.161289 0.0502713 0.00939943 0.647365 0.122744 0.00893104
0.136797 0.259475 9.9982E-05 0.354522 0.249006 9.9982E-05
0.174064 9.9982E-05 0.047964 0.441607 0.336166 9.9982E-05
0.118732 9.9991E-05 0.124213 0.147278 0.601361 0.00831616
0.156122 0.0151292 0.0338912 0.580961 0.213796 9.9991E-05
0.110739 0.0671326 0.0360347 0.252205 0.453716 0.0801727
0.00800723 0.039257 0.120389 0.229337 0.599153 0.00385638
0.116761 0.0298775 0.0328337 0.318097 0.492778 0.00965328
0.108381 9.9982E-05 0.175365 0.287524 0.42853 9.9982E-05
0.138509 9.9982E-05 0.0592053 0.399452 0.402634 9.9982E-05
0.182299 9.9982E-05 0.0662398 0.531848 0.219413 9.9982E-05
0.126148 0.0467969 0.119727 0.451983 0.255246 9.9991E-05
0.107961 0.047656 0.0308634 0.234206 0.579213 9.9991E-05
0.0208773 0.0778643 9.9991E-05 0.213354 0.634245 0.0535592
0.112908 0.189337 0.0755375 0.305039 0.317079 9.9991E-05
0.0686712 0.0734353 0.0538694 0.205576 0.598348 9.9991E-05
0.0449918 0.0199178 0.0513703 0.407482 0.386934 0.0893049
0.13296 0.0206157 9.9982E-05 0.22128 0.624944 9.9982E-05
0.117604 0.0162112 0.0792335 0.264568 0.522283 9.9991E-05
0.141781 0.0632306 0.14757 0.135518 0.445192 0.0667083
0.0398792 0.0326343 0.107342 0.0308663 0.422055 0.367223
0.108298 0.0725485 0.173804 9.9991E-05 0.451134 0.194115
9.9991E-05 0.0868397 0.136076 0.128131 0.554699 0.0941541
0.103191 9.9991E-05 0.0514526 0.0735929 0.665786 0.105878
0.100448 0.0697577 0.168419 9.9991E-05 0.470851 0.190424
0.0390727 0.255958 0.000760712 0.162814 0.541294 9.9991E-05
0.055994 0.0422575 0.154437 0.0548834 0.516785 0.175643
0.0989354 0.531602 0.145461 9.9982E-05 9.9982E-05 0.223802
9.9991E-05 0.150307 0.197135 0.141269 0.492267 0.0189219
0.0489118 9.9991E-05 0.157567 0.0327003 0.611772 0.148949
0.120852 0.127824 0.242789 0.0468761 0.402229 0.0594293
0.0900973 0.263756 0.084235 0.0428154 0.319462 0.199635
0.112595 0.0710619 0.127897 0.000252241 0.491631 0.196563
0.00773411 0.143902 0.145559 9.9991E-05 0.585439 0.117266
9.9973E-05 0.307562 0.200419 9.9973E-05 9.9973E-05 0.491719
0.0326091 0.0246327 0.125523 0.00354551 0.614093 0.199597
0.0604567 0.0896502 0.255003 9.9991E-05 0.458818 0.135973
0.158983 0.0982874 0.0244261 9.9991E-05 0.6045 0.113704
9.9991E-05 0.0912612 0.115809 0.0139095 0.592483 0.186437
0.0847568 0.0336965 0.210992 0.109585 0.500474 0.0604956
0.0840529 0.321537 0.0731709 0.0759065 0.431335 0.0139974
0.147857 0.189568 0.149669 0.0690836 0.425331 0.0184906
0.351899 0.487366 9.9982E-05 0.104812 0.0557227 9.9982E-05
0.264265 0.583533 9.9982E-05 0.0759848 0.0760174 9.9982E-05
0.0426885 0.179726 0.0748692 0.0632107 0.620618 0.0188875
9.9982E-05 0.24492 0.271166 9.9982E-05 0.406848 0.0768663
0.0417295 0.192182 0.297915 9.9991E-05 0.372899 0.0951746
9.9991E-05 0.29368 0.285707 0.0248833 0.200718 0.194913
0.0923786 0.13922 0.304538 0.022887 0.298229 0.142747
9.9982E-05 0.705153 0.0414779 9.9982E-05 0.235036 0.0181332
0.00862224 0.566104 0.0544514 9.9991E-05 0.297353 0.073369
0.1531 0.17121 0.131814 0.0190574 0.524719 9.9991E-05
0.104166 0.235494 0.10637 9.9991E-05 0.516054 0.037816
0.0369965 0.481122 0.0573046 0.027589 0.339763 0.0572246
0.0379081 0.164035 0.153515 0.145587 0.481436 0.0175186
0.0308967 0.307571 0.116859 0.0241477 0.520426 9.9991E-05
0.0507813 0.154557 0.0489174 0.108066 0.574237 0.0634422
0.17076 0.310558 9.9982E-05 0.107424 0.411058 9.9982E-05
0.166597 0.252512 0.0312349 0.114302 0.435255 9.9991E-05
0.121854 0.17343 9.9982E-05 0.0702929 0.634223 9.9982E-05
0.13959 0.260876 0.0758112 0.106415 0.417207 9.9991E-05
0.0533869 0.237437 0.085536 0.0767228 0.435835 0.111082
0.0541132 0.400319 9.9982E-05 0.0136877 0.53168 9.9982E-05
0.182071 0.491398 9.9982E-05 0.0203207 0.30601 9.9982E-05
0.112157 0.278439 9.9973E-05 9.9973E-05 0.609104 9.9973E-05
0.237668 0.481013 9.9973E-05 9.9973E-05 0.281019 9.9973E-05
0.0618276 0.420777 9.9982E-05 0.00891429 0.508281 9.9982E-05
0.207316 0.127243 0.141763 9.9982E-05 0.523478 9.9982E-05
0.166093 0.173775 0.0525937 0.094767 0.490059 0.0227118
9.9991E-05 0.103472 0.0689767 0.01601 0.656403 0.155038
9.9991E-05 0.117857 0.175099 0.090179 0.449979 0.166786
0.0158498 0.101178 0.267758 0.157297 0.324863 0.133055
0.0778372 0.203377 0.202518 0.0767109 0.301706 0.137851
0.0839743 0.0845751 0.260109 0.137256 0.356333 0.077753
0.0546396 0.139625 0.0824593 0.0288875 0.500257 0.194131
0.0473256 0.59804 0.182902 0.0333163 9.9991E-05 0.138317
9.9982E-05 0.121881 0.157425 9.9982E-05 0.639349 0.081145
9.9973E-05 0.548009 0.0894839 9.9973E-05 9.9973E-05 0.362207
0.0125118 0.205005 0.250247 9.9991E-05 0.471718 0.0604185
0.297154 0.558126 9.9973E-05 9.9973E-05 0.14442 9.9973E-05
0.333866 0.600388 9.9973E-05 0.0654463 9.9973E-05 9.9973E-05
0.172626 0.272381 9.9982E-05 0.0214832 0.53331 9.9982E-05
0.076624 0.238068 9.9982E-05 9.9982E-05 0.684236 0.00087266
0.144183 0.360487 9.9982E-05 0.0617819 0.433348 9.9982E-05
0.310012 0.13411 9.9991E-05 0.00988184 0.542158 0.00373798
0.0978121 0.302677 9.9973E-05 9.9973E-05 0.599211 9.9973E-05
0.0174428 0.017249 0.0150779 0.0305483 0.0786329 0.841049
9.9982E-05 0.0252767 0.106836 0.156486 9.9982E-05 0.711202
9.9973E-05 9.9973E-05 0.0821114 0.0320897 9.9973E-05 0.885499
9.9964E-05 9.9964E-05 9.9964E-05 9.9964E-05 0.0700589 0.929541
0.4237 0.0104067 0.106464 0.0244038 0.345166 0.0898604
0.444458 9.9982E-05 0.125714 9.9982E-05 0.365943 0.0636845
0.473074 9.9982E-05 9.9982E-05 0.000222666 0.521211 0.0052933
0.25821 0.0728392 0.012574 0.105789 0.459315 0.0912721
0.230858 0.150115 0.0704348 0.054089 0.494403 9.9991E-05
0.701263 0.0628637 0.0451231 0.0613611 0.120566 0.00882284
0.41998 9.9973E-05 0.00618863 9.9973E-05 0.573531 9.9973E-05
0.480466 0.165959 9.9982E-05 9.9982E-05 0.331686 0.0216899
0.0166696 9.9991E-05 0.0658679 0.0770256 0.560587 0.27975
0.392913 0.0860857 0.0553852 0.0462344 0.419282 9.9991E-05
0.510537 9.9973E-05 9.9973E-05 0.13592 0.353243 9.9973E-05
0.4266 0.00585529 9.9982E-05 0.0585848 0.50876 9.9982E-05
0.58104 9.9991E-05 0.00597221 0.0625274 0.329363 0.0209973
0.448245 9.9973E-05 0.0498343 9.9973E-05 0.501621 9.9973E-05
0.346519 9.9991E-05 0.03462 0.0558644 0.500374 0.0625223
0.882983 0.0561881 9.9973E-05 9.9973E-05 0.0605289 9.9973E-05
0.499015 0.176284 0.0107105 0.0118796 0.265469 0.0366413
0.59191 0.0387689 0.00492546 0.0353955 0.302209 0.0267915
0.732849 0.266751 9.9964E-05 9.9964E-05 9.9964E-05 9.9964E-05
0.337566 0.0345587 9.9991E-05 0.141503 0.43013 0.0561417
0.585245 0.312453 0.0093723 9.9982E-05 0.0927296 9.9982E-05
0.708819 0.287474 9.9973E-05 9.9973E-05 9.9973E-05 0.0034071
0.339018 9.9991E-05 0.0369489 0.0138847 0.55572 0.0543288
0.703142 0.0309471 0.00831587 0.104203 0.134714 0.0186772
0.394415 9.9991E-05 0.0922105 0.126305 0.378325 0.00864471
0.276758 0.00282609 0.0608144 9.9991E-05 0.522789 0.136713
0.31709 9.9973E-05 9.9973E-05 0.149939 0.532672 9.9973E-05
0.091814 0.185955 0.0320027 0.32446 0.365668 9.9991E-05
0.292239 0.0759681 9.9982E-05 0.0674196 0.564174 9.9982E-05
0.426327 9.9982E-05 9.9982E-05 0.109094 0.41331 0.051069
0.626252 0.0585299 9.9982E-05 0.0246743 0.290344 9.9982E-05
0.337623 0.0365288 0.0360341 0.0460811 0.488858 0.0548749
9.9973E-05 0.0498284 9.9973E-05 0.31065 9.9973E-05 0.639222
9.9982E-05 0.0390678 9.9982E-05 0.115742 0.0900476 0.754942
9.9973E-05 0.0312198 9.9973E-05 0.149619 9.9973E-05 0.818861
9.9973E-05 0.0617596 9.9973E-05 0.131239 9.9973E-05 0.806701
9.9982E-05 0.00833615 9.9982E-05 0.220782 0.0372022 0.73348
0.799738 9.9982E-05 0.0406943 0.117761 9.9982E-05 0.0416064
0.630866 0.03437 9.9991E-05 0.144679 0.134002 0.0559826
0.791787 0.0872903 0.0149741 9.9982E-05 0.105749 9.9982E-05
0.17957 0.0499642 0.0839129 0.0153498 0.587911 0.0832919
0.281193 0.0646897 0.0771208 9.9991E-05 0.450313 0.126584
0.561615 0.121753 0.0341855 9.9991E-05 0.260509 0.0218382
0.457459 0.00808953 0.110057 9.9982E-05 0.424195 9.9982E-05
0.571614 0.0228547 0.0756633 9.9991E-05 0.317267 0.0125014
0.281794 0.0487699 9.9991E-05 0.0509739 0.582409 0.0359537
0.354339 0.0427745 0.033839 0.0633908 0.505557 9.9991E-05
0.715922 9.9982E-05 0.0513564 0.0886402 0.143881 9.9982E-05
0.64956 9.9982E-05 9.9982E-05 0.025184 0.320969 0.00408754
0.623626 9.9982E-05 0.00467161 0.0814114 0.290091 9.9982E-05
0.0367352 0.1036 9.9991E-05 0.0843014 0.676498 0.0987662
0.577852 9.9982E-05 9.9982E-05 0.042134 0.328616 0.0511979
0.428638 9.9991E-05 0.0399615 0.0724396 0.403633 0.0552277
0.0441483 9.9991E-05 0.480773 0.033344 0.408106 0.0335282
0.0359266 0.0772622 0.447676 9.9991E-05 0.348694 0.0903414
9.9982E-05 0.00280706 0.40593 9.9982E-05 0.498138 0.0929251
9.9982E-05 0.0539722 0.44138 9.9982E-05 0.334331 0.170117
9.9991E-05 0.111552 0.276309 0.0127606 0.490636 0.108642
0.335196 0.138715 9.9982E-05 9.9982E-05 0.519058 0.00683114
9.9982E-05 0.0523232 0.651163 9.9982E-05 0.0580654 0.238248
0.0341835 9.9991E-05 0.441358 0.0149201 0.323037 0.186401
0.0548803 0.276894 0.181942 9.9991E-05 0.380335 0.105849
9.9973E-05 0.292656 9.9973E-05 9.9973E-05 0.550737 0.156308
9.9991E-05 0.287508 0.0395207 0.0744251 0.455287 0.143159
9.9991E-05 0.171943 0.0243312 0.0736975 0.615916 0.114012
0.0689891 0.141056 0.0144932 0.0878308 0.592648 0.0949826
0.0219422 9.9982E-05 0.453423 9.9982E-05 0.330001 0.194433
9.9991E-05 0.024165 0.405282 0.0968853 0.401404 0.0721642
9.9973E-05 9.9973E-05 0.533884 9.9973E-05 0.444984 0.020832
9.9982E-05 0.0766349 0.298368 9.9982E-05 0.491557 0.13324
9.9982E-05 0.0837255 0.507823 9.9982E-05 0.285315 0.122936
0.0625338 0.0861387 0.243064 9.9991E-05 0.415208 0.192955
9.9991E-05 0.0438494 0.490198 0.0172347 0.302036 0.146582
0.0144375 0.131009 0.36151 0.0555126 0.31728 0.120251
0.0763297 0.253282 9.9982E-05 9.9982E-05 0.597069 0.073119
0.0284532 0.0700495 0.300311 0.0294446 0.424744 0.146997
9.9982E-05 0.0694197 0.602055 9.9982E-05 0.175122 0.153203
0.00281458 0.0842748 0.418548 0.091122 0.291429 0.111812
0.0563348 0.303359 9.9991E-05 0.20932 0.274395 0.156491
0.03608 0.180585 0.172811 0.103739 0.506685 9.9991E-05
0.0203655 9.9991E-05 0.291671 0.10533 0.415 0.167534
9.9982E-05 0.181752 9.9982E-05 0.136758 0.609111 0.0721791
0.0824605 0.227924 0.000913239 9.9991E-05 0.537897 0.150705
0.180067 0.010284 0.253016 0.00584588 0.349229 0.201558
9.9982E-05 0.147714 0.312421 9.9982E-05 0.324659 0.215006
0.14003 0.106302 0.165583 9.9991E-05 0.532691 0.0552939
0.120649 9.9991E-05 0.384036 0.0642245 0.350042 0.080948
9.9973E-05 9.9973E-05 0.403616 9.9973E-05 0.479904 0.11618
9.9982E-05 0.0449125 0.640018 9.9982E-05 0.10734 0.207529
9.9991E-05 0.149767 0.090102 0.0933206 0.652778 0.0139329
0.0734691 0.192643 9.9991E-05 0.113247 0.500733 0.119808
9.9973E-05 0.658411 9.9973E-05 9.9973E-05 0.244314 0.0969749
0.0445487 0.0864535 0.0752198 0.0665615 0.560541 0.166675
9.9991E-05 0.16381 0.0493442 0.316172 0.410906 0.0596684
0.111677 0.0859267 0.150265 9.9991E-05 0.438537 0.213495
0.0651654 0.166029 0.12537 0.156949 0.385134 0.101353
9.9973E-05 0.531416 0.194378 9.9973E-05 9.9973E-05 0.273906
9.9973E-05 0.603089 0.135734 9.9973E-05 9.9973E-05 0.260877
9.9991E-05 0.393698 0.0635737 0.0414155 0.35536 0.145853
9.9982E-05 0.436947 0.192326 9.9982E-05 0.0267781 0.343748
9.9973E-05 0.354735 0.20633 9.9973E-05 9.9973E-05 0.438635
9.9982E-05 0.371672 0.0770345 9.9982E-05 0.44617 0.104923
0.0973075 0.126619 0.0925342 9.9991E-05 0.465404 0.218035
0.00702863 0.302124 0.156451 0.0592161 0.204888 0.270292
9.9982E-05 0.511796 0.135059 9.9982E-05 0.0711214 0.281823
0.0292996 0.225453 0.141805 9.9991E-05 0.514688 0.0886544
0.0700112 0.444997 0.132688 9.9991E-05 0.198777 0.153427
9.9973E-05 0.543946 0.0472322 9.9973E-05 9.9973E-05 0.408522
9.9991E-05 0.149041 0.0727564 0.00725853 0.59331 0.177534
9.9991E-05 0.207436 0.268433 0.00201544 0.347467 0.174549
0.0557306 0.00249122 0.169541 9.9991E-05 0.426238 0.3459
9.9982E-05 9.9982E-05 0.277435 0.0109013 0.561426 0.150038
0.190622 0.00245906 0.20274 0.000775096 0.465611 0.137793
0.0291246 0.109886 0.227063 9.9991E-05 0.46709 0.166737
9.9991E-05 0.0978392 0.216046 0.00548889 0.364239 0.316287
9.9991E-05 0.03621 0.0968205 0.0154418 0.608975 0.242453
9.9982E-05 9.9982E-05 0.247989 0.0512619 0.453743 0.246806
0.0704667 0.149596 0.250558 9.9991E-05 0.287704 0.241576
0.254825 0.0399464 0.131588 0.0969618 0.270404 0.206274
0.00962641 9.9991E-05 0.0830165 0.11459 0.621526 0.171142
0.222136 0.00816872 0.110774 9.9991E-05 0.479905 0.178916
0.201484 9.9982E-05 0.05655 9.9982E-05 0.585879 0.155887
9.9991E-05 0.0552833 0.257894 0.0737178 0.362781 0.250224
0.0234619 0.0664494 0.138694 9.9991E-05 0.558607 0.212688
0.0272734 0.229551 0.185291 9.9991E-05 0.194266 0.363519
0.055415 9.9991E-05 0.190287 0.0496594 0.516482 0.188057
0.0323758 0.240425 0.343455 9.9991E-05 0.167024 0.216621
0.0280784 0.0654121 9.9982E-05 0.117688 9.9982E-05 0.788621
0.0324055 0.0564843 0.0355318 0.754583 0.0460155 0.07498
9.9964E-05 9.9964E-05 9.9964E-05 0.974918 9.9964E-05 0.0246821
9.9964E-05 9.9964E-05 9.9964E-05 0.969913 9.9964E-05 0.0296871
9.9973E-05 9.9973E-05 0.0180112 0.918457 0.0632318 9.9973E-05
9.9964E-05 9.9964E-05 9.9964E-05 0.927645 0.0719553 9.9964E-05
9.9964E-05 9.9964E-05 9.9964E-05 0.90739 0.0922105 9.9964E-05
9.9964E-05 9.9964E-05 9.9964E-05 0.93593 9.9964E-05 0.0636699
9.9964E-05 9.9964E-05 9.9964E-05 0.812139 9.9964E-05 0.187462
9.9982E-05 0.0223105 0.030038 0.0414325 9.9982E-05 0.906019
9.9991E-05 0.00342775 0.0310007 0.117802 0.0523219 0.795348
0.0227552 9.9973E-05 9.9973E-05 9.9973E-05 0.0853428 0.891602
9.9982E-05 0.101203 9.9982E-05 0.0845748 0.00830004 0.805723
0.0062842 9.9991E-05 0.0549049 0.0390383 0.00673404 0.892939
9.9973E-05 9.9973E-05 0.000746981 0.0881381 9.9973E-05 0.910815
9.9982E-05 0.0217701 0.132584 0.0776073 9.9982E-05 0.767838
0.0205086 0.00550324 0.0911335 9.9991E-05 0.00445515 0.8783
0.078062 0.00194311 0.0620732 0.109133 0.0417951 0.706994
0.00547929 0.00714806 0.0747533 9.9982E-05 9.9982E-05 0.912419
0.0118384 9.9973E-05 9.9973E-05 0.0159761 9.9973E-05 0.971886
0.0242194 0.0353419 0.0681559 0.0380606 0.0159293 0.818293
9.9982E-05 9.9982E-05 0.00325747 0.0466592 0.0050184 0.944865
9.9982E-05 0.0169156 0.0329636 9.9982E-05 0.0616182 0.888303
9.9973E-05 9.9973E-05 0.0315277 9.9973E-05 0.0846057 0.883567
9.9973E-05 9.9973E-05 0.0316135 9.9973E-05 0.139201 0.828885
9.9973E-05 9.9973E-05 0.100764 9.9973E-05 0.0995455 0.79939
9.9973E-05 9.9973E-05 0.088214 9.9973E-05 0.124672 0.786814
0.0168285 9.9982E-05 0.0480473 9.9982E-05 0.122542 0.812382
0.0164854 0.277067 9.9991E-05 0.125094 0.456172 0.125082
0.0684011 0.15992 9.9991E-05 0.0180862 0.657285 0.096208
0.097994 0.0708537 0.0924252 0.0814298 0.540766 0.116531
0.0570906 0.760313 9.9982E-05 9.9982E-05 0.160591 0.0218054
9.9982E-05 0.175258 9.9982E-05 0.127175 0.575675 0.121693
0.00840149 0.651044 9.9991E-05 0.00511943 0.18283 0.152505
9.9982E-05 0.270306 0.0843324 9.9982E-05 0.595905 0.0492563
0.149089 0.21937 9.9991E-05 0.12062 0.438093 0.0727276
0.0919356 0.194575 9.9991E-05 0.100561 0.566815 0.0460135
0.422353 0.00727198 0.00419376 0.0226127 0.49163 0.0519385
0.0805437 0.218787 9.9991E-05 0.169367 0.464099 0.067103
9.9973E-05 0.251195 9.9973E-05 9.9973E-05 0.702825 0.0456808
9.9982E-05 0.19672 9.9982E-05 0.168492 0.589077 0.0455122
0.157537 0.294089 0.0791829 0.434186 0.034905 9.9991E-05
9.9982E-05 0.876688 9.9982E-05 0.102353 0.0168426 0.00391614
9.9982E-05 0.70677 9.9982E-05 0.00488259 0.215321 0.0728263
9.9982E-05 0.117966 9.9982E-05 0.0840027 0.679919 0.117912
9.9982E-05 0.273489 9.9982E-05 0.108599 0.565979 0.0517332
0.136035 0.167373 9.9991E-05 0.0111704 0.566266 0.119056
0.0521912 0.169947 0.0318591 0.0495286 0.641452 0.0550215
0.00837418 0.104127 0.162561 9.9991E-05 0.515701 0.209136
9.9991E-05 0.0325018 0.117365 0.0460113 0.620591 0.183431
0.00644359 0.134595 0.130772 0.146974 0.152876 0.42834
0.0945856 0.109709 9.9991E-05 0.111322 0.568275 0.116009
0.0602544 0.0693479 0.0913558 0.0959621 0.446501 0.236579
9.9973E-05 0.398544 0.18307 9.9973E-05 9.9973E-05 0.418086
0.0479445 0.054364 0.131074 9.9991E-05 0.421766 0.344752
0.0806387 0.0276315 0.169804 0.0960097 0.308707 0.317209
0.026578 9.9991E-05 0.112455 0.0948864 0.417049 0.348931
0.00667595 0.0866167 0.133861 0.0824188 0.560903 0.129524
0.101316 9.9991E-05 0.135527 0.0252833 0.514934 0.222839
0.0113026 0.00970553 0.184641 0.101011 0.594847 0.0984932
0.136314 0.170578 0.208123 9.9991E-05 0.347286 0.137598
0.0449715 9.9991E-05 0.134612 0.0104391 0.311299 0.498579
