9.9964E-05 9.9964E-05 9.9964E-05 0.860722 0.0778482 0.0610302 9.9964E-05
0.0248346 0.0145308 0.0111214 0.909133 0.0401798 9.9982E-05 9.9982E-05
9.9973E-05 9.9973E-05 9.9973E-05 0.761504 0.0342774 0.0552468 0.148672
9.9973E-05 0.0110713 9.9973E-05 0.763222 0.107989 0.117419 9.9973E-05
9.9982E-05 0.00395724 0.010334 0.860535 9.9982E-05 0.031616 0.0933574
0.0648771 0.0256032 0.134316 0.612859 0.0331868 0.0710123 0.0581456
9.9964E-05 0.0143229 0.169955 0.815322 9.9964E-05 9.9964E-05 9.9964E-05
9.9973E-05 0.0570407 0.106299 0.706488 0.129872 9.9973E-05 9.9973E-05
0.0855773 9.99729E-05 0.0374042 0.802368 0.0743509 9.99729E-05 9.99729E-05
9.9982E-05 0.063766 0.0972404 0.676068 9.9982E-05 0.0771221 0.0856034
9.9973E-05 9.9973E-05 0.156677 0.71015 0.0592196 9.9973E-05 0.0736541
0.174162 9.9982E-05 0.0865794 9.9982E-05 0.415639 0.051092 0.272328
0.0470012 9.9991E-05 0.0265621 0.000380058 0.262232 0.0133234 0.650401
0.022216 0.158268 0.0648252 0.01522 0.40366 0.0574658 0.278345
9.9982E-05 0.0875724 0.0660813 9.9982E-05 0.372121 0.154618 0.319407
0.136179 0.0776198 0.0565518 0.112356 0.141461 0.119883 0.355949
0.046118 0.0319757 0.0267862 0.0856629 0.151722 0.112677 0.545058
0.147383 0.039338 0.140707 9.9991E-05 0.159936 0.0677556 0.444781
0.170227 9.9982E-05 9.9982E-05 0.122841 0.280831 0.134128 0.291773
0.068393 0.0860425 0.135824 0.00178638 0.59648 0.0707039 0.0407696
0.098744 0.0631603 0.0535642 0.0132728 0.26994 0.0520519 0.449267
0.0239029 0.0479576 0.238847 0.00997926 0.177118 0.00949399 0.492702
0.108041 9.9991E-05 0.0291607 0.0216227 0.187455 0.127618 0.526002
0.167686 0.0414579 0.0573498 0.00967117 0.290207 0.121404 0.312225
0.141142 9.9991E-05 0.099815 0.0845872 0.0125072 0.0657359 0.596113
0.139561 9.9982E-05 0.0280279 9.9982E-05 0.19516 0.110349 0.526703
0.141307 0.0203385 0.023178 0.0606613 0.482366 0.101108 0.171041
0.0588477 0.0230384 0.074581 0.0385192 0.388004 0.180612 0.236397
0.077975 0.18433 0.120381 9.9982E-05 0.35888 9.9982E-05 0.258234
9.9955E-05 9.9955E-05 9.9955E-05 0.837697 9.9955E-05 9.9955E-05 0.161804
9.9955E-05 9.9955E-05 9.9955E-05 0.845562 9.9955E-05 9.9955E-05 0.153938
0.0313187 9.9964E-05 9.9964E-05 0.793858 9.9964E-05 9.9964E-05 0.174424
0.0652382 9.9973E-05 9.9973E-05 0.741433 9.9973E-05 0.0809048 0.112125
0.237374 0.110975 0.0032842 0.00539252 0.100576 9.9991E-05 0.542298
0.318278 9.9991E-05 0.0166312 0.0249577 0.0933386 0.0692823 0.477412
0.404138 9.9973E-05 9.9973E-05 0.0146023 9.9973E-05 0.033025 0.547934
0.0958253 0.0252601 9.9982E-05 0.130961 0.575182 9.9982E-05 0.172572
0.586354 0.0733017 9.9991E-05 0.0183151 0.00737593 0.0696365 0.244917
0.14909 0.0989485 9.9991E-05 0.128343 0.0789499 0.0542502 0.490318
0.207605 9.9982E-05 0.0792923 0.0061359 9.9982E-05 0.0494755 0.657292
0.145287 9.9991E-05 0.214195 0.012528 0.00962765 0.0479573 0.570305
0.0830555 9.9982E-05 0.0471225 0.0987489 0.0820488 9.9982E-05 0.688824
0.711549 9.9982E-05 0.00554212 0.0591489 0.085389 9.9982E-05 0.138171
0.0576569 9.9991E-05 0.226785 0.0340603 0.0214389 0.0455344 0.614425
0.254333 9.9991E-05 0.0237869 0.0581498 0.0205338 0.158916 0.48418
0.16692 0.0706262 9.9991E-05 0.0932456 0.0555828 0.0253006 0.588225
0.656473 0.0765208 9.9964E-05 9.9964E-05 9.9964E-05 9.9964E-05 0.266606
0.225823 9.9982E-05 9.9982E-05 0.0366515 0.0707129 0.0835581 0.583054
0.240538 0.0976945 0.00578983 0.0723568 9.9991E-05 0.151452 0.432069
0.653864 0.046066 0.23211 0.0676602 9.9973E-05 9.9973E-05 9.9973E-05
0.204958 0.0792446 0.115351 9.9991E-05 0.408977 0.00984737 0.181522
0.149999 0.145417 0.423194 9.9982E-05 0.187272 9.9982E-05 0.0939169
0.0696376 0.00201872 0.103613 0.0798147 0.152364 0.0241627 0.568389
0.0185678 0.0673628 0.13059 0.11187 9.9982E-05 9.9982E-05 0.671409
0.0826141 9.9982E-05 0.120897 9.9982E-05 0.0699636 0.0389646 0.687361
0.144437 0.0304264 0.157299 0.0949578 0.396206 9.9991E-05 0.176573
0.132078 0.0464428 9.9982E-05 9.9982E-05 0.220035 0.0391063 0.562138
0.155392 0.0290329 0.0442729 0.0224518 0.15579 0.0774922 0.515569
0.238081 0.114688 0.0649159 0.102929 0.108731 0.0545098 0.316146
0.112672 0.00330221 0.251399 0.16064 0.321039 0.05159 0.0993575
0.0817268 0.00529205 0.0667858 0.0783452 0.143356 0.0111705 0.613324
0.0780526 0.11817 0.0171307 0.129732 0.190822 9.9991E-05 0.465992
0.164582 0.0489228 0.161598 0.0254816 0.517419 9.9991E-05 0.0818958
0.148006 0.035111 0.0979243 9.9982E-05 0.205481 9.9982E-05 0.513277
9.9991E-05 0.181799 0.0631293 0.0240143 0.0200449 0.0379866 0.672926
0.00459886 0.100745 0.0785749 0.0526297 0.148848 0.0229231 0.591681
0.147535 0.0101477 0.167406 0.0261753 0.329312 0.0486989 0.270726
0.190846 0.0900533 0.0688411 0.00980223 0.117882 0.036713 0.485862
0.0636377 0.0457937 0.103441 0.0704538 0.168325 0.0182091 0.530139
0.203092 0.0416173 0.119146 0.0157608 0.379897 9.9991E-05 0.240387
0.472123 9.9973E-05 0.0136811 9.9973E-05 0.0232366 9.9973E-05 0.49066
0.720356 9.9973E-05 9.9973E-05 0.0335287 0.107809 9.9973E-05 0.138007
0.118454 0.0130435 0.041599 0.0429933 0.112842 0.104521 0.566547
0.854242 9.9964E-05 0.121812 9.9964E-05 9.9964E-05 0.0235465 9.9964E-05
0.825879 0.076765 0.0387458 9.9973E-05 0.0583105 9.9973E-05 9.9973E-05
0.758798 9.9964E-05 9.9964E-05 9.9964E-05 9.9964E-05 0.0755254 0.165277
0.523328 9.9982E-05 9.9982E-05 0.053026 0.0299662 0.0438848 0.349595
0.199795 0.117127 9.9982E-05 0.0759068 0.0917299 9.9982E-05 0.515241
0.537117 0.0167645 9.9982E-05 9.9982E-05 0.047444 0.077755 0.320719
0.613599 9.9973E-05 9.9973E-05 9.9973E-05 0.166574 0.0978331 0.121695
0.51605 9.9973E-05 9.9973E-05 0.0138929 0.238215 9.9973E-05 0.231542
0.196172 0.0098055 0.0378693 0.0298422 0.148879 0.0808792 0.496552
0.69688 9.9982E-05 9.9982E-05 0.0156122 0.000375152 0.112203 0.174729
0.411866 0.0299115 0.0067633 0.0711296 0.041506 9.9991E-05 0.438724
0.569544 9.9964E-05 0.0477116 9.9964E-05 9.9964E-05 9.9964E-05 0.382344
0.760985 0.0717487 0.154232 9.9973E-05 0.0127343 9.9973E-05 9.9973E-05
0.245172 9.9991E-05 0.082029 0.0149242 0.0307456 0.132817 0.494212
9.9973E-05 9.9973E-05 9.9973E-05 0.808426 0.0593389 0.00950772 0.122428
9.9955E-05 9.9955E-05 9.9955E-05 0.892432 9.9955E-05 9.9955E-05 0.107068
9.9964E-05 9.9964E-05 9.9964E-05 0.879139 9.9964E-05 0.0361935 0.0842675
0.0576294 9.9982E-05 0.010464 0.879291 9.9982E-05 0.0137457 0.0386699
0.0285671 9.9973E-05 9.9973E-05 0.881079 9.9973E-05 0.0132219 0.0768322
9.9973E-05 0.0584993 9.9973E-05 0.830297 9.9973E-05 0.0876178 0.0232859
0.0411965 9.9964E-05 9.9964E-05 0.932323 9.9964E-05 9.9964E-05 0.0260806
0.269956 9.9982E-05 9.9982E-05 0.122523 0.0520554 0.0363421 0.518923
0.153526 0.0385657 9.9991E-05 0.069191 0.0849523 0.103482 0.550183
0.784326 0.0190146 9.9982E-05 0.0481902 0.0927672 9.9982E-05 0.0555021
0.1254 9.9991E-05 0.167956 0.0274193 0.0518341 0.105687 0.521603
0.421094 9.9973E-05 9.9973E-05 0.0294565 0.0902531 9.9973E-05 0.458897
0.312872 0.073459 9.9973E-05 0.0613486 9.9973E-05 9.9973E-05 0.55202
0.141116 0.170986 0.00623102 0.0679891 0.0628249 9.9991E-05 0.550752
0.428091 0.0980702 9.9973E-05 9.9973E-05 9.9973E-05 0.0608779 0.412661
0.719909 9.9973E-05 0.0213228 0.065682 0.192786 9.9973E-05 9.9973E-05
0.1724 9.9991E-05 0.149497 0.0531867 0.0178692 0.0307945 0.576153
0.230612 0.00439062 0.0123989 0.0263464 0.0767717 9.9991E-05 0.649381
0.110187 0.0706855 0.0201141 0.0279882 0.163193 0.116918 0.490914
0.625622 0.0400669 0.0327951 0.000961213 9.9982E-05 9.9982E-05 0.300355
0.433607 0.058756 9.9964E-05 9.9964E-05 9.9964E-05 9.9964E-05 0.507237
0.412621 0.0115405 0.0112055 9.9982E-05 0.0866904 9.9982E-05 0.477743
0.611534 0.00143401 9.9973E-05 9.9973E-05 9.9973E-05 0.0975407 0.289192
0.49931 9.9964E-05 9.9964E-05 0.0863911 9.9964E-05 9.9964E-05 0.4139
0.325749 9.99731E-05 9.99731E-05 0.113048 0.114389 9.99731E-05 0.446514
9.9991E-05 0.317148 0.0557632 0.0644006 0.309895 0.00442454 0.248269
0.0520014 9.9991E-05 0.0577647 0.123057 0.29636 0.0391889 0.431528
0.000134071 0.189597 0.0196162 0.0860954 0.0879827 0.0352437 0.581331
0.0537905 0.123894 0.0924261 0.0370758 0.048352 0.123755 0.520707
9.9982E-05 0.0795286 0.0377456 0.0534922 0.297031 9.9982E-05 0.532003
0.0316068 0.0936198 0.00528304 0.044664 0.258501 0.00146158 0.564864
9.9973E-05 0.127674 9.9973E-05 0.0510468 0.346214 9.9973E-05 0.474765
0.0763367 0.0257564 0.104087 0.12383 0.127713 9.9991E-05 0.542177
0.0282713 9.9991E-05 0.0745078 0.0554122 0.1924 0.0456582 0.60365
0.15841 9.9991E-05 0.0252902 0.0201533 0.224809 0.0337865 0.537451
0.0521532 0.137254 9.9973E-05 9.9973E-05 0.300979 9.9973E-05 0.509314
0.190219 0.031497 0.0908292 9.9991E-05 0.0989138 0.0129034 0.575537
9.9991E-05 0.203742 0.0449718 0.0593519 0.168387 0.161009 0.362439
0.119997 0.084774 9.9982E-05 9.9982E-05 0.189147 0.0893595 0.516523
9.9991E-05 0.0618088 0.162105 0.0470469 0.102736 0.105159 0.521044
9.9982E-05 0.110886 0.0609511 9.9982E-05 0.24175 0.117601 0.468612
9.9982E-05 0.151593 0.194247 0.0943814 0.203544 9.9982E-05 0.356035
9.9982E-05 0.116779 0.0190312 9.9982E-05 0.189626 0.0545615 0.619803
9.9982E-05 0.130844 0.0473125 9.9982E-05 0.103888 0.0129058 0.70485
0.196369 0.0886818 9.9991E-05 0.0341462 0.377587 0.0692771 0.233839
0.0559215 0.223079 0.194972 9.9991E-05 0.324274 0.045729 0.155924
9.9991E-05 0.017785 0.13193 0.00564802 0.247416 0.0714359 0.525685
0.129142 0.29898 0.177074 9.9991E-05 0.313856 0.0372609 0.0435879
0.172472 0.0952817 9.9982E-05 0.0564298 0.429762 9.9982E-05 0.245855
0.188068 0.110429 9.9982E-05 0.0095599 0.299818 9.9982E-05 0.391926
0.180269 0.000149128 9.9982E-05 0.0456149 0.427186 9.9982E-05 0.346581
0.100024 0.0515649 0.0171438 9.9982E-05 0.457112 9.9982E-05 0.373956
0.0484427 0.0432083 0.0623193 0.079957 0.0826014 0.0312473 0.652224
0.0851887 0.0277376 9.9991E-05 0.0928692 0.192582 0.046104 0.555418
0.141387 0.072192 0.00298225 0.0597369 0.131765 9.9991E-05 0.591837
0.134808 0.142689 0.168421 9.9991E-05 0.395333 0.0598766 0.0987725
0.0123542 0.0164912 0.138543 0.135128 0.170319 0.0551271 0.472038
0.0643261 0.0623184 0.31138 0.0386544 9.9991E-05 0.0341851 0.489036
0.187094 0.216867 0.360672 0.133602 0.101564 9.9982E-05 9.9982E-05
0.119735 0.107852 0.0332255 0.105888 9.9982E-05 9.9982E-05 0.6331
0.14396 0.108528 0.229249 0.0392216 0.118111 0.104461 0.25647
0.0761502 0.135723 0.136505 0.0253899 0.0405634 0.105468 0.4802
0.139035 0.0135888 0.383532 0.045658 0.133648 0.00474655 0.279793
0.0566531 0.0266129 0.51497 0.0415865 0.137126 9.9991E-05 0.222952
0.0757962 0.163771 0.207584 0.0111968 0.127341 9.9991E-05 0.414212
9.9982E-05 0.041794 0.117217 0.0697566 0.119491 9.9982E-05 0.651541
0.165688 0.0882028 0.0200759 0.18743 0.0550685 0.0331833 0.450352
0.310381 0.0945383 0.305818 0.0379571 0.0834141 0.167791 9.9991E-05
9.9991E-05 0.118857 0.0661917 0.051498 0.159137 0.11142 0.492796
0.224389 0.0046751 0.285354 9.9982E-05 0.0535965 9.9982E-05 0.431785
0.15604 0.0859076 0.148522 9.9982E-05 0.111633 9.9982E-05 0.497697
0.147826 9.9991E-05 0.0735851 0.0379902 0.134809 0.0202936 0.585397
9.9982E-05 0.027234 0.263405 0.270566 9.9982E-05 0.226342 0.212253
9.9964E-05 9.9964E-05 0.38675 0.486025 9.9964E-05 0.126825 9.9964E-05
9.9964E-05 9.9964E-05 0.475207 0.371868 9.9964E-05 0.152525 9.9964E-05
9.9982E-05 9.9982E-05 0.243014 0.315464 0.030033 0.396335 0.0149539
0.0487738 0.0156403 0.265786 9.9982E-05 0.0197811 9.9982E-05 0.649819
9.9991E-05 0.124672 0.116522 0.0837058 0.00789742 0.0290038 0.638098
0.0363199 9.9964E-05 9.9964E-05 9.9964E-05 9.9964E-05 0.709218 0.254062
0.199094 9.9973E-05 9.9973E-05 9.9973E-05 0.11772 0.464301 0.218586
0.0464133 0.0159562 0.056039 0.032778 0.079941 0.405154 0.363718
0.0621694 0.163706 0.367626 9.9982E-05 0.0152045 9.9982E-05 0.391094
0.122862 0.0978541 0.185105 0.0195661 9.9991E-05 0.0551995 0.519313
0.0713662 0.156385 0.548361 9.9973E-05 9.9973E-05 9.9973E-05 0.223588
0.0718899 0.0216646 0.274448 9.9982E-05 0.0507184 9.9982E-05 0.581079
0.149495 0.233711 0.178365 9.9982E-05 0.0104694 9.9982E-05 0.42776
0.000691847 0.152572 0.254889 9.9982E-05 9.9982E-05 0.0116653 0.579982
0.0827191 0.107219 0.491907 9.9982E-05 0.0750353 9.9982E-05 0.242919
0.220043 0.00385418 0.146434 0.0355568 9.9991E-05 0.0466926 0.547319
0.100845 9.9973E-05 0.274184 0.0912283 9.9973E-05 9.9973E-05 0.533442
0.0312258 9.9955E-05 9.9955E-05 9.9955E-05 9.9955E-05 0.968274 9.9955E-05
9.9964E-05 0.012338 9.9964E-05 9.9964E-05 9.9964E-05 0.877955 0.109307
0.133865 0.0197973 0.00790387 9.9991E-05 0.0305567 0.651734 0.156043
9.9973E-05 0.00438545 9.9973E-05 9.9973E-05 0.0546102 0.710983 0.229721
0.0586846 9.9973E-05 0.0049478 9.9973E-05 9.9973E-05 0.815936 0.120131
9.995E-05 9.995E-05 9.995E-05 9.995E-05 9.995E-05 0.9994 9.995E-05
9.9964E-05 9.9964E-05 9.9964E-05 0.0265406 0.0314343 0.941625 9.9964E-05
9.9964E-05 0.0174847 9.9964E-05 9.9964E-05 9.9964E-05 0.854982 0.127134
9.9955E-05 9.9955E-05 9.9955E-05 9.9955E-05 0.030288 0.969212 9.9955E-05
9.995E-05 9.995E-05 9.995E-05 9.995E-05 9.995E-05 0.9994 9.995E-05
9.995E-05 9.995E-05 9.995E-05 9.995E-05 9.995E-05 0.9994 9.995E-05
9.9973E-05 0.0169722 9.9973E-05 0.0150152 9.9973E-05 0.739094 0.228619
0.10668 9.9973E-05 9.9973E-05 0.0241758 9.9973E-05 0.859609 0.00923527
0.00493343 9.9964E-05 9.9964E-05 9.9964E-05 0.00160444 0.993062 9.9964E-05
0.115469 9.9991E-05 0.028082 0.0232075 0.123888 0.423269 0.285985
9.9982E-05 0.0180265 9.9982E-05 0.0655615 0.021853 0.692213 0.202146
9.9964E-05 9.9964E-05 9.9964E-05 0.114352 9.9964E-05 0.736043 0.149205
9.9964E-05 9.9964E-05 9.9964E-05 9.9964E-05 0.0631677 0.878066 0.0583663
9.9955E-05 9.9955E-05 9.9955E-05 9.9955E-05 9.9955E-05 0.99355 0.00595066
9.9973E-05 9.9973E-05 9.9973E-05 0.0121852 0.0260167 0.882755 0.0787428
9.995E-05 9.995E-05 9.995E-05 9.995E-05 9.995E-05 0.9994 9.995E-05
0.137847 9.9982E-05 0.0215194 0.0389468 9.9982E-05 0.69781 0.103677
9.9973E-05 0.0289039 9.9973E-05 9.9973E-05 0.0575162 0.903578 0.00970157
0.0506785 0.0418371 0.590296 0.272725 9.9982E-05 0.0442636 9.9982E-05
0.0685984 9.9991E-05 0.19283 0.121352 0.143481 0.0759882 0.39765
0.0113018 9.9991E-05 0.271366 0.189323 0.00867688 0.061949 0.457284
0.00343191 0.019965 0.494441 0.16002 0.0159002 0.0915856 0.214656
0.0322377 0.114209 0.128592 0.10964 0.0989194 0.159119 0.357283
0.111962 0.0586199 0.364959 0.184442 9.9991E-05 0.146994 0.132923
0.0862882 9.9982E-05 0.104953 0.217018 0.12761 9.9982E-05 0.463932
0.0837432 0.094911 0.308033 0.0676276 9.9991E-05 0.109241 0.336344
0.0329603 0.0172639 0.214068 0.132981 0.0567494 0.193819 0.352159
9.9973E-05 9.9973E-05 0.379987 0.11281 9.9973E-05 0.152473 0.35443
9.9982E-05 9.9982E-05 0.194782 0.163019 0.0607315 0.0217042 0.559564
9.9982E-05 0.022411 0.0568956 0.826837 0.0574844 9.9982E-05 0.0361721
9.9964E-05 0.0270495 9.9964E-05 0.92435 9.9964E-05 0.0482007 9.9964E-05
0.0333623 9.9955E-05 9.9955E-05 0.966138 9.9955E-05 9.9955E-05 9.9955E-05
9.9964E-05 9.9964E-05 9.9964E-05 0.922848 0.046662 9.9964E-05 0.03009
9.9973E-05 9.9973E-05 0.0160624 0.877074 0.0556267 9.9973E-05 0.0509374
9.9964E-05 0.0488019 9.9964E-05 0.869224 9.9964E-05 0.0815742 9.9964E-05
0.0240076 9.9982E-05 9.9982E-05 0.887854 0.0109025 0.0608314 0.0162049
0.00762036 0.0554419 0.00771927 0.909214 9.9982E-05 9.9982E-05 0.0198041
0.0359721 9.9973E-05 9.9973E-05 0.930913 9.9973E-05 0.0145824 0.018233
9.9973E-05 9.9973E-05 0.0230854 0.890675 9.9973E-05 0.0573204 0.0286188
0.0668434 0.0895537 9.9982E-05 0.620239 0.204311 0.0188528 9.9982E-05
0.0833779 0.00689714 9.9982E-05 0.594944 0.307649 0.00693176 9.9982E-05
0.079306 0.0545663 0.10337 0.526427 0.236131 9.9982E-05 9.9982E-05
0.102683 0.0303005 0.0592261 0.507711 0.299879 9.9982E-05 9.9982E-05
0.343267 0.0324205 0.0284603 0.010295 0.139091 0.0603101 0.386156
0.295315 0.0475724 0.0932452 0.00734658 0.0478682 0.0472795 0.461374
0.189191 0.00449169 0.0214834 0.0147917 0.213012 9.9991E-05 0.556931
0.214652 9.9973E-05 9.9973E-05 0.0605447 0.276714 9.9973E-05 0.44779
0.171613 0.0503514 9.9982E-05 9.9982E-05 0.605965 0.0338404 0.13803
0.165021 0.19416 9.9982E-05 0.0412074 9.9982E-05 0.0619122 0.537499
0.260552 0.0809652 0.0307916 9.9991E-05 0.0574605 0.00590424 0.564226
0.175907 0.0957321 0.122579 9.9982E-05 0.0975377 9.9982E-05 0.508044
0.60451 9.9973E-05 0.00393303 9.9973E-05 9.9973E-05 0.0786382 0.312619
0.146412 0.0686699 0.0133289 0.0098216 0.127015 0.0598113 0.574942
0.336486 0.100973 0.00668112 0.0183676 0.147062 0.00503901 0.38539
0.690821 0.232827 9.9964E-05 9.9964E-05 0.0759519 9.9964E-05 9.9964E-05
0.219063 0.0157211 9.9991E-05 0.0515452 0.208625 0.0608447 0.444101
0.513619 0.105785 0.14866 9.9991E-05 0.0375772 0.00968688 0.184572
0.340611 0.0592822 0.0421428 0.00500603 9.9982E-05 9.9982E-05 0.552758
0.676473 9.9973E-05 9.9973E-05 0.0442531 0.179525 9.9973E-05 0.0994486
9.9964E-05 9.9964E-05 0.18055 0.0687666 0.750284 9.9964E-05 9.9964E-05
9.9973E-05 9.9973E-05 0.143877 0.0612965 0.733407 9.9973E-05 0.0611197
9.9973E-05 0.0327552 0.0956692 0.0178202 0.853455 9.9973E-05 9.9973E-05
0.00565512 0.0159008 0.0717339 0.0960726 0.810438 9.9982E-05 9.9982E-05
9.9964E-05 9.9964E-05 0.0812656 9.9964E-05 0.863252 9.9964E-05 0.0550821
9.9982E-05 9.9982E-05 0.0110715 0.0290665 0.829177 0.0566489 0.0738358
9.9973E-05 0.0149184 9.9973E-05 0.857626 9.9973E-05 0.0401907 0.0869653
9.9973E-05 9.9973E-05 9.9973E-05 0.795096 0.106796 0.0683002 0.0295075
9.9973E-05 9.9973E-05 9.9973E-05 0.726001 0.0181684 0.10115 0.154381
9.9973E-05 9.9973E-05 9.9973E-05 0.75452 0.0981583 0.146526 0.000496636
9.9982E-05 9.9982E-05 0.0254993 0.785069 0.00644589 0.104038 0.0787482
9.9964E-05 9.9964E-05 0.0584257 0.372575 0.568599 9.9964E-05 9.9964E-05
0.00371936 0.0990628 0.0723267 0.453185 0.371506 9.9982E-05 9.9982E-05
0.00132942 0.163474 9.9982E-05 0.387516 0.443653 0.00382796 9.9982E-05
9.9955E-05 9.9955E-05 9.9955E-05 0.816186 9.9955E-05 9.9955E-05 0.183314
0.0622569 0.0187124 0.0261645 0.403426 0.481827 0.00751286 9.9991E-05
9.9982E-05 0.0241653 0.182004 0.184333 9.9982E-05 0.334635 0.274662
0.0649484 0.0134269 0.0160501 0.160718 0.0108125 0.219508 0.514535
9.9973E-05 9.9973E-05 9.9973E-05 0.164357 0.0124526 0.275499 0.547392
0.0543484 9.9982E-05 0.117816 0.245433 9.9982E-05 0.218549 0.363653
0.0700016 9.9991E-05 0.0739394 0.15127 0.0993005 0.191266 0.414123
9.9973E-05 0.00528127 0.275255 0.409657 9.9973E-05 0.309506 9.9973E-05
0.0876224 0.0836184 0.030881 9.9982E-05 0.326983 9.9982E-05 0.470695
0.056316 0.181074 0.167625 9.9982E-05 0.22087 9.9982E-05 0.373915
0.0443476 0.0370394 0.015994 0.0783384 0.504485 9.9991E-05 0.319696
0.104007 0.3504 9.9973E-05 9.9973E-05 0.104197 9.9973E-05 0.441096
0.185881 0.343691 0.296947 9.9973E-05 0.173181 9.9973E-05 9.9973E-05
0.185622 0.0321173 9.9991E-05 0.0824891 0.182024 0.0738073 0.44384
0.100001 0.220967 0.0948957 9.9982E-05 0.1659 9.9982E-05 0.418037
0.139434 0.0382673 0.0594167 0.000947375 0.370893 9.9991E-05 0.390941
0.132601 0.112653 9.9991E-05 0.090305 0.104747 0.118353 0.441241
0.200686 0.137702 0.275103 9.9982E-05 0.269414 9.9982E-05 0.116895
9.9982E-05 0.115301 0.177882 9.9982E-05 0.230671 0.0379819 0.437964
0.0643626 0.0331886 0.059298 9.9991E-05 0.291662 0.0484321 0.502957
0.103108 0.0116725 0.0555109 0.0752068 0.146346 0.220678 0.387478
0.113746 0.248717 0.0230405 9.9991E-05 0.26793 0.00985399 0.336613
0.154204 0.102761 0.000984566 0.00104136 0.302976 0.0275144 0.410519
0.0868119 0.215504 0.0844571 9.9991E-05 0.0562435 0.0720194 0.484864
0.0836997 0.182282 0.0180299 0.0253679 0.14429 9.9991E-05 0.546231
0.114705 0.0947065 0.00434236 9.9991E-05 0.193643 0.112489 0.480013
0.179516 0.105001 9.9991E-05 0.108126 0.0881106 0.0479275 0.471219
0.0962348 9.9991E-05 0.0626636 0.0922181 0.13567 0.0432209 0.569893
9.9964E-05 9.9964E-05 9.9964E-05 0.796155 9.9964E-05 0.0515867 0.151859
0.0229496 0.051715 9.9982E-05 0.816465 9.9982E-05 0.0361566 0.0725141
0.0608866 0.00924606 0.0577855 0.75614 0.056625 0.0425655 0.0167511
0.066335 0.0652152 9.9973E-05 0.822314 9.9973E-05 0.0458363 9.9973E-05
9.9955E-05 9.9955E-05 9.9955E-05 0.835688 9.9955E-05 9.9955E-05 0.163813
0.140672 0.0209821 0.0680306 9.9991E-05 0.574883 0.07926 0.116072
0.143762 0.139755 0.0168008 0.0541382 0.0815652 0.0959356 0.468043
9.9991E-05 0.0342533 0.0889706 0.212958 0.0212777 0.180478 0.461962
9.9991E-05 0.100919 0.0743449 0.00924728 0.107242 0.0749621 0.633184
0.172225 0.0191263 9.9991E-05 0.0164408 0.24337 0.0609753 0.487764
0.074735 0.22031 0.108357 9.9991E-05 0.316944 0.0148088 0.264746
0.139955 9.9973E-05 0.112887 0.137887 0.608972 9.9973E-05 9.9973E-05
0.117072 0.0579908 9.9973E-05 9.9973E-05 0.274946 9.9973E-05 0.549691
0.0340532 0.223866 0.0465619 0.0636384 0.48483 0.0241276 0.122923
0.08798 0.217028 9.9991E-05 0.0311326 0.227512 0.042547 0.393701
0.117789 0.0767835 0.0167485 0.144774 0.496823 0.0331506 0.113931
0.0135876 9.9991E-05 0.0276471 0.118443 0.195926 0.0537086 0.590587
0.118123 0.101702 9.9982E-05 0.0862387 0.512852 9.9982E-05 0.180885
0.0918556 0.168677 0.0529369 0.0135607 0.31181 0.0619941 0.299166
0.135631 0.0415021 0.12063 0.0926179 0.111909 0.0571881 0.440522
9.9973E-05 0.211581 0.417249 9.9973E-05 0.0942126 9.9973E-05 0.276657
0.0708408 9.9982E-05 0.229136 0.0411417 0.113002 9.9982E-05 0.54568
0.066624 0.0306545 0.185938 0.0842738 9.9982E-05 9.9982E-05 0.63231
0.0390653 0.0999331 0.458153 9.9982E-05 0.0775526 9.9982E-05 0.325096
0.0577582 0.117033 0.160897 0.010031 0.0529528 0.102135 0.499194
0.182222 9.9982E-05 0.229383 0.0264237 0.044728 9.9982E-05 0.517043
0.100607 0.181217 0.568987 9.9982E-05 0.0377964 9.9982E-05 0.111193
0.0966687 0.070246 0.580632 9.9973E-05 9.9973E-05 9.9973E-05 0.252154
9.9973E-05 0.118732 0.306508 9.9973E-05 0.0604408 9.9973E-05 0.514019
0.231645 0.0440271 0.452222 9.9982E-05 0.126583 9.9982E-05 0.145323
0.00916261 9.9973E-05 0.308284 9.9973E-05 0.124494 9.9973E-05 0.557759
0.247003 9.9982E-05 0.0529979 0.0485149 0.515191 9.9982E-05 0.136093
0.104166 0.336546 0.0185592 9.9991E-05 0.371138 0.0260516 0.143439
0.123686 0.0665313 9.9991E-05 0.0621996 0.374795 0.0562513 0.316437
0.0229697 0.0949272 9.9991E-05 0.0080439 0.182253 0.119239 0.572467
0.215013 9.9973E-05 0.017865 9.9973E-05 0.472603 9.9973E-05 0.294219
9.9982E-05 0.179723 9.9982E-05 0.132497 0.114138 0.0442453 0.529197
0.0934632 0.01936 9.9991E-05 0.0508629 0.184446 0.0685998 0.583168
0.081773 0.0267937 9.9982E-05 9.9982E-05 0.304281 0.178139 0.408813
0.0313568 0.178234 9.9982E-05 9.9982E-05 0.249768 0.180427 0.360015
0.11623 9.9982E-05 9.9982E-05 0.0119373 0.320711 0.0470466 0.503876
0.230244 9.9973E-05 9.9973E-05 9.9973E-05 0.454696 0.0763153 0.238445
0.112977 0.00944143 0.00284223 9.9991E-05 0.472035 0.153841 0.248764
0.0120052 0.113019 0.0735622 9.9991E-05 0.229904 0.0367326 0.534676
0.0741651 0.0404583 0.0697472 0.0488558 0.188005 9.9991E-05 0.578669
0.0751247 0.155134 0.0440606 0.0716176 0.226976 0.0360827 0.391005
9.9973E-05 0.280175 9.9973E-05 9.9973E-05 0.18978 0.0645515 0.465194
9.9991E-05 0.00135672 0.10033 0.063094 0.382161 0.0648514 0.388107
0.145212 9.9982E-05 0.0155575 0.00506698 0.166542 9.9982E-05 0.667422
0.0503734 0.10091 9.9991E-05 0.0974529 0.228984 0.116736 0.405444
0.152236 0.0585427 9.9991E-05 0.115424 0.170472 0.13343 0.369795
0.0477107 9.9982E-05 0.104753 0.351736 9.9982E-05 0.0759627 0.419638
0.160458 9.9982E-05 0.109796 0.124153 9.9982E-05 0.224051 0.381343
0.0848398 9.9982E-05 0.166093 0.108055 9.9982E-05 0.0962772 0.544535
9.9991E-05 0.0792255 0.0873268 0.0883604 0.115002 0.0980987 0.531887
0.101974 9.9991E-05 0.00382095 0.214836 0.0264423 0.174759 0.478068
0.0360889 0.181437 0.176558 9.9982E-05 0.161343 9.9982E-05 0.444373
0.0497594 0.0473337 9.9991E-05 0.120198 0.125781 0.0942339 0.562594
0.151311 9.9973E-05 0.50225 0.183316 9.9973E-05 0.162823 9.9973E-05
0.0483353 9.9991E-05 0.0953009 0.122132 0.0742856 0.193109 0.466738
0.0405863 0.123401 9.9991E-05 0.157933 0.0522576 0.138093 0.48763
9.9991E-05 0.14652 0.0112876 0.120243 0.0388031 0.23454 0.448506
0.110892 0.0113165 0.262378 0.153778 0.0223594 0.110758 0.328517
9.9973E-05 9.9973E-05 0.120868 0.209353 9.9973E-05 0.102581 0.566897
9.9991E-05 0.0769937 0.0327399 0.135309 0.0102789 0.190831 0.553747
0.000506071 9.9973E-05 0.339484 0.490794 9.9973E-05 0.168916 9.9973E-05
9.9973E-05 0.153892 9.9973E-05 0.144254 9.9973E-05 0.210891 0.490663
0.0130538 0.0244184 0.0272179 0.203901 9.9991E-05 0.245792 0.485517
0.0463587 0.0760001 0.0175449 0.0952349 9.9991E-05 0.101658 0.663103
9.9973E-05 9.9973E-05 0.168358 0.175171 9.9973E-05 0.16972 0.486452
0.122603 0.0954148 0.0172449 0.141464 0.049597 0.21008 0.363596
0.0879297 0.403675 9.9991E-05 0.080145 0.0300484 0.0086254 0.389477
0.00961775 0.36835 0.039793 0.0843976 0.0266751 0.0434896 0.427676
0.140717 0.818453 9.9964E-05 9.9964E-05 0.0404294 9.9964E-05 9.9964E-05
9.9955E-05 0.942032 9.9955E-05 9.9955E-05 0.0574678 9.9955E-05 9.9955E-05
0.0471046 0.27349 9.9991E-05 0.0547605 0.0510146 0.0936607 0.47987
9.9982E-05 0.0848764 0.126997 0.109695 9.9982E-05 0.266442 0.411789
9.9973E-05 0.292766 9.9973E-05 0.10487 9.9973E-05 0.358921 0.243144
9.9982E-05 0.20166 0.139785 0.216895 9.9982E-05 0.256927 0.184533
9.9982E-05 0.213535 0.00776949 0.183069 9.9982E-05 0.305816 0.28961
9.9982E-05 0.693411 0.115073 0.0582025 9.9982E-05 0.11013 0.0229829
9.9982E-05 0.716085 0.0346677 0.096491 9.9982E-05 0.0527286 0.0998278
9.9973E-05 0.392904 9.9973E-05 0.0181222 9.9973E-05 0.153859 0.434815
9.9973E-05 0.494843 9.9973E-05 0.0260647 9.9973E-05 0.140635 0.338158
9.9973E-05 0.734481 9.9973E-05 0.0967683 9.9973E-05 0.0777096 0.090741
9.9982E-05 0.336839 9.9982E-05 0.0684184 0.0903326 0.116237 0.387973
9.9973E-05 0.401714 9.9973E-05 0.0625931 9.9973E-05 0.0752708 0.460122
0.00223016 0.210226 0.0876283 0.0690433 0.0311518 0.113627 0.486094
0.0414344 0.592589 9.9973E-05 9.9973E-05 0.0887983 9.9973E-05 0.276878
0.0286833 0.63295 0.0164708 9.9991E-05 0.0162514 0.0455947 0.25995
0.0828687 0.319963 9.9982E-05 0.0725452 0.00437329 9.9982E-05 0.52005
0.0343575 0.448235 0.0322496 0.0199859 0.101313 0.030844 0.333015
0.0386257 0.218786 0.0768928 0.00646634 0.0707569 0.117236 0.471236
9.9973E-05 0.574147 0.0336854 9.9973E-05 0.0436626 9.9973E-05 0.348205
9.9973E-05 0.747578 0.0309544 9.9973E-05 0.0121349 9.9973E-05 0.209033
0.0343387 0.39282 9.9982E-05 0.0266112 9.9982E-05 0.024919 0.521111
0.0622925 0.782533 9.9973E-05 9.9973E-05 0.0113456 9.9973E-05 0.143529
0.0271536 0.561641 0.0222544 9.9982E-05 9.9982E-05 0.0034753 0.385275
9.9991E-05 0.28249 0.000517807 0.0585435 0.0444255 0.0841426 0.52978
0.0572595 0.399773 9.9973E-05 9.9973E-05 9.9973E-05 0.0222483 0.52042
0.0400965 0.0697257 0.0845987 0.154192 9.9991E-05 0.201992 0.449295
0.0196702 0.0693833 0.115432 0.136118 0.108014 0.21172 0.339663
9.9982E-05 0.0554199 0.257286 0.106531 9.9982E-05 0.262186 0.318378
0.100331 0.0409947 0.0985049 0.168396 0.0901161 0.156909 0.344748
0.101024 0.117842 9.9991E-05 0.0661258 0.0533711 0.220595 0.440941
0.0718003 0.266835 0.0300619 0.107385 9.9991E-05 0.168813 0.355006
9.9973E-05 0.606221 0.112501 0.169912 9.9973E-05 0.111066 9.9973E-05
9.9973E-05 0.141757 9.9973E-05 0.0785028 9.9973E-05 0.161985 0.617455
9.9973E-05 0.369061 0.240429 0.337796 9.9973E-05 0.0524137 9.9973E-05
9.9973E-05 0.375011 9.9973E-05 0.0270778 9.9973E-05 0.19944 0.398171
0.125008 0.76889 0.0393012 9.9973E-05 9.9973E-05 9.9973E-05 0.0665006
0.123188 0.836135 9.9964E-05 9.9964E-05 0.040277 9.9964E-05 9.9964E-05
0.0349062 0.537433 9.9964E-05 9.9964E-05 9.9964E-05 9.9964E-05 0.427261
0.0224849 0.403951 9.9973E-05 0.024262 9.9973E-05 9.9973E-05 0.549002
9.9964E-05 0.641489 9.9964E-05 9.9964E-05 0.00671571 9.9964E-05 0.351395
0.00222609 0.52037 9.9964E-05 9.9964E-05 9.9964E-05 9.9964E-05 0.477004
0.0383588 0.508476 9.9973E-05 9.9973E-05 9.9973E-05 0.00462419 0.448241
9.9982E-05 0.0903348 9.9982E-05 0.792684 0.0144734 0.0610036 0.0413046
9.9982E-05 0.0478824 0.032726 0.683271 0.136152 0.0997679 9.9982E-05
9.9964E-05 9.9964E-05 9.9964E-05 0.872804 0.0684996 0.0582969 9.9964E-05
9.9955E-05 9.9955E-05 9.9955E-05 0.922843 9.9955E-05 9.9955E-05 0.0766569
0.294013 0.118716 9.9982E-05 0.11556 9.9982E-05 0.011975 0.459536
0.440827 9.9982E-05 0.0130187 0.0683756 9.9982E-05 0.073195 0.404383
0.415596 0.0754485 9.9973E-05 9.9973E-05 0.0245022 9.9973E-05 0.484154
0.195667 0.00231028 0.0313081 0.0804496 0.0788341 9.9991E-05 0.611331
0.143995 9.9991E-05 0.0884847 0.0957416 0.0849688 0.0924367 0.494273
0.569697 0.041617 0.0781084 0.0190616 0.0864414 9.9991E-05 0.204975
0.316845 0.0454428 9.9982E-05 0.0367079 9.9982E-05 0.0553205 0.545484
0.39607 0.0831677 0.195672 9.9973E-05 9.9973E-05 9.9973E-05 0.32479
9.9991E-05 0.10442 0.0803791 0.235808 0.0324271 0.111757 0.43511
0.295207 0.166128 0.0548876 9.9991E-05 0.0696213 0.00806147 0.405995
0.606492 9.9973E-05 9.9973E-05 9.9973E-05 0.108362 0.0499235 0.234923
0.340105 0.104317 9.9982E-05 9.9982E-05 0.0580233 0.0333198 0.464035
0.499987 0.0421976 9.9991E-05 0.0155158 0.0388078 0.0445385 0.358853
0.431106 0.0514315 9.9973E-05 0.00290803 9.9973E-05 9.9973E-05 0.514255
0.340754 0.00930666 9.9982E-05 0.0653565 0.0108974 9.9982E-05 0.573485
0.825599 0.0429023 0.0181679 9.9973E-05 9.9973E-05 9.9973E-05 0.113031
0.583668 9.9973E-05 0.144556 9.9973E-05 9.9973E-05 0.0106978 0.260779
0.52785 0.0583358 9.9982E-05 0.0106075 0.0893827 9.9982E-05 0.313624
0.834599 0.0945385 0.070463 9.9964E-05 9.9964E-05 9.9964E-05 9.9964E-05
0.3979 0.0237406 0.0181882 9.9991E-05 0.152734 0.00102361 0.406314
0.629865 9.9982E-05 0.246 9.9982E-05 0.0301076 0.00355306 0.090274
0.762849 0.0573658 0.179386 9.9964E-05 9.9964E-05 9.9964E-05 9.9964E-05
0.335267 0.0419169 9.9982E-05 0.0178298 9.9982E-05 0.0586988 0.546088
0.65186 0.0114939 9.9991E-05 0.0510237 0.0938492 0.00295121 0.188722
0.435267 9.9991E-05 0.0119089 0.0324182 0.0743623 0.0282491 0.417694
0.25708 0.0123637 0.0310161 0.0559863 9.9991E-05 0.193046 0.450408
0.486369 9.9964E-05 9.9964E-05 9.9964E-05 0.0354412 9.9964E-05 0.47779
0.0292686 0.141403 0.131585 9.9991E-05 0.283268 0.0325078 0.381868
0.368611 0.0487222 9.9973E-05 9.9973E-05 9.9973E-05 0.0269347 0.555432
0.357828 0.0493301 9.9991E-05 0.113577 0.0114478 0.00327724 0.46444
0.609105 0.0236927 0.0402223 9.9982E-05 0.0375505 9.9982E-05 0.28923
0.16888 0.0941502 0.0195752 0.0796632 0.0439034 0.0351549 0.558673
0.0340222 0.0189588 0.044148 0.595045 0.300289 0.00743748 9.9991E-05
0.0274626 9.9982E-05 0.0609272 0.746682 0.102365 9.9982E-05 0.0623634
9.9964E-05 9.9964E-05 0.0501071 0.8083 0.141193 9.9964E-05 9.9964E-05
0.00329805 9.9973E-05 0.0578663 0.805916 0.13262 9.9973E-05 9.9973E-05
9.9973E-05 9.9973E-05 0.0341156 0.716436 0.190745 9.9973E-05 0.058404
0.719025 9.9973E-05 9.9973E-05 9.9973E-05 0.169835 0.062016 0.048824
0.639258 0.0524485 0.0314991 0.0623537 0.0895416 9.9991E-05 0.124799
0.792457 0.0124593 0.122369 9.9982E-05 9.9982E-05 0.0613768 0.0111377
0.194755 0.0553016 9.9991E-05 0.0589231 0.0428168 0.106119 0.541984
0.103024 0.050975 0.0358717 0.148821 0.0389278 0.0262306 0.59615
0.539993 0.0568237 0.117013 0.00040563 9.9982E-05 9.9982E-05 0.285565
0.315565 0.0265918 0.0672253 9.9991E-05 0.0201483 0.0831623 0.487207
0.402887 0.0335427 0.0859994 0.0518091 9.9991E-05 0.0510786 0.374583
0.366762 0.00883124 9.9973E-05 9.9973E-05 0.0904837 9.9973E-05 0.533623
0.212997 9.9991E-05 0.0477583 0.0693732 0.0731922 0.022902 0.573678
0.628008 9.9982E-05 0.00302729 9.9982E-05 0.116426 0.0467184 0.205621
0.658881 9.9973E-05 9.9973E-05 0.0181031 9.9973E-05 0.020289 0.302427
0.56338 9.9964E-05 9.9964E-05 9.9964E-05 0.136291 9.9964E-05 0.299929
9.9973E-05 0.0352904 0.278242 0.0943754 9.9973E-05 9.9973E-05 0.591793
0.550151 9.9973E-05 9.9973E-05 0.0529806 0.0272852 9.9973E-05 0.369284
0.431314 9.9982E-05 9.9982E-05 0.0405062 0.053646 0.0381097 0.436224
0.0491295 9.9991E-05 0.0485916 0.04299 0.0361274 0.424243 0.398818
9.9982E-05 0.0367345 9.9982E-05 0.0969341 0.0828708 0.401418 0.381843
9.9973E-05 9.9973E-05 0.0805735 0.049174 9.9973E-05 0.396364 0.473589
9.9973E-05 9.9973E-05 0.10047 0.105872 9.9973E-05 0.411473 0.381886
9.9991E-05 0.0357872 0.099218 0.11648 0.0599713 0.248668 0.439775
0.285642 9.9964E-05 0.238249 9.9964E-05 9.9964E-05 9.9964E-05 0.475709
9.9973E-05 9.9973E-05 0.043358 0.272212 9.9973E-05 0.636244 0.047887
0.0627673 9.9982E-05 9.9982E-05 0.21103 0.000179642 0.399893 0.325931
0.0329791 9.9982E-05 0.237514 0.117319 9.9982E-05 0.142176 0.469811
9.9973E-05 9.9973E-05 0.278637 0.137102 0.0160744 9.9973E-05 0.567886
0.0331005 0.0163231 0.29562 0.091507 0.103725 9.9991E-05 0.459624
9.9982E-05 9.9982E-05 0.214958 0.016353 0.0736422 0.0679397 0.626907
0.19257 9.9982E-05 0.142239 0.0513771 0.0367911 9.9982E-05 0.576823
9.9982E-05 0.0423454 0.0026528 0.158495 9.9982E-05 0.438046 0.358261
0.0448053 9.9982E-05 9.9982E-05 0.136189 0.0928758 0.386577 0.339353
9.9964E-05 9.9964E-05 9.9964E-05 0.0371345 9.9964E-05 0.472405 0.490061
0.0388357 9.9991E-05 0.0661598 0.116631 0.0670616 0.287383 0.423829
0.0682126 0.00485136 0.045364 0.122063 9.9991E-05 0.553007 0.206402
0.0514532 9.9982E-05 0.0367546 0.153249 9.9982E-05 0.354641 0.403702
9.9982E-05 0.0607301 0.00610064 0.128756 9.9982E-05 0.60428 0.199933
0.0591546 0.00510291 0.0237361 0.114196 0.0648383 0.324398 0.408574
0.0744862 9.9973E-05 0.358816 0.0036566 9.9973E-05 9.9973E-05 0.562741
0.0178952 9.9991E-05 0.0551995 0.120865 0.035733 0.415177 0.355031
9.9973E-05 9.9973E-05 0.078431 0.15303 9.9973E-05 0.570341 0.197898
0.08525 9.9991E-05 0.00546162 0.0583858 0.128816 0.376933 0.345054
0.0705507 9.9982E-05 0.385939 0.0889278 0.216469 9.9982E-05 0.237913
0.0325366 9.9973E-05 0.299127 9.9973E-05 9.9973E-05 0.111178 0.556858
0.0244348 0.0189103 0.0419949 0.0452142 0.137717 0.410138 0.321591
9.9982E-05 9.9982E-05 0.168536 0.0745119 0.100083 0.0138823 0.642787
0.0451482 9.9982E-05 0.232919 0.130367 0.089074 9.9982E-05 0.502292
0.0789318 0.0555527 0.0703377 0.139549 0.0848732 0.203464 0.367291
9.9982E-05 0.102616 0.0521094 0.246076 9.9982E-05 0.209749 0.38925
0.105092 0.0456823 0.0838909 0.0483701 0.0449659 0.183867 0.488132
0.0998429 9.9991E-05 0.0935593 0.0501748 0.00510449 0.430442 0.320776
9.9973E-05 0.0386006 9.9973E-05 0.101075 9.9973E-05 0.432273 0.427751
9.9973E-05 9.9973E-05 0.0963107 0.157251 9.9973E-05 0.589908 0.15623
9.9982E-05 0.0401108 0.142068 0.152044 9.9982E-05 0.0187166 0.646861
0.106015 9.9982E-05 0.243749 0.0890297 0.0993057 9.9982E-05 0.461701
9.9982E-05 9.9982E-05 0.747743 0.0255247 0.00115503 0.0117924 0.213585
0.0870654 9.9991E-05 0.140648 0.121634 0.0204239 0.0101339 0.619995
0.105556 0.148911 0.0197309 0.125159 0.199686 9.9991E-05 0.400858
0.0426177 9.9982E-05 0.170715 0.199506 9.9982E-05 0.0812433 0.505719
9.9991E-05 0.0538175 0.1703 0.0333195 0.18428 0.185594 0.37259
9.9964E-05 9.9964E-05 0.561811 0.245997 9.9964E-05 0.191792 9.9964E-05
9.9964E-05 9.9964E-05 0.66772 0.244939 9.9964E-05 0.0869414 9.9964E-05
9.9991E-05 0.0997311 0.37153 0.146228 0.0220038 0.00347347 0.356933
0.0673838 9.9982E-05 0.421009 0.309643 9.9982E-05 0.19875 0.00301415
9.9964E-05 9.9964E-05 0.462569 0.368892 9.9964E-05 0.16814 9.9964E-05
0.0277472 0.083197 0.321966 0.0779265 0.0150478 0.134469 0.339647
0.0876016 0.0558471 0.175432 0.198988 9.9991E-05 0.150467 0.331565
0.026789 9.9991E-05 0.329663 0.247992 0.046348 0.158998 0.19011
9.9973E-05 9.9973E-05 0.562034 0.227872 9.9973E-05 0.111096 0.0986973
0.0869983 0.0208087 0.129967 0.127374 0.0426622 0.122552 0.469637
0.140044 9.9982E-05 0.410793 0.165187 9.9982E-05 0.170679 0.113097
9.9964E-05 9.9964E-05 0.609242 0.317042 9.9964E-05 0.0733168 9.9964E-05
0.00776365 0.020204 0.201511 0.0616075 0.073833 0.23835 0.396731
9.9982E-05 9.9982E-05 0.223225 0.135668 0.0638154 0.292061 0.285031
0.10333 9.9982E-05 9.9982E-05 0.333864 0.00329216 0.139137 0.420178
0.0177887 0.00547216 9.9982E-05 0.160283 9.9982E-05 0.204625 0.611631
0.0635527 0.0910951 0.0118183 0.123742 0.0179438 0.136817 0.555031
9.9991E-05 0.0872703 0.080872 0.154744 0.0168967 0.195402 0.464715
9.9982E-05 9.9982E-05 0.0976592 0.345427 0.0447734 0.16756 0.34438
9.9991E-05 0.00106463 0.0475693 0.136335 0.0805226 0.220755 0.513654
0.0298808 9.9991E-05 0.0277871 0.219594 0.0427927 0.266902 0.412944
9.9982E-05 0.0535561 0.159363 0.232822 9.9982E-05 0.189652 0.364407
0.321222 0.00523185 0.0462799 0.156123 0.067662 0.135957 0.267524
0.168966 0.0833462 0.00752501 0.157841 0.0285297 0.114173 0.439619
9.9982E-05 9.9982E-05 0.0405077 0.157734 0.0496788 0.0899319 0.661947
0.134305 0.0930166 0.000652753 0.10605 9.9991E-05 0.142248 0.523627
9.9982E-05 9.9982E-05 0.0942002 0.233549 0.0272725 0.257803 0.386976
0.00531061 0.02904 0.103553 0.174985 0.0342827 0.192992 0.459836
0.0395206 0.0250526 0.236646 0.328529 9.9991E-05 0.224086 0.146065
0.00611517 0.0794258 0.0042019 0.147859 0.0466879 0.154313 0.561398
0.0139551 9.9982E-05 0.226224 0.24626 9.9982E-05 0.293967 0.219393
0.0768819 9.9973E-05 0.0441882 0.787814 0.0908155 9.9973E-05 9.9973E-05
0.033245 0.030093 9.9991E-05 0.0565351 0.768684 0.01659 0.0947531
9.9955E-05 9.9955E-05 9.9955E-05 0.0436895 0.955811 9.9955E-05 9.9955E-05
9.9964E-05 9.9964E-05 9.9964E-05 0.00178399 0.995073 9.9964E-05 0.00274304
9.9964E-05 9.9964E-05 9.9964E-05 9.9964E-05 0.932838 0.0343533 0.0324088
9.9964E-05 9.9964E-05 9.9964E-05 9.9964E-05 0.940691 0.0432271 0.0156822
9.9955E-05 9.9955E-05 9.9955E-05 9.9955E-05 0.909721 9.9955E-05 0.0897791
9.9955E-05 9.9955E-05 9.9955E-05 0.0737218 0.925778 9.9955E-05 9.9955E-05
9.9964E-05 9.9964E-05 9.9964E-05 0.181697 0.80162 0.0162831 9.9964E-05
0.0185948 9.9991E-05 0.0281221 0.898913 0.0166278 0.0339998 0.00364284
9.9973E-05 0.00700837 9.9973E-05 0.800695 0.11327 9.9973E-05 0.0787267
0.0134131 9.9991E-05 0.0268215 0.862388 0.0131352 0.0197187 0.0644233
9.9982E-05 0.059368 0.0356969 0.802426 0.0713886 9.9982E-05 0.0309204
0.0372751 9.9973E-05 9.9973E-05 0.893521 0.011715 0.0571887 9.9973E-05
9.9964E-05 0.0726431 9.9964E-05 0.886337 0.0406205 9.9964E-05 9.9964E-05
9.9991E-05 0.00917541 0.0100881 0.715687 0.0605307 0.165418 0.0390012
9.9973E-05 0.022335 9.9973E-05 0.871481 9.9973E-05 0.06988 0.0360036
9.9991E-05 0.0732272 0.0144448 0.70371 0.098764 0.0943846 0.0153693
9.9964E-05 9.9964E-05 9.9964E-05 0.911562 9.9964E-05 0.0435465 0.044492
9.9982E-05 0.0114692 0.00404864 0.957974 0.0211602 9.9982E-05 0.0051485
0.0679104 9.9982E-05 0.0239093 0.791101 0.0339648 0.0829143 9.9982E-05
9.9973E-05 9.9973E-05 9.9973E-05 0.912672 0.0372662 0.00505999 0.0447014
9.9982E-05 9.9982E-05 0.0122 0.891498 0.00857871 0.0436582 0.0438647
0.0310466 9.9973E-05 9.9973E-05 0.887613 9.9973E-05 0.0585835 0.0224569
9.9964E-05 9.9964E-05 9.9964E-05 0.851791 9.9964E-05 0.0285131 0.119296
9.9964E-05 9.9964E-05 9.9964E-05 0.799614 9.9964E-05 0.101422 0.098564
9.9964E-05 9.9964E-05 9.9964E-05 0.790312 9.9964E-05 0.0752934 0.133995
9.9964E-05 9.9964E-05 9.9964E-05 0.8061 9.9964E-05 0.0703756 0.123125
0.051406 9.9991E-05 0.362094 0.112957 0.0805238 0.00626144 0.386657
9.9973E-05 9.9973E-05 0.205062 0.0418827 0.0677524 9.9973E-05 0.685003
9.9991E-05 0.00448797 0.0876636 0.0627197 0.146381 0.0451651 0.653483
0.0939515 9.9964E-05 0.744979 9.9964E-05 9.9964E-05 9.9964E-05 0.16067
9.9973E-05 9.9973E-05 0.224061 0.114956 0.097456 9.9973E-05 0.563227
9.9964E-05 9.9964E-05 0.701218 0.0843222 9.9964E-05 9.9964E-05 0.21406
9.9973E-05 9.9973E-05 0.245302 0.0657926 0.00858829 9.9973E-05 0.680017
0.141559 9.9982E-05 0.200998 0.0391108 0.173057 9.9982E-05 0.445075
0.154496 9.9991E-05 0.208944 0.0508623 0.103873 0.0186058 0.463119
0.405849 0.00325896 9.9991E-05 0.0181912 0.0827117 0.0796341 0.410256
0.0211667 9.9982E-05 0.341591 0.0642308 0.0872967 9.9982E-05 0.485515
0.0319362 0.0406248 0.251592 0.054544 0.0405077 0.0526688 0.528127
9.9973E-05 9.9973E-05 0.25191 0.0650736 0.0790619 9.9973E-05 0.603655
0.175685 0.216584 0.109293 9.9991E-05 0.439706 0.0403933 0.0182387
0.07665 0.0786368 0.805399 9.9973E-05 0.0390144 9.9973E-05 9.9973E-05
9.9964E-05 9.9964E-05 0.754293 9.9964E-05 0.068649 9.9964E-05 0.176658
0.0330847 0.00224813 0.24293 0.0456175 0.0338502 0.0463963 0.595874
9.9973E-05 9.9973E-05 0.340796 0.0514314 0.0505354 9.9973E-05 0.556937
0.10869 0.0148306 0.240135 0.0780216 9.9982E-05 9.9982E-05 0.558123
0.0740486 0.0580358 0.141861 0.0507953 9.9991E-05 0.0525634 0.622596
0.0405535 9.9982E-05 0.112674 0.169287 9.9982E-05 0.1674 0.509885
