0.0148338 9.9973E-05 0.0848373 0.0632574 0.796608 9.9973E-05 9.9973E-05 0.0401639
0.00203859 0.0178756 0.0299443 0.0547829 0.887468 9.9982E-05 0.00769032 9.9982E-05
0.0104685 9.9982E-05 0.0970277 0.0380276 0.676396 0.109894 9.9982E-05 0.0679868
9.9973E-05 0.00366435 0.10228 0.140529 0.658982 9.9973E-05 9.9973E-05 0.0942445
9.9964E-05 0.0475292 9.9964E-05 9.9964E-05 0.848227 0.0544476 9.9964E-05 0.0493967
0.0213039 9.9991E-05 0.0099932 0.048946 0.589791 0.0585183 0.224198 0.0471495
9.9955E-05 9.9955E-05 0.0780687 9.9955E-05 0.749954 9.9955E-05 0.171478 9.9955E-05
0.00798163 0.00354457 0.0410946 0.10749 0.682317 9.9991E-05 0.153725 0.00374668
0.0341785 9.99729E-05 0.0302361 0.0973781 0.766032 9.99729E-05 0.071875 9.99729E-05
9.9973E-05 9.9973E-05 0.0576879 9.9973E-05 0.670416 0.11508 0.118629 0.0378873
9.9964E-05 9.9964E-05 9.9964E-05 0.0970938 0.701071 0.00711906 0.194316 9.9964E-05
0.11145 9.9973E-05 9.9973E-05 0.455851 9.9973E-05 0.333179 0.0729591 0.0262612
0.0338125 9.9973E-05 9.9973E-05 0.325529 9.9973E-05 0.557489 0.0408046 0.042065
0.0614543 0.144026 0.0570999 0.453367 0.00667538 0.197016 0.00687667 0.0734848
0.011181 0.117912 9.9982E-05 0.387059 0.0458084 0.298672 9.9982E-05 0.139166
0.0197297 9.9991E-05 0.00355337 0.217551 0.094893 0.339443 0.166836 0.157894
0.0789728 0.0768651 0.0430135 0.0425818 0.106496 0.616043 9.9991E-05 0.035928
0.154592 9.9973E-05 9.9973E-05 0.210222 9.9973E-05 0.430944 0.0855409 0.118401
0.202531 9.9991E-05 0.0396686 0.29356 0.06577 0.290808 0.00921675 0.0983451
0.0675181 9.9982E-05 0.0616012 0.624522 9.9982E-05 0.0672241 0.143806 0.0351282
0.159358 0.0619835 0.0270662 0.216233 9.9991E-05 0.359154 0.0271398 0.148965
0.0939641 0.0447634 9.9982E-05 0.217792 9.9982E-05 0.447265 0.146595 0.0494201
0.102298 0.0906108 0.0118934 0.144614 9.9982E-05 0.590846 0.0595375 9.9982E-05
0.184454 9.9982E-05 0.070614 0.312772 9.9982E-05 0.270589 0.0847789 0.0765918
9.999E-05 0.0739388 0.0253015 0.0613539 0.0214833 0.587506 0.102886 0.12743
9.9973E-05 0.0959128 0.0478562 0.196015 9.9973E-05 0.611923 9.9973E-05 0.0479934
0.165129 0.0653942 0.0396937 0.477533 9.9982E-05 0.173375 9.9982E-05 0.0786748
0.0658681 9.9973E-05 9.9973E-05 0.450611 0.0326229 0.260004 9.9973E-05 0.190594
0.111544 0.152604 9.9982E-05 0.4755 0.022869 0.225632 0.0116513 9.9982E-05
9.994E-05 9.994E-05 0.9993 9.994E-05 9.994E-05 9.994E-05 9.994E-05 9.994E-05
9.994E-05 9.994E-05 0.9993 9.994E-05 9.994E-05 9.994E-05 9.994E-05 9.994E-05
0.0900555 9.9973E-05 0.354659 9.9973E-05 0.484507 0.0224139 9.9973E-05 0.0480651
0.10116 9.9973E-05 0.262041 9.9973E-05 0.519723 0.0499348 9.9973E-05 0.0668409
0.0919906 0.0491334 0.0260519 0.163517 0.0213631 0.61231 0.0355337 9.9991E-05
0.329394 0.0218283 0.00218598 0.0315576 0.127138 0.487696 9.9982E-05 9.9982E-05
0.475204 9.9964E-05 9.9964E-05 9.9964E-05 0.0143012 0.491557 9.9964E-05 0.0185376
0.110461 9.9982E-05 0.016528 0.610613 0.0923118 0.158608 9.9982E-05 0.0112782
0.569647 0.0373004 0.00760487 0.0260848 9.9991E-05 0.219562 0.081262 0.058439
0.260782 0.0465533 9.9982E-05 0.107154 0.0559602 0.482073 9.9982E-05 0.0472782
0.236589 9.9982E-05 0.015334 9.9982E-05 0.0311017 0.652065 0.0505444 0.0141668
0.082805 9.9973E-05 0.0509793 0.102301 9.9973E-05 0.567023 0.196591 9.9973E-05
0.0943637 9.9982E-05 0.0460209 0.0753861 0.0207517 0.64544 0.117838 9.9982E-05
0.722451 9.9982E-05 0.03773 0.140336 0.0164509 0.0503581 0.032475 9.9982E-05
0.0733135 9.9973E-05 9.9973E-05 0.0281852 9.9973E-05 0.535298 0.229005 0.133899
0.283911 9.9982E-05 0.0470415 9.9982E-05 0.0281734 0.53096 0.0539113 0.0558028
0.0735117 0.0182035 0.0384147 0.0568008 0.0889997 0.643366 0.0689877 0.011716
0.678392 0.088979 0.00253385 9.9964E-05 9.9964E-05 0.229695 9.9964E-05 9.9964E-05
0.265436 9.9973E-05 0.0401691 9.9973E-05 0.0154682 0.673427 9.9973E-05 0.00519928
0.137055 0.00329568 0.0607714 0.0206436 0.0387093 0.57899 0.14858 0.0119544
0.641464 0.0650198 0.00656664 9.9973E-05 0.0455733 9.9973E-05 0.241077 9.9973E-05
0.235864 0.00921624 9.9982E-05 0.440918 9.9982E-05 0.188444 0.124419 0.000938342
0.180219 0.0865415 9.9973E-05 0.186238 9.9973E-05 0.131576 0.415125 9.9973E-05
0.0261767 9.9991E-05 0.0268401 0.12634 0.0587712 0.559224 0.161664 0.0408838
0.00745396 0.0642698 9.9991E-05 0.0404475 0.12187 0.670278 0.0943698 0.0012102
0.0979016 9.9982E-05 9.9982E-05 0.0623384 0.0309786 0.617187 0.117972 0.0734221
0.169391 9.9982E-05 0.0146019 0.402708 0.0848977 0.220685 0.107517 9.9982E-05
0.0956147 0.00501381 0.0156468 0.162347 9.9982E-05 0.615553 0.105625 9.9982E-05
0.0238262 0.0228022 0.0238386 0.0954684 0.0418826 0.622621 0.0876226 0.0819388
0.184572 0.093613 0.0332486 0.165038 0.0334872 0.353701 0.136241 9.9991E-05
0.139413 9.9991E-05 0.05497 0.334978 0.157073 0.0616813 0.201121 0.0506641
0.132729 9.9982E-05 0.0886401 0.21615 9.9982E-05 0.494894 0.0196731 0.0477136
0.0912573 0.0898687 0.000793454 0.271913 0.0867697 0.340286 9.9991E-05 0.119012
0.183416 9.9973E-05 0.0944959 0.52162 9.9973E-05 0.0546429 0.145526 9.9973E-05
0.0641006 0.127103 0.0193889 0.239261 9.9982E-05 0.511047 0.0388992 9.9982E-05
9.9982E-05 0.186217 0.0383915 0.0554319 9.9982E-05 0.556995 0.102593 0.0601718
0.1246 0.057473 0.0462611 0.0893912 9.9991E-05 0.505861 0.0763444 0.0999695
0.234176 0.0439671 0.0236245 0.268426 0.0294582 0.246721 0.0800985 0.0735293
0.131504 0.0604997 0.0360888 0.189008 9.9991E-05 0.460199 0.0850879 0.0375122
0.0310438 9.9982E-05 0.05349 0.222569 0.0494254 0.575253 0.0680185 9.9982E-05
0.192963 0.0509835 0.0614609 0.321322 9.9982E-05 0.211975 0.161096 9.9982E-05
0.471835 0.00516146 0.00514382 0.0294176 0.00522217 0.48302 9.9982E-05 9.9982E-05
0.712845 9.9964E-05 0.0533682 0.0896454 9.9964E-05 0.143742 9.9964E-05 9.9964E-05
0.154472 0.117704 0.0682837 0.0912661 9.9982E-05 0.492644 0.0754296 9.9982E-05
0.837006 9.9946E-05 9.9946E-05 9.9946E-05 9.9946E-05 9.9946E-05 0.162395 9.9946E-05
0.777908 0.0576608 9.9964E-05 0.0551346 9.9964E-05 9.9964E-05 0.108897 9.9964E-05
0.734977 9.9955E-05 9.9955E-05 9.9955E-05 9.9955E-05 0.248774 0.0157502 9.9955E-05
0.463575 9.9973E-05 0.0415252 0.0520222 9.9973E-05 0.400364 0.0422143 9.9973E-05
0.122412 0.0199135 0.0383035 0.0414998 0.172549 0.552682 0.0525409 9.9991E-05
0.510275 0.0361506 0.0144232 0.0113325 9.9982E-05 0.403943 9.9982E-05 0.0236763
0.698288 9.9982E-05 0.033026 0.0788003 0.0477335 0.0952254 9.9982E-05 0.0467266
0.520566 9.9973E-05 9.9973E-05 0.246291 0.0406628 0.151696 9.9973E-05 0.0404845
0.271302 0.0415582 0.0403673 9.9982E-05 0.0790426 0.526055 0.041475 9.9982E-05
0.50791 0.00190842 0.0276261 0.0711304 0.0101985 0.271713 0.109413 9.9991E-05
0.566605 9.9973E-05 0.0423133 0.039159 9.9973E-05 0.329093 9.9973E-05 0.0225299
0.555622 0.015262 9.9973E-05 9.9973E-05 9.9973E-05 0.370273 0.0532239 0.00531903
0.622976 0.191453 9.9964E-05 9.9964E-05 0.016135 9.9964E-05 0.169036 9.9964E-05
0.224908 0.00946385 9.9991E-05 0.020151 0.00786336 0.583339 0.0819034 0.0722722
9.9982E-05 0.00519963 0.0645567 0.10045 0.713716 0.0741216 9.9982E-05 0.0417563
9.9955E-05 9.9955E-05 0.114623 9.9955E-05 0.79514 0.0897379 9.9955E-05 9.9955E-05
9.9964E-05 9.9964E-05 0.0997088 9.9964E-05 0.767132 0.0966025 9.9964E-05 0.0361571
0.0149664 9.9982E-05 0.0944302 9.9982E-05 0.764035 0.0144152 0.0786716 0.0332819
9.9973E-05 0.0272965 0.113922 9.9973E-05 0.777674 0.0749343 9.9973E-05 0.0058729
9.9973E-05 9.9973E-05 0.0498306 9.9973E-05 0.828713 0.0500126 0.022701 0.0484425
9.9964E-05 0.000732859 0.0355327 9.9964E-05 0.913214 0.0501204 9.9964E-05 9.9964E-05
0.27376 9.9991E-05 0.0262926 0.00541463 0.0781201 0.45959 0.111003 0.0457189
0.179187 0.0839687 0.0781999 0.0352056 0.0527874 0.564273 9.9991E-05 0.00627902
0.767201 0.0723238 9.9964E-05 0.122067 0.0380077 9.9964E-05 9.9964E-05 9.9964E-05
0.163437 0.00432556 9.9982E-05 0.11162 0.0919259 0.606956 0.0215353 9.9982E-05
0.439973 9.9982E-05 0.00625198 0.116934 0.0362042 0.376886 9.9982E-05 0.0235514
0.286423 0.0420539 9.9973E-05 9.9973E-05 0.0681853 0.551813 9.9973E-05 0.0512246
0.232854 0.0778462 0.0245545 9.9991E-05 0.0532883 0.551288 0.0226217 0.037447
0.380798 0.082551 0.0577192 9.9973E-05 9.9973E-05 0.386889 9.9973E-05 0.0917434
0.662752 9.9964E-05 9.9964E-05 0.299831 0.0193398 9.9964E-05 0.0176769 9.9964E-05
0.0337523 0.0750164 9.9991E-05 0.0207411 0.171611 0.575238 0.112056 0.0114854
0.236868 9.9982E-05 9.9982E-05 0.0299674 0.0671234 0.601104 0.0323143 0.0324222
0.0147193 9.9991E-05 0.0890825 0.130445 0.0931536 0.602204 0.0553083 0.0149869
0.492128 0.0635218 0.0136207 9.9973E-05 9.9973E-05 0.295986 0.134444 9.9973E-05
0.40412 0.0489648 9.9982E-05 9.9982E-05 0.00763534 0.465702 0.0301707 0.0432073
0.420983 0.00195956 0.027365 0.0784035 0.0262296 0.438081 9.9991E-05 0.00687799
0.702548 9.9955E-05 9.9955E-05 9.9955E-05 9.9955E-05 0.147675 9.9955E-05 0.149278
0.446136 9.9982E-05 0.00696897 0.0798947 0.0351101 0.398106 0.0335845 9.9982E-05
0.253723 0.0769859 0.0534233 0.0672054 9.9982E-05 0.547823 9.9982E-05 0.000639993
0.0565151 0.137826 9.9991E-05 0.394698 0.023301 0.251148 0.126019 0.0103932
9.9982E-05 9.9982E-05 0.0390924 0.191368 0.1137 0.42466 0.215382 0.015597
0.0119468 0.177816 0.0283758 0.118122 0.100797 0.539827 0.0230153 9.9991E-05
0.142347 0.143939 0.0376336 0.0907847 0.0471028 0.47036 9.9991E-05 0.0677331
0.0115127 0.0799322 0.032159 0.3612 9.9982E-05 0.514167 0.000828839 9.9982E-05
0.00713575 0.0394936 9.9991E-05 0.229393 0.0556564 0.592 0.0531339 0.0230869
9.9973E-05 0.18417 9.9973E-05 0.322952 0.0179685 0.452025 9.9973E-05 0.0225847
0.0191491 0.143842 9.9982E-05 0.190235 0.0814629 0.531328 0.0337828 9.9982E-05
9.9982E-05 9.9982E-05 0.000567685 0.228588 0.0502195 0.587815 0.0436899 0.0889201
0.137226 9.9982E-05 0.0870789 0.0939395 0.0700043 0.547857 0.0636945 9.9982E-05
0.0921624 0.0746463 0.0105149 0.33402 9.9973E-05 0.488357 9.9973E-05 9.9973E-05
0.0190128 0.0516242 9.9982E-05 0.183826 9.9982E-05 0.607061 0.0885386 0.0497376
0.100698 9.9991E-05 0.0563293 0.129398 0.0518494 0.554256 0.0462533 0.0611159
9.9964E-05 0.155046 9.9964E-05 0.250373 9.9964E-05 0.587866 9.9964E-05 0.00631479
0.00646802 0.0690404 0.0467097 0.0674187 0.0558433 0.528877 0.176864 0.0487784
9.9982E-05 0.121287 0.0195184 0.236858 9.9982E-05 0.536264 0.019823 0.0660491
9.9982E-05 0.140133 0.00839623 0.298134 0.0697428 0.381482 0.101912 9.9982E-05
0.0124302 0.0616388 9.9982E-05 0.135405 0.0607722 0.697456 0.032098 9.9982E-05
0.0163321 0.139326 0.00470883 0.119886 0.0734375 0.64611 9.9982E-05 9.9982E-05
0.152242 0.134964 0.0115113 0.400439 0.0159876 0.214214 9.9991E-05 0.0705425
0.177052 0.226175 9.9991E-05 0.259113 0.032035 0.0807944 0.155733 0.068998
0.122569 9.9982E-05 0.0688603 0.20993 9.9982E-05 0.472965 0.0285864 0.0968896
0.00295109 0.372321 0.00393131 0.335206 9.9991E-05 0.0649244 0.16082 0.0597459
0.122694 0.0945098 9.9982E-05 0.406408 0.0446932 0.309842 0.0216532 9.9982E-05
0.165045 0.0487248 9.9973E-05 0.318763 0.0570338 0.410133 9.9973E-05 9.9973E-05
0.112909 0.075933 0.026107 0.422127 9.9973E-05 0.362624 9.9973E-05 9.9973E-05
0.0613962 0.07217 9.9982E-05 0.518798 9.9982E-05 0.261782 0.00865306 0.0770007
0.18771 0.0075202 0.0623259 0.0766205 0.00865954 0.589377 0.0676866 9.9991E-05
0.0555114 0.104106 0.0140616 0.0574021 0.129384 0.626103 9.9991E-05 0.0133316
0.0576147 0.115586 0.0563092 0.20347 0.0360056 0.502381 9.9991E-05 0.0285341
0.202251 0.047541 9.9982E-05 0.353456 9.9982E-05 0.0715569 0.212615 0.11238
0.111468 0.0866104 0.04546 0.0235276 0.149316 0.485811 0.0977064 9.9991E-05
0.0983506 0.0556629 9.9973E-05 9.9973E-05 0.122547 0.559094 0.164045 9.9973E-05
0.0979889 0.165322 0.0130478 0.091483 0.102739 0.0321019 0.497217 9.9991E-05
0.0188019 0.0826478 9.9982E-05 0.00825457 0.0669526 0.715614 0.107529 9.9982E-05
0.0996635 0.096469 9.9991E-05 0.110817 0.0870592 0.350618 0.245784 0.0094888
0.0988176 0.00826477 0.0356315 0.112861 9.9991E-05 0.450962 0.217754 0.0756093
0.0667273 9.9982E-05 0.0282344 0.11113 0.0307335 0.334079 0.428896 9.9982E-05
0.0282578 0.0593527 0.00841196 0.12059 0.0109203 0.254379 0.517989 9.9991E-05
0.137333 0.15578 9.9982E-05 0.101394 0.023884 0.433581 0.147827 9.9982E-05
0.0219719 0.0203463 0.0157433 0.126924 0.0433673 0.532527 0.146219 0.0929012
0.188526 0.0732233 0.0182169 0.0878435 0.110312 0.330223 0.113443 0.0782125
0.201967 0.0747602 0.0288838 0.103485 9.9982E-05 9.9982E-05 0.414057 0.176648
0.0530569 0.109964 9.9991E-05 0.0950081 0.0907749 0.492873 0.0721499 0.0860736
0.164764 9.9964E-05 9.9964E-05 0.121203 9.9964E-05 0.398862 0.314771 9.9964E-05
0.189019 0.0585584 0.0139858 0.10589 9.9982E-05 0.41714 0.215206 9.9982E-05
0.12645 9.9982E-05 0.0643684 0.0202757 0.110367 0.587455 0.0908843 9.9982E-05
9.9973E-05 9.9973E-05 0.0592034 9.9973E-05 0.235739 0.188816 0.287589 0.228353
9.9964E-05 9.9964E-05 0.0442846 9.9964E-05 0.455785 9.9964E-05 0.355391 0.14414
9.9964E-05 9.9964E-05 0.0156293 9.9964E-05 0.36626 9.9964E-05 0.458598 0.159112
9.9982E-05 9.9982E-05 0.0425045 0.019726 0.350385 0.0461639 0.213984 0.327037
0.0862375 9.9955E-05 9.9955E-05 9.9955E-05 9.9955E-05 0.643709 0.269554 9.9955E-05
0.0217869 0.00963459 0.00675945 0.0355114 0.0439296 0.608373 0.273193 0.000812344
0.0156907 9.9964E-05 0.00857102 9.9964E-05 9.9964E-05 0.326844 9.9964E-05 0.648494
0.0419897 0.042415 0.0498523 0.0890076 9.9982E-05 0.418174 9.9982E-05 0.358361
9.9973E-05 9.9973E-05 9.9973E-05 0.0458357 0.146466 0.45205 0.0874224 0.267925
0.0143486 0.166427 0.0237072 9.9973E-05 9.9973E-05 0.31895 0.476268 9.9973E-05
0.157343 0.177831 0.086068 0.091889 0.00375732 0.368886 9.9991E-05 0.114125
0.0574912 0.195158 9.9973E-05 0.029243 9.9973E-05 0.219017 0.498791 9.9973E-05
0.0842292 9.9973E-05 0.0165607 0.00226836 9.9973E-05 0.65879 0.237852 9.9973E-05
0.106993 0.117396 9.9991E-05 0.111752 0.0293965 0.396596 0.217518 0.0202478
0.021445 0.0748144 9.9991E-05 0.0256462 0.0185795 0.58678 0.227062 0.0455719
9.9964E-05 0.136773 9.9964E-05 0.0899916 9.9964E-05 0.237794 0.535042 9.9964E-05
0.132943 9.9973E-05 9.9973E-05 9.9973E-05 0.048927 0.571659 0.165664 0.0805072
0.0959331 9.9973E-05 9.9973E-05 9.9973E-05 0.0618086 0.603109 0.234148 0.0047016
0.0386581 9.9946E-05 9.9946E-05 9.9946E-05 9.9946E-05 9.9946E-05 9.9946E-05 0.960742
9.9973E-05 0.0227818 0.00194192 0.00211913 9.9973E-05 0.0794469 9.9973E-05 0.89341
0.0504167 0.0358028 0.0373932 0.0583278 0.00963535 0.267475 9.9991E-05 0.540849
9.9973E-05 0.00623684 0.0168566 0.0381149 9.9973E-05 0.266352 9.9973E-05 0.67214
0.0905953 9.9973E-05 0.0122726 9.9973E-05 9.9973E-05 0.0156007 0.0269467 0.854285
9.9946E-05 9.9946E-05 0.0226523 9.9946E-05 9.9946E-05 9.9946E-05 9.9946E-05 0.976748
9.9946E-05 9.9946E-05 9.9946E-05 0.0397842 9.9946E-05 9.9946E-05 9.9946E-05 0.959616
9.9946E-05 9.9946E-05 9.9946E-05 9.9946E-05 9.9946E-05 0.151629 9.9946E-05 0.847772
9.9946E-05 9.9946E-05 9.9946E-05 0.0139676 9.9946E-05 9.9946E-05 9.9946E-05 0.985433
9.994E-05 9.994E-05 9.994E-05 9.994E-05 9.994E-05 9.994E-05 9.994E-05 0.9993
9.9946E-05 9.9946E-05 0.0136467 9.9946E-05 9.9946E-05 9.9946E-05 9.9946E-05 0.985754
9.9955E-05 9.9955E-05 0.087936 9.9955E-05 9.9955E-05 0.139409 9.9955E-05 0.772156
9.9955E-05 9.9955E-05 9.9955E-05 9.9955E-05 0.039471 0.124425 9.9955E-05 0.835604
0.0190703 9.9946E-05 9.9946E-05 9.9946E-05 9.9946E-05 9.9946E-05 9.9946E-05 0.98033
9.9982E-05 0.0393932 0.00197387 0.158031 0.0743774 0.332949 9.9982E-05 0.393075
0.0196943 0.0027598 0.046215 0.0749582 9.999E-05 0.129988 0.0146222 0.711662
9.9991E-05 0.0342461 0.0112126 0.0275084 0.00441832 0.165269 0.00837312 0.748872
9.9964E-05 9.9964E-05 0.00747527 9.9964E-05 0.0395271 0.110308 9.9964E-05 0.84229
0.0246652 9.9946E-05 9.9946E-05 9.9946E-05 9.9946E-05 9.9946E-05 9.9946E-05 0.974735
0.00237453 0.0204794 9.9982E-05 0.0141353 0.0386462 0.0744562 9.9982E-05 0.849708
9.9946E-05 9.9946E-05 0.0154194 9.9946E-05 9.9946E-05 9.9946E-05 9.9946E-05 0.983981
9.9973E-05 0.034138 9.9973E-05 0.0938669 0.00258933 0.148175 9.9973E-05 0.720931
0.0371827 0.043636 9.9973E-05 9.9973E-05 0.0277298 0.0288385 9.9973E-05 0.862313
9.9964E-05 0.0909055 9.9964E-05 9.9964E-05 0.282609 9.9964E-05 0.561535 0.0645512
9.9982E-05 9.9982E-05 0.0333306 0.113561 0.124938 0.430025 0.249274 0.0486716
9.9964E-05 9.9964E-05 9.9964E-05 9.9964E-05 0.201147 0.486657 0.29641 0.0153854
9.9982E-05 9.9982E-05 0.0410069 0.066463 0.108123 0.146918 0.484156 0.153133
0.184134 0.0461317 0.0203499 0.00999629 0.108667 0.380445 0.102286 0.14799
0.0400042 0.129759 0.0321114 9.9991E-05 0.192485 0.183702 0.323652 0.0981862
0.156028 0.045632 0.00375962 0.153427 0.157033 0.409705 9.9991E-05 0.0743156
0.0439935 9.9973E-05 9.9973E-05 9.9973E-05 0.0903148 0.357726 0.37681 0.130856
9.9982E-05 9.9982E-05 0.0501481 0.0431995 0.0591479 0.535481 0.207611 0.104212
9.9973E-05 9.9973E-05 0.066085 9.9973E-05 0.114008 0.371085 0.298562 0.14996
9.9982E-05 9.9982E-05 0.00743428 0.0909944 0.20569 0.48504 0.149888 0.0607527
9.9964E-05 9.9964E-05 9.9964E-05 0.0676363 0.813111 0.0536696 0.0651834 9.9964E-05
9.9964E-05 0.0265171 0.0937881 9.9964E-05 0.834285 9.9964E-05 9.9964E-05 0.0450099
0.0125871 9.9973E-05 0.0793281 0.0177953 0.872306 9.9973E-05 0.0176836 9.9973E-05
9.9964E-05 9.9964E-05 0.0496346 0.0457068 0.873993 0.0302657 9.9964E-05 9.9964E-05
9.9964E-05 9.9964E-05 0.152206 0.0430192 0.766232 0.0381432 9.9964E-05 9.9964E-05
9.9964E-05 0.034289 0.103696 9.9964E-05 0.812075 9.9964E-05 9.9964E-05 0.0495408
9.9973E-05 9.9973E-05 0.0239983 0.0496037 0.830382 0.0495904 9.9973E-05 0.046126
9.9982E-05 0.0479159 0.0437954 9.9982E-05 0.839927 0.00203247 0.0585516 0.00757801
0.0240525 9.9964E-05 0.0306929 9.9964E-05 0.891868 0.0529868 9.9964E-05 9.9964E-05
9.9973E-05 9.9973E-05 0.0441148 0.0181775 0.840031 9.9973E-05 0.0172851 0.0800913
0.0879573 0.0314146 0.0538791 0.218351 0.583449 9.9982E-05 9.9982E-05 0.0247487
0.0870537 9.9973E-05 0.0389088 0.313372 0.555832 9.9973E-05 9.9973E-05 0.00453272
0.0473564 0.0285167 0.0281136 0.269663 0.506741 9.9982E-05 0.119409 9.9982E-05
0.0921098 0.019366 9.9973E-05 0.320763 0.504827 9.9973E-05 0.062634 9.9973E-05
0.266674 0.0243527 9.9973E-05 0.106508 0.102092 0.500074 9.9973E-05 9.9973E-05
0.316328 0.055622 9.9991E-05 0.0577719 0.00339223 0.526311 0.0322254 0.00824984
0.141553 9.9973E-05 9.9973E-05 0.215043 9.9973E-05 0.554929 0.0374514 0.0507238
0.311815 9.9973E-05 0.0633838 0.207039 9.9973E-05 0.414314 0.00314819 9.9973E-05
0.160526 0.0636218 9.9964E-05 0.60432 9.9964E-05 0.171133 9.9964E-05 9.9964E-05
0.251004 0.0627304 0.0584299 0.034718 0.0201624 0.488253 0.018892 0.0658098
0.309982 0.0134861 9.9973E-05 0.0978002 0.030697 0.547734 9.9973E-05 9.9973E-05
0.374984 0.0970545 0.0109477 0.0696773 9.9982E-05 0.446172 9.9982E-05 0.000964812
0.496092 9.9964E-05 9.9964E-05 9.9964E-05 9.9964E-05 0.374968 0.112845 0.015695
0.186636 0.0380133 9.9973E-05 0.0851822 0.108884 0.580984 9.9973E-05 9.9973E-05
0.362602 0.0511354 0.0230223 0.143024 9.9973E-05 0.419916 9.9973E-05 9.9973E-05
0.670072 0.239182 9.9964E-05 0.073084 9.9964E-05 9.9964E-05 0.0172618 9.9964E-05
0.208446 9.9973E-05 9.9973E-05 0.0923119 0.062883 0.55736 0.0786988 9.9973E-05
0.542166 0.0892227 9.9982E-05 9.9982E-05 0.000659355 0.195231 0.154775 0.0177448
0.459316 0.0298232 0.0338751 0.0154571 9.9982E-05 0.452278 9.9982E-05 0.00905026
0.714814 0.0010863 9.9973E-05 0.165594 0.0515216 0.0666851 9.9973E-05 9.9973E-05
0.0170186 9.9964E-05 9.9964E-05 0.737037 0.0663159 9.9964E-05 0.179228 9.9964E-05
9.9964E-05 9.9964E-05 9.9964E-05 0.668158 0.084317 0.0863131 0.160812 9.9964E-05
9.9955E-05 9.9955E-05 9.9955E-05 0.850348 0.0494089 9.9955E-05 0.0997431 9.9955E-05
0.0344153 0.0232916 9.9973E-05 0.75997 0.144727 9.9973E-05 0.0372965 9.9973E-05
9.9964E-05 9.9964E-05 9.9964E-05 0.828015 9.9964E-05 0.00338461 0.140079 0.0281214
9.9982E-05 0.0211933 9.9982E-05 0.771004 0.0681577 0.107361 0.0203369 0.0117471
9.9964E-05 9.9964E-05 0.0478425 9.9964E-05 0.855866 0.0768178 9.9964E-05 0.0190735
9.9973E-05 9.9973E-05 0.0462282 0.0715777 0.764232 0.067562 9.9973E-05 0.0501007
9.9964E-05 9.9964E-05 0.0498636 9.9964E-05 0.727439 0.108389 9.9964E-05 0.113909
9.9973E-05 9.9973E-05 0.0637516 0.0596771 0.714679 0.0434202 9.9973E-05 0.118172
9.9973E-05 9.9973E-05 0.0113422 0.0138863 0.784744 0.120619 9.9973E-05 0.0691083
0.0389391 9.9973E-05 0.0221438 0.520849 0.363169 9.9973E-05 0.054599 9.9973E-05
0.0311103 0.000675767 9.9973E-05 0.388471 0.481469 9.9973E-05 0.0979737 9.9973E-05
0.0558177 0.0265594 0.0288691 0.477244 0.41121 9.9973E-05 9.9973E-05 9.9973E-05
9.994E-05 9.994E-05 0.9993 9.994E-05 9.994E-05 9.994E-05 9.994E-05 9.994E-05
0.058523 9.9973E-05 0.00852781 0.485381 0.393613 9.9973E-05 0.0536557 9.9973E-05
9.9982E-05 0.0555855 0.00729356 9.9982E-05 0.227327 0.252057 0.109205 0.348331
9.9982E-05 9.9982E-05 0.0508734 0.0867556 0.0388625 0.501501 0.0744209 0.247387
9.9973E-05 0.0213376 0.0241944 9.9973E-05 0.179957 0.559956 9.9973E-05 0.214254
0.0667301 0.0257697 9.9982E-05 9.9982E-05 0.245974 0.370214 0.0710748 0.220038
0.0429099 0.0700471 0.0332494 0.0594693 0.0865097 0.479725 0.0925021 0.135588
9.9973E-05 0.0251204 9.9973E-05 9.9973E-05 0.434788 0.00281667 0.235649 0.301326
0.167049 0.0275121 9.9973E-05 0.33931 9.9973E-05 0.427922 0.0379074 9.9973E-05
0.0781273 0.159968 9.9991E-05 0.17022 0.0254909 0.380202 0.178232 0.00766008
0.0112269 0.072466 0.0334894 0.507788 0.037109 0.337721 9.9982E-05 9.9982E-05
0.0722255 0.361734 0.00108765 0.0620265 0.00236959 0.45889 0.0415667 9.9991E-05
0.13095 0.320944 9.9964E-05 0.16385 9.9964E-05 9.9964E-05 0.383856 9.9964E-05
0.0310722 0.133814 0.0249358 0.20646 0.0390664 0.477674 0.0411003 0.0458775
9.9973E-05 0.197244 9.9973E-05 0.178547 0.0474508 0.514368 0.0620898 9.9973E-05
0.0691348 0.143146 0.03283 0.393556 9.9973E-05 0.361033 9.9973E-05 9.9973E-05
0.118691 9.9973E-05 9.9973E-05 0.208231 0.0612744 0.567834 9.9973E-05 0.0436694
0.297885 0.132852 9.9973E-05 0.200977 9.9973E-05 0.082283 0.285703 9.9973E-05
0.0214692 0.157978 0.0163332 0.1473 9.9991E-05 0.496839 0.15607 0.00391027
0.135846 0.00900704 0.0362502 0.208342 9.9991E-05 0.534994 0.0550852 0.0203743
0.0945547 9.9982E-05 9.9982E-05 0.103339 0.132074 0.447047 0.0517942 0.170991
0.0686633 0.1609 9.9973E-05 0.205903 9.9973E-05 0.437617 0.126617 9.9973E-05
0.0975854 0.0629679 9.9991E-05 0.263834 0.0163478 0.495547 0.0523429 0.011275
0.0995196 0.1213 9.9991E-05 0.098099 0.00957813 0.485209 0.0927266 0.0934679
0.18311 0.0279748 9.9982E-05 0.162836 0.0448905 0.535829 0.0451599 9.9982E-05
0.177229 0.0474408 0.0142932 0.103602 0.0191607 0.510887 9.9991E-05 0.127287
0.128481 0.00650183 0.0538978 0.137564 0.0406717 0.485176 0.067176 0.0805321
0.0979282 9.9991E-05 0.0193697 0.214039 0.0726352 0.516361 0.0140159 0.0655509
9.9955E-05 9.9955E-05 9.9955E-05 9.9955E-05 0.792573 0.128156 9.9955E-05 0.0787717
9.9973E-05 0.0358946 0.0178261 9.9973E-05 0.822415 0.116624 9.9973E-05 0.00693996
9.9973E-05 9.9973E-05 9.9973E-05 0.0791533 0.743126 0.0773021 0.0788787 0.0212403
0.0352932 0.0792359 0.0371963 0.0119797 0.778011 9.9982E-05 9.9982E-05 0.0580842
9.9955E-05 9.9955E-05 0.0617116 9.9955E-05 0.799253 0.138535 9.9955E-05 9.9955E-05
0.0834104 9.9982E-05 9.9982E-05 0.587384 0.0239724 0.241059 0.0162504 0.0477235
0.163414 0.171712 0.0101022 0.0932338 0.0325752 0.417144 9.9991E-05 0.111718
9.9982E-05 0.0117625 9.9982E-05 0.014269 0.175243 0.507375 0.180066 0.111085
0.0592885 0.0752355 9.9982E-05 0.204036 0.0166837 0.639889 9.9982E-05 0.00466717
0.14432 0.111192 0.00576452 0.249398 0.0287714 0.416313 0.000764564 0.0434763
0.123601 0.166869 0.0474045 0.268755 9.9991E-05 0.23169 0.123709 0.0378719
0.125054 0.0197549 0.0568267 0.569174 0.0877075 9.9982E-05 0.141282 9.9982E-05
0.0953636 0.0149509 0.0453273 0.285462 0.0399027 0.498533 0.000525016 0.0199352
0.114795 0.145994 0.000981101 0.469448 0.0475736 0.126347 9.9991E-05 0.0947611
0.148258 0.131216 9.9991E-05 0.078733 0.0557305 0.450368 0.0759846 0.0596088
0.161115 0.150107 9.9991E-05 0.419132 0.178541 0.058049 0.00941691 0.0235391
9.9991E-05 0.0558399 0.0372031 0.207122 0.0864809 0.567351 0.0268039 0.0191002
0.151934 0.0756502 0.0280832 0.532839 0.0469706 0.164323 9.9982E-05 9.9982E-05
0.0684782 0.198085 0.0134875 0.263578 9.9991E-05 0.321358 0.0515211 0.0833923
0.0927215 0.0357411 0.0197883 0.0988202 0.0893486 0.416488 0.173417 0.0736748
9.9964E-05 0.100968 9.9964E-05 0.0955666 9.9964E-05 0.318278 0.484788 9.9964E-05
0.137987 9.9973E-05 9.9973E-05 0.000496835 0.127829 0.499484 0.233903 9.9973E-05
0.0212755 0.00508576 0.0392279 9.9991E-05 0.046546 0.589528 0.268482 0.0297551
9.9964E-05 0.0793992 9.9964E-05 0.091697 9.9964E-05 0.355274 0.47323 9.9964E-05
0.112512 0.0749464 0.0514168 0.100762 0.00242436 0.401239 0.191769 0.064931
0.0535927 9.9982E-05 0.0112455 0.0461623 0.0290634 0.568258 0.291479 9.9982E-05
0.0577035 0.199864 9.9973E-05 0.0412346 9.9973E-05 0.105189 0.595709 9.9973E-05
0.113779 0.0798533 9.9964E-05 9.9964E-05 9.9964E-05 0.229546 0.576421 9.9964E-05
9.9973E-05 0.0352897 0.020321 0.034565 9.9973E-05 0.49883 0.410694 9.9973E-05
0.128971 0.0567308 9.9973E-05 0.0787316 9.9973E-05 0.17408 0.561186 9.9973E-05
0.0822893 9.9973E-05 9.9973E-05 0.103295 0.0293178 0.505055 0.279743 9.9973E-05
0.133524 0.0685204 0.0122962 0.669236 9.9982E-05 0.0422666 9.9982E-05 0.0739568
0.150102 0.373368 9.9964E-05 0.278112 9.9964E-05 0.198018 9.9964E-05 9.9964E-05
0.0311978 0.11575 0.0053691 0.435996 9.9982E-05 0.321762 9.9982E-05 0.0897256
0.0317556 0.0484363 0.0291745 0.254469 9.9982E-05 0.545898 9.9982E-05 0.0900666
0.170113 0.0584702 0.00715516 0.490145 9.9991E-05 0.235566 0.0338259 0.004624
0.106202 0.119547 9.9991E-05 0.21615 0.0695099 0.376793 0.049899 0.0617992
0.0615287 9.9982E-05 0.0749908 0.165659 9.9982E-05 0.482194 0.131347 0.0840808
0.0992659 0.0132547 9.9973E-05 0.243637 9.9973E-05 0.552302 9.9973E-05 0.0912403
0.181811 0.00242404 0.00230692 0.266063 0.0405132 0.361775 9.9991E-05 0.145008
0.151557 0.0200965 0.00993456 0.304557 9.9991E-05 0.446865 0.0292758 0.037614
0.210468 0.0295972 9.9973E-05 0.473937 9.9973E-05 0.198985 9.9973E-05 0.0867132
0.0392391 0.0919009 9.9982E-05 0.431671 9.9982E-05 0.281096 0.021739 0.134154
0.0299401 0.197151 9.9982E-05 0.192974 0.00252349 0.550894 9.9982E-05 0.0263167
0.0936864 0.04838 0.0276325 0.0988459 0.0577667 0.567054 0.106534 9.9991E-05
0.0661051 0.16623 0.00727464 0.166248 0.058212 0.401113 0.0987281 0.0360887
9.9964E-05 0.257332 9.9964E-05 0.192547 9.9964E-05 0.516962 9.9964E-05 0.0327595
0.0145804 0.0483974 0.051547 0.392615 0.0315584 0.35006 0.0202155 0.0910265
0.155301 0.0822013 9.9973E-05 0.11966 9.9973E-05 0.623949 9.9973E-05 0.0185894
0.0568623 0.0506321 9.9991E-05 0.281504 0.035941 0.457294 0.0444074 0.0732591
0.0356159 0.104961 0.031355 0.270493 0.0450584 0.312196 9.9991E-05 0.200221
0.0322298 9.9991E-05 0.0334565 0.00176655 0.315962 0.444683 0.10071 0.0710925
0.142264 9.9982E-05 0.0265016 9.9982E-05 0.033939 0.354958 0.187205 0.254933
0.00931066 0.013391 9.9991E-05 0.12133 0.0607054 0.592286 0.0795881 0.123289
0.0847182 0.0260515 0.0325522 0.0482822 0.00703672 0.585316 0.05743 0.158614
0.0426277 0.128577 0.0239445 0.0192257 0.194743 0.342145 9.9991E-05 0.248637
0.0787995 0.147123 9.9982E-05 0.185023 9.9982E-05 0.417627 0.17028 0.000948145
0.153604 0.095134 0.0665065 0.0791629 0.0746683 0.308442 9.9991E-05 0.222382
0.120335 0.0258041 9.9982E-05 9.9982E-05 0.197111 0.0239693 0.471553 0.161027
0.0273733 0.0708602 0.0353967 0.0821883 0.111135 0.456059 0.0266293 0.190359
0.038814 0.139592 0.0293424 9.9982E-05 0.0805323 0.574616 9.9982E-05 0.136903
0.00994558 9.9991E-05 0.00429412 0.109953 0.0989843 0.485561 0.0610419 0.23012
0.0503744 0.157387 0.0234746 0.0721733 0.155233 0.242508 0.130132 0.168717
9.9991E-05 0.0422857 0.00236847 0.0298501 0.144002 0.516522 0.0927914 0.17208
9.9982E-05 0.0735158 0.0384553 0.0193805 0.123169 0.597075 9.9982E-05 0.148205
0.0126639 9.9973E-05 0.0201802 9.9973E-05 0.434721 9.9973E-05 0.321221 0.210914
0.00068904 0.050455 0.0850931 0.0636005 0.144303 0.465043 0.017634 0.173182
0.00195704 0.142688 0.0082718 0.00370467 0.138735 0.538637 9.9991E-05 0.165907
0.118431 9.9991E-05 0.0161154 0.0411109 0.0892395 0.511848 0.0760888 0.147066
9.9973E-05 9.9973E-05 0.00394508 9.9973E-05 0.161019 0.606316 0.104242 0.124178
0.0174036 0.0566482 9.9991E-05 0.0387679 0.146479 0.514455 0.0812367 0.144911
0.143497 0.328177 0.107345 0.0533355 0.0003388 0.284371 9.9991E-05 0.0828354
0.0517904 0.168302 0.0474186 0.00287929 0.0558129 0.591833 0.0723126 0.00965177
0.130008 0.713623 9.9955E-05 0.15587 9.9955E-05 9.9955E-05 9.9955E-05 9.9955E-05
0.0471649 0.839107 9.9964E-05 0.0902454 0.0230825 9.9964E-05 9.9964E-05 9.9964E-05
9.9982E-05 0.275279 0.0239087 0.106191 0.0667413 0.481772 9.9982E-05 0.0459074
9.9973E-05 0.139506 9.9973E-05 9.9973E-05 0.105048 0.39494 0.135965 0.224242
9.9973E-05 0.262564 9.9973E-05 9.9973E-05 0.0700118 0.298031 0.0310692 0.338024
9.9982E-05 0.207409 0.0247655 9.9982E-05 0.190712 0.19982 0.134863 0.242231
9.9982E-05 0.172145 0.0416629 9.9982E-05 0.173039 0.375793 0.023829 0.21333
9.9973E-05 0.687876 0.005199 9.9973E-05 0.105265 9.9973E-05 0.114507 0.0868535
9.9982E-05 0.679723 0.0597761 9.9982E-05 0.0279489 0.126703 0.05744 0.0482083
9.9973E-05 0.343617 0.0345709 9.9973E-05 0.0325795 0.485335 9.9973E-05 0.103598
9.9964E-05 0.448931 9.9964E-05 9.9964E-05 0.0736164 0.383238 9.9964E-05 0.0938152
9.9982E-05 0.699366 0.062037 0.020983 0.0204715 0.101956 9.9982E-05 0.0949869
9.9973E-05 0.266694 9.9973E-05 0.0433709 0.0667904 0.478064 9.9973E-05 0.144781
0.0242847 0.356907 9.9982E-05 9.9982E-05 0.0225493 0.489333 0.00939386 0.0973325
0.119322 0.123173 0.0164134 0.115645 9.9991E-05 0.341419 0.118704 0.165224
0.0308223 0.608995 0.0318716 0.0522508 9.9973E-05 0.27576 9.9973E-05 9.9973E-05
0.0338516 0.609136 0.0366427 9.9973E-05 9.9973E-05 0.248534 0.0715352 9.9973E-05
0.0832307 0.200778 0.0342024 9.9982E-05 0.0583442 0.559886 0.0633585 9.9982E-05
9.9982E-05 0.330001 0.0181266 0.136437 0.0532467 0.3432 0.11879 9.9982E-05
0.123066 0.127837 0.0465467 0.0826192 0.0542461 0.375058 0.111372 0.0792538
9.9964E-05 0.464803 9.9964E-05 9.9964E-05 0.00512278 0.481529 0.0481461 9.9964E-05
9.9964E-05 0.778509 9.9964E-05 0.0184268 9.9964E-05 0.200761 0.00190373 9.9964E-05
0.0873578 0.32032 0.0144484 9.9973E-05 0.01517 0.562404 9.9973E-05 9.9973E-05
0.0363684 0.794625 9.9964E-05 9.9964E-05 9.9964E-05 0.164134 9.9964E-05 0.00447268
0.00839442 0.575007 0.0521309 0.00840348 9.9982E-05 0.337942 0.0179224 9.9982E-05
0.0360019 0.174346 0.0954994 0.0949151 0.0224035 0.501089 9.9991E-05 0.0756452
0.0525086 0.212564 0.0338721 0.147073 9.9982E-05 0.521194 0.0325877 9.9982E-05
9.9982E-05 0.155167 0.043811 9.9982E-05 0.0936347 0.542711 0.03743 0.127046
0.0458775 0.113326 9.9991E-05 0.137874 0.0870585 0.341774 0.102498 0.171492
9.9991E-05 0.0497059 0.0349717 0.0579995 0.139444 0.303368 0.155958 0.258454
0.036649 0.0509995 0.0834341 0.118751 0.117548 0.307001 0.0815394 0.204078
0.128699 0.0575526 9.9991E-05 0.033419 0.133587 0.46871 0.0102575 0.167674
9.9982E-05 0.143088 0.000448444 9.9982E-05 0.149586 0.395314 0.167615 0.143749
9.9973E-05 0.597769 0.00364313 9.9973E-05 0.189377 9.9973E-05 0.0967292 0.112183
9.9982E-05 0.0717443 9.9982E-05 0.0229222 0.1257 0.59209 0.0198751 0.167468
9.9973E-05 0.414905 0.0141129 9.9973E-05 0.376538 9.9973E-05 0.147837 0.046307
9.9973E-05 0.317219 9.9973E-05 9.9973E-05 0.0440579 0.431283 0.0112903 0.19585
0.15796 0.798084 9.9964E-05 9.9964E-05 9.9964E-05 0.0210868 0.0224694 9.9964E-05
0.0697956 0.869362 0.0156139 0.0234924 9.9973E-05 9.9973E-05 0.0214366 9.9973E-05
0.125808 0.461755 0.00158972 9.9964E-05 9.9964E-05 0.410447 9.9964E-05 9.9964E-05
9.9964E-05 0.438922 0.00949289 9.9964E-05 0.00428271 0.546902 9.9964E-05 9.9964E-05
0.0159843 0.574917 9.9964E-05 0.058968 9.9964E-05 0.349731 9.9964E-05 9.9964E-05
0.0577966 0.491131 9.9964E-05 9.9964E-05 0.0160628 0.43461 9.9964E-05 9.9964E-05
9.9955E-05 0.517075 0.0233449 9.9955E-05 9.9955E-05 0.45908 9.9955E-05 9.9955E-05
9.9991E-05 0.0317528 0.0782695 0.00729423 0.746305 0.102287 0.0310992 0.00289198
9.9973E-05 0.0321593 0.0637957 0.176437 0.640079 9.9973E-05 9.9973E-05 0.0872295
9.9964E-05 9.9964E-05 0.0341771 0.0217202 0.863515 9.9964E-05 9.9964E-05 0.0801874
9.9955E-05 9.9955E-05 0.153117 9.9955E-05 0.786322 0.0600608 9.9955E-05 9.9955E-05
0.316751 0.0904876 0.0572773 0.00240943 0.0197024 0.475238 9.9991E-05 0.0380342
0.444653 9.9982E-05 0.0279591 0.065048 0.0398654 0.354667 9.9982E-05 0.0676077
0.474616 9.9964E-05 0.0203716 0.0553672 9.9964E-05 0.449246 9.9964E-05 9.9964E-05
0.250205 9.9973E-05 9.9973E-05 0.072094 0.137702 0.52806 0.0116393 9.9973E-05
0.106265 9.9982E-05 9.9982E-05 0.073575 0.103648 0.541749 0.15642 0.0181426
0.576407 0.0348766 9.9991E-05 0.125011 0.0201082 0.183445 0.040624 0.0194284
0.338963 0.0416982 9.9973E-05 0.00884762 9.9973E-05 0.542537 9.9973E-05 0.0676541
0.485342 0.0512959 0.00454171 9.9973E-05 9.9973E-05 0.309049 0.149471 9.9973E-05
0.0351656 9.9991E-05 0.0207016 0.0241158 0.265226 0.487058 0.0511476 0.116485
0.330571 0.134621 9.9982E-05 0.0333946 9.9982E-05 0.334009 0.0596241 0.10758
0.51638 9.9964E-05 0.033778 0.104164 9.9964E-05 0.345278 9.9964E-05 9.9964E-05
0.35668 0.0204773 9.9964E-05 0.0528004 9.9964E-05 0.569643 9.9964E-05 9.9964E-05
0.458136 0.0274778 0.0101895 0.080902 9.9973E-05 0.422994 9.9973E-05 9.9973E-05
0.374409 0.100443 9.9955E-05 9.9955E-05 9.9955E-05 0.524648 9.9955E-05 9.9955E-05
0.355603 9.9955E-05 9.9955E-05 9.9955E-05 0.0691075 0.574789 9.9955E-05 9.9955E-05
0.844638 0.0906907 9.9964E-05 9.9964E-05 9.9964E-05 0.0596159 0.00465531 9.9964E-05
0.690989 0.00871469 0.00298709 9.9982E-05 9.9982E-05 0.17514 0.0694117 0.0525571
0.670238 9.9964E-05 0.0350042 0.0144993 9.9964E-05 0.279859 9.9964E-05 9.9964E-05
0.687822 0.13041 9.9955E-05 9.9955E-05 9.9955E-05 9.9955E-05 0.181268 9.9955E-05
0.520169 0.0150642 0.0363694 0.103763 9.9982E-05 0.313124 9.9982E-05 0.0113106
0.66308 0.0309 0.0195014 9.9982E-05 9.9982E-05 0.0520254 0.21841 0.0158832
0.68953 0.118582 9.9964E-05 9.9964E-05 0.00201336 9.9964E-05 0.189475 9.9964E-05
0.466347 9.9973E-05 0.00722302 9.9973E-05 0.00304989 0.416967 9.9973E-05 0.106113
0.61273 0.0336192 0.0215794 0.112814 0.0202792 0.187402 0.0114753 9.9991E-05
0.499753 9.9982E-05 0.00202127 0.0280596 0.0376309 0.410428 9.9982E-05 0.0219069
0.173779 0.0187279 0.0329055 9.9991E-05 0.117253 0.522512 0.0227377 0.111985
0.331515 9.9982E-05 0.0279603 0.10333 9.9982E-05 0.514389 0.0188723 0.00373363
0.188599 0.0400213 0.0105806 0.228387 9.9991E-05 0.350033 0.179575 0.00270386
0.374442 9.9982E-05 0.0129507 0.0460785 0.00740183 0.526465 0.0324625 9.9982E-05
0.384805 0.00219731 0.00567173 0.114896 0.0319454 0.456959 9.9991E-05 0.00342506
0.660333 0.0237989 0.0299993 9.9973E-05 9.9973E-05 0.247367 0.038202 9.9973E-05
0.189073 0.158402 0.0118124 0.0451134 0.0567829 0.538616 9.9982E-05 9.9982E-05
0.0257909 0.00147774 0.0534047 0.255156 0.583383 0.000810806 0.0798769 9.9991E-05
0.0723938 9.9982E-05 0.0413182 0.0974843 0.713593 0.0483685 0.0266418 9.9982E-05
9.9964E-05 9.9964E-05 0.123494 0.117562 0.713929 9.9964E-05 0.0446147 9.9964E-05
9.9973E-05 0.0408801 0.0683888 0.106954 0.749028 9.9973E-05 0.0344487 9.9973E-05
9.9964E-05 9.9964E-05 9.9964E-05 0.221199 0.731822 0.0169265 0.0296528 9.9964E-05
0.731441 9.9964E-05 9.9964E-05 0.16847 0.0254201 0.0742688 9.9964E-05 9.9964E-05
0.698782 0.0249479 0.00422403 0.12974 0.0466525 0.0954534 9.9982E-05 9.9982E-05
0.847765 0.021982 9.9973E-05 9.9973E-05 9.9973E-05 0.0477871 0.0673653 0.0148011
0.346826 0.0134467 9.9973E-05 9.9973E-05 0.100826 0.460096 9.9973E-05 0.0785054
0.176797 0.0114651 0.0203864 0.0428567 0.146336 0.601959 9.9982E-05 9.9982E-05
0.571844 9.9964E-05 9.9964E-05 9.9964E-05 9.9964E-05 0.224344 0.127072 0.0763404
0.241138 0.10706 0.0216631 0.016889 9.9991E-05 0.47334 0.00395007 0.13586
0.436477 0.0673956 9.9982E-05 9.9982E-05 0.0639085 0.362567 0.0504142 0.0190379
0.399369 0.016581 0.0187497 0.0256858 0.0770684 0.425725 9.9991E-05 0.0367213
0.337038 9.9973E-05 9.9973E-05 9.9973E-05 0.0782854 0.530595 0.0065906 0.0471914
0.554989 9.9973E-05 9.9973E-05 0.199764 9.9973E-05 0.198697 0.012042 0.0342078
0.658895 9.9964E-05 0.0116846 0.0195799 9.9964E-05 0.309441 9.9964E-05 9.9964E-05
0.647968 9.9964E-05 9.9964E-05 0.09538 9.9964E-05 0.25365 9.9964E-05 0.00260267
9.9973E-05 9.9973E-05 0.000489277 0.0937338 0.043867 0.608026 0.253584 9.9973E-05
0.592373 9.9964E-05 0.0559887 0.0668134 9.9964E-05 0.284425 9.9964E-05 9.9964E-05
0.498178 0.00571903 9.9991E-05 0.0529221 0.0410865 0.341724 0.0092141 0.0510561
0.0223219 9.9982E-05 0.0593746 0.039458 9.9982E-05 0.313023 0.118588 0.447035
9.9982E-05 0.056229 0.0367769 9.9982E-05 0.0538807 0.328173 0.0677424 0.456998
9.9973E-05 9.9973E-05 0.0445629 9.9973E-05 0.0901279 0.409758 0.0561452 0.399106
9.9982E-05 0.0513524 0.012864 9.9982E-05 0.128945 0.272934 0.0491037 0.484601
9.9991E-05 0.0556433 0.0222037 0.0550508 0.119933 0.426339 0.00846163 0.312269
0.270712 9.9982E-05 0.00441862 9.9982E-05 0.0585051 0.468962 0.195381 0.00182082
9.9973E-05 0.0391725 0.0527641 9.9973E-05 0.189066 9.9973E-05 0.0330929 0.685605
0.0665935 9.9973E-05 0.0941482 9.9973E-05 0.105034 0.328237 9.9973E-05 0.405688
0.0831783 9.9982E-05 0.0286868 9.9982E-05 0.087737 0.416432 0.263202 0.120564
9.9964E-05 9.9964E-05 0.0469019 9.9964E-05 0.0414726 0.595066 0.31616 9.9964E-05
9.9982E-05 0.0173536 0.0497575 0.123783 0.0251228 0.447725 0.336058 9.9982E-05
0.0242856 9.9991E-05 0.00569966 0.0471344 0.0445202 0.675046 0.196149 0.00706455
0.0907778 9.9964E-05 9.9964E-05 9.9964E-05 0.0817734 0.65888 0.168169 9.9964E-05
9.9964E-05 9.9964E-05 0.0241788 9.9964E-05 0.182823 0.439194 9.9964E-05 0.353404
9.9982E-05 0.0693408 0.0833417 0.0995808 0.0168602 0.281079 9.9982E-05 0.449597
9.9964E-05 9.9964E-05 0.0344426 9.9964E-05 0.0533994 0.4689 9.9964E-05 0.442858
0.0542498 0.00287655 0.0319804 0.0343906 0.0545879 0.427375 0.137178 0.257362
0.0473045 9.9982E-05 0.0551982 9.9982E-05 0.0694864 0.266694 0.0434104 0.517706
0.183085 0.0440174 0.0685983 9.9982E-05 0.100737 0.269797 9.9982E-05 0.333566
9.9973E-05 0.0833577 0.039832 9.9973E-05 0.136616 0.238831 9.9973E-05 0.501063
0.0113368 0.0584916 9.9982E-05 0.140036 0.01387 0.403897 9.9982E-05 0.372169
0.0133619 9.9964E-05 0.0196173 9.9964E-05 9.9964E-05 0.536929 0.429692 9.9964E-05
0.00972611 9.9991E-05 0.0333772 0.0360933 0.158575 0.394771 0.0692338 0.298124
9.9973E-05 9.9973E-05 0.0232207 9.9973E-05 0.186265 0.16767 0.0484753 0.574069
0.0531744 0.0346206 9.9982E-05 0.0609332 0.137296 0.355125 9.9982E-05 0.358651
0.0162153 9.9982E-05 0.0302547 0.274671 0.0892844 0.219384 0.369991 9.9982E-05
9.9982E-05 0.00954287 0.049943 9.9982E-05 0.0108617 0.608662 0.266499 0.0542917
9.9982E-05 9.9982E-05 0.0173589 0.031511 0.244404 0.400804 0.0477154 0.258007
9.9991E-05 0.00444905 0.0235875 0.105613 0.118169 0.641198 0.0963602 0.0105237
0.0463638 9.9982E-05 0.057705 0.046507 0.0713107 0.468771 0.309143 9.9982E-05
0.164005 0.0293322 0.0167768 0.0583236 0.179562 0.332784 0.0351383 0.184078
9.9982E-05 0.13021 0.0348537 9.9982E-05 0.20186 0.384857 0.035957 0.212062
0.154443 9.9991E-05 0.0239966 0.0958522 0.0501265 0.547157 0.0172423 0.111083
0.0730554 0.0382057 0.0183135 9.9991E-05 0.115938 0.357987 0.0161342 0.380266
9.9973E-05 0.079092 9.9973E-05 9.9973E-05 0.0859864 0.363657 0.029179 0.441785
9.9982E-05 0.0384765 0.0293306 9.9982E-05 0.139434 0.134705 0.0658283 0.592026
0.0685252 9.9982E-05 0.0986519 0.0487888 0.0246619 0.625545 0.133627 9.9982E-05
0.0649926 9.9982E-05 0.0361317 0.0887871 0.0231475 0.445281 0.34146 9.9982E-05
9.9973E-05 9.9973E-05 0.0571081 9.9973E-05 0.0242514 0.171833 0.731158 0.0153497
0.0149337 9.9991E-05 0.0153855 0.0461564 0.0650453 0.643018 0.180092 0.0352688
0.0746857 0.21068 0.00719241 0.175199 0.111251 0.351241 0.0274486 0.0423017
0.0539921 0.0689163 0.03112 9.9991E-05 0.169447 0.446529 0.115707 0.11419
9.9991E-05 0.0175572 0.0806559 0.0996478 0.0554463 0.470465 0.146643 0.129485
9.9955E-05 9.9955E-05 9.9955E-05 9.9955E-05 0.269131 9.9955E-05 0.529689 0.20068
9.9964E-05 9.9964E-05 0.0836251 9.9964E-05 0.184332 9.9964E-05 0.624847 0.106796
9.9991E-05 0.0373744 0.0211019 0.0368506 0.124854 0.29341 0.43963 0.0466797
