0.0102348 9.9982E-05 9.9982E-05 0.873038 0.0431172 0.00994237 0.0202095 0.00538828 0.0378698
0.00537734 9.9964E-05 0.0631613 0.916201 0.00960724 9.9964E-05 0.00525297 9.9964E-05 9.9964E-05
9.9964E-05 9.9964E-05 9.9964E-05 0.836134 0.0130286 9.9964E-05 0.00945694 0.130912 0.010069
0.034686 9.9982E-05 0.000618245 0.793366 0.0414275 9.9982E-05 0.0478237 0.00668157 0.075197
9.9973E-05 0.0339584 0.0375131 0.849415 9.9973E-05 9.9973E-05 0.0252012 0.0426105 0.0110023
0.0299217 0.126529 0.0181379 0.56317 9.9991E-05 0.0424327 0.108376 0.0421895 0.0691429
0.0120302 0.092138 0.0035248 0.807084 9.9982E-05 0.0190304 0.0616672 9.9982E-05 0.00432559
0.0219969 0.0404502 0.0426446 0.672271 0.00529879 0.0444237 0.138107 9.9991E-05 0.0347081
9.99549E-05 9.99549E-05 9.99549E-05 0.82716 0.0568607 0.0711886 0.0442909 9.99549E-05 9.99549E-05
0.0100107 9.9973E-05 0.105611 0.673309 9.9973E-05 9.9973E-05 0.0946252 0.0343014 0.0818424
0.061502 0.143718 9.9973E-05 0.681575 0.00848525 9.9973E-05 0.0884185 0.0160013 9.9973E-05
0.852202 9.9955E-05 9.9955E-05 9.9955E-05 0.024005 0.0221279 9.9955E-05 9.9955E-05 0.101165
0.351925 9.9991E-05 0.0630759 0.0178767 0.0281315 0.0343868 0.0439407 0.44492 0.0156431
0.758283 0.00821972 0.0635852 0.0334949 0.00308079 9.9991E-05 0.0110273 0.0559816 0.0662272
0.655129 9.9964E-05 9.9964E-05 0.0354722 9.9964E-05 9.9964E-05 0.00609117 0.149695 0.153213
0.48168 0.00144987 0.0609056 0.0877093 9.9982E-05 0.00556578 9.9982E-05 0.239339 0.12315
0.419733 0.00510644 0.0405826 9.9973E-05 9.9973E-05 9.9973E-05 0.0135086 0.411365 0.109405
0.467523 0.0242532 0.065125 9.9982E-05 9.9982E-05 0.0529791 0.0084861 0.301821 0.0796123
0.65524 9.9955E-05 9.9955E-05 0.0970295 9.9955E-05 9.9955E-05 9.9955E-05 0.19079 0.0564411
0.853735 0.0221666 9.9955E-05 0.0564461 0.0671526 9.9955E-05 9.9955E-05 9.9955E-05 9.9955E-05
0.467697 9.9973E-05 0.0277092 9.9973E-05 9.9973E-05 0.0145627 0.11927 0.235977 0.134485
0.216798 0.139205 0.013538 9.9991E-05 0.0810267 0.0810946 0.0232373 0.442555 0.00244538
0.298252 0.0510885 0.031749 0.00765772 0.011206 0.041712 9.9982E-05 0.558135 9.9982E-05
0.807749 0.0163513 9.9955E-05 9.9955E-05 9.9955E-05 9.9955E-05 9.9955E-05 0.100843 0.0745565
0.0806533 9.9991E-05 0.00564648 0.0696001 0.0302294 0.150944 0.0348506 0.58139 0.0465865
0.479028 9.9955E-05 9.9955E-05 0.0422212 9.9955E-05 9.9955E-05 9.9955E-05 0.394812 0.083439
0.923118 9.9946E-05 9.9946E-05 9.9946E-05 9.9946E-05 9.9946E-05 9.9946E-05 0.00535824 0.0709236
0.817952 9.9937E-05 9.9937E-05 9.9937E-05 9.9937E-05 9.9937E-05 9.9937E-05 9.9937E-05 0.181348
0.766645 0.0705091 0.0662182 9.9964E-05 0.0173458 9.9964E-05 9.9964E-05 0.0788822 9.9964E-05
9.9946E-05 9.9946E-05 9.9946E-05 0.827703 9.9946E-05 9.9946E-05 9.9946E-05 0.138555 0.0331425
0.0466347 9.9946E-05 9.9946E-05 0.819459 9.9946E-05 9.9946E-05 9.9946E-05 0.133306 9.9946E-05
9.9955E-05 9.9955E-05 9.9955E-05 0.772119 0.0595445 9.9955E-05 9.9955E-05 0.11833 0.0495071
9.9964E-05 9.9964E-05 9.9964E-05 0.715838 0.0237034 0.0340053 9.9964E-05 0.120418 0.105635
0.149764 0.0288953 9.9982E-05 0.00491481 0.0385758 0.218081 0.0348793 0.52469 9.9982E-05
0.0942792 9.9964E-05 9.9964E-05 0.0530935 9.9964E-05 0.296616 9.9964E-05 0.518921 0.0366907
9.9955E-05 9.9955E-05 9.9955E-05 0.0120427 0.0587727 0.393341 9.9955E-05 0.535344 9.9955E-05
0.504563 0.0285259 9.9973E-05 0.0988764 0.247483 0.0307218 9.9973E-05 0.0895296 9.9973E-05
9.9955E-05 9.9955E-05 9.9955E-05 9.9955E-05 0.0715098 0.605273 9.9955E-05 0.273882 0.0488351
0.099781 9.9991E-05 0.0128646 0.0227414 0.100175 0.19488 0.0187645 0.477109 0.0735841
0.0118098 0.0521523 9.9982E-05 0.00147835 9.9982E-05 0.134289 0.07724 0.704813 0.0180178
9.9982E-05 0.127804 0.00741078 0.0633724 0.0521149 0.124252 0.0559021 0.568944 9.9982E-05
0.0656805 9.9991E-05 0.0711866 0.0829311 0.0253986 0.118534 0.0703711 0.493756 0.0720415
0.16368 0.0521594 9.9982E-05 0.00466896 0.00612508 0.598956 0.0513369 0.122874 9.9982E-05
9.9973E-05 0.142879 9.9973E-05 0.0133692 0.0753876 0.120961 9.9973E-05 0.634973 0.0121306
0.0418795 0.0122254 9.9973E-05 0.0265676 9.9973E-05 0.281454 9.9973E-05 0.549879 0.0876953
9.999E-05 0.00681362 0.0556371 0.0307952 0.0426732 0.150161 0.0250604 0.576453 0.112307
9.9955E-05 9.9955E-05 0.0498725 9.9955E-05 0.0153291 0.620108 9.9955E-05 0.31419 9.9955E-05
0.0242189 9.9973E-05 0.0366825 0.0633654 9.9973E-05 0.234782 9.9973E-05 0.62181 0.018842
0.00171 0.0409997 9.9982E-05 0.10125 9.9982E-05 0.0460503 0.122867 0.679889 0.00703427
9.9964E-05 0.247964 0.00379078 0.0601371 0.0211228 0.666586 9.9964E-05 9.9964E-05 9.9964E-05
0.338359 0.0383263 0.0729499 9.9982E-05 0.127871 0.210698 0.0783209 0.133276 9.9982E-05
0.355897 0.333698 0.138941 9.9973E-05 9.9973E-05 0.084127 0.0405159 0.0465217 9.9973E-05
0.217891 9.9982E-05 9.9982E-05 0.0520508 0.00822222 0.163965 0.00440311 0.464334 0.0889341
0.0463853 0.121088 0.068266 0.0415492 0.0461684 0.0355095 0.04343 0.521287 0.0763169
0.11318 0.051481 0.0965937 9.9982E-05 0.0328912 9.9982E-05 0.0380899 0.580202 0.0873619
0.345697 0.024617 0.0926588 0.0956947 0.112367 0.185911 0.0392268 0.103728 9.9991E-05
0.152583 0.134886 0.0427067 9.9973E-05 0.155846 9.9973E-05 0.0133644 0.500314 9.9973E-05
0.188316 0.191614 0.040199 0.00760154 0.0257353 0.00590582 9.9991E-05 0.460493 0.0800343
0.338506 0.0226684 0.048575 0.122577 9.9982E-05 0.119859 9.9982E-05 0.34269 0.0049247
0.425713 0.142897 0.0135411 0.197087 0.0127092 0.0645912 0.0818756 0.0563679 0.00521853
0.131406 0.147802 0.00613183 0.00850848 9.9991E-05 0.137499 0.035829 0.495164 0.0375595
0.24738 0.0290628 0.0232256 0.0942129 0.0537139 0.135663 0.0514224 0.365219 9.9991E-05
0.656879 0.154702 9.9964E-05 0.0128196 9.9964E-05 0.0511956 0.124004 9.9964E-05 9.9964E-05
0.404024 0.0193539 0.0870325 9.9964E-05 0.0663162 9.9964E-05 9.9964E-05 0.422873 9.9964E-05
0.0871468 0.120867 0.165815 9.9991E-05 0.00142792 0.0181946 0.00229558 0.551548 0.0526049
0.110614 0.0869404 9.9991E-05 0.0688262 0.128242 0.00896638 0.0166868 0.5239 0.0557245
0.424164 0.0703892 0.0402481 0.0205208 0.00211825 0.0543602 0.0810239 0.224436 0.0827392
0.376388 0.140197 0.043514 9.9973E-05 9.9973E-05 9.9973E-05 0.00610655 0.351086 0.0824083
0.0913348 9.9982E-05 0.0828311 0.0308923 0.0821374 9.9982E-05 0.172499 0.537573 0.00253174
0.521858 0.0790828 0.113105 9.9982E-05 0.108921 0.0517001 0.0413347 0.0837985 9.9982E-05
9.9946E-05 9.9946E-05 9.9946E-05 9.9946E-05 0.090189 0.397564 9.9946E-05 0.511647 9.9946E-05
0.235759 9.9955E-05 9.9955E-05 9.9955E-05 9.9955E-05 0.642688 9.9955E-05 0.0964878 0.0245658
9.9973E-05 9.9973E-05 0.0585368 0.0930779 0.0921635 0.235156 9.9973E-05 0.447203 0.0735621
9.9937E-05 0.111823 9.9937E-05 9.9937E-05 9.9937E-05 0.887478 9.9937E-05 9.9937E-05 9.9937E-05
0.141928 0.0632855 0.0353099 9.9955E-05 9.9955E-05 0.758977 9.9955E-05 9.9955E-05 9.9955E-05
9.9964E-05 9.9964E-05 0.00439341 9.9964E-05 9.9964E-05 0.756275 0.0220706 0.183574 0.033288
0.136723 9.9964E-05 9.9964E-05 0.0108944 9.9964E-05 0.371986 0.0377278 0.442269 9.9964E-05
0.00257893 0.0707379 0.0516451 0.118657 0.0348801 0.192452 9.9982E-05 0.528849 9.9982E-05
0.138734 0.040982 9.9973E-05 0.0348693 9.9973E-05 0.378915 9.9973E-05 0.377497 0.0287025
0.242648 9.9973E-05 9.9973E-05 0.0285781 9.9973E-05 0.541586 0.0650589 0.0509865 0.0708425
0.0743848 9.9973E-05 9.9973E-05 0.0240071 0.0666824 0.492113 0.141126 0.201387 9.9973E-05
9.9964E-05 9.9964E-05 0.139226 0.128965 0.0807054 0.1104 9.9964E-05 0.540304 9.9964E-05
0.227819 9.9964E-05 9.9964E-05 0.0331353 9.9964E-05 0.490554 9.9964E-05 0.210413 0.0376785
0.175843 9.9964E-05 0.0289072 0.0721292 9.9964E-05 0.342747 9.9964E-05 0.379973 9.9964E-05
0.031297 0.0289818 0.00313115 9.9973E-05 9.9973E-05 0.509496 0.0128757 0.413918 9.9973E-05
0.0631228 0.209573 0.0615279 9.9973E-05 9.9973E-05 0.61289 0.0293037 0.0232824 9.9973E-05
0.0199891 0.0470429 0.0110089 9.9991E-05 0.0868754 0.230251 0.000259874 0.563217 0.041256
0.0969424 9.9955E-05 9.9955E-05 0.744249 9.9955E-05 9.9955E-05 9.9955E-05 0.110725 0.0475832
9.99371E-05 9.99371E-05 9.99371E-05 0.88556 9.99371E-05 9.99371E-05 9.99371E-05 0.113741 9.99371E-05
9.9946E-05 9.9946E-05 9.9946E-05 0.851079 9.9946E-05 9.9946E-05 9.9946E-05 0.101373 0.0469481
9.9937E-05 9.9937E-05 9.9937E-05 0.8993 9.9937E-05 9.9937E-05 9.9937E-05 0.1 9.9937E-05
9.9955E-05 9.9955E-05 0.0211429 0.873578 9.9955E-05 0.00803235 9.9955E-05 0.0967469 9.9955E-05
9.9964E-05 0.0160564 9.9964E-05 0.834055 9.9964E-05 9.9964E-05 0.0509126 0.0382554 0.0603212
9.99551E-05 9.99551E-05 0.0127417 0.920067 9.99551E-05 9.99551E-05 9.99551E-05 0.0546785 0.0120126
9.9982E-05 0.0406304 0.0283697 0.0945993 0.0463501 0.196238 9.9982E-05 0.473772 0.11984
0.18223 9.9982E-05 0.0918206 0.0546327 9.9982E-05 0.175708 0.0617612 0.366057 0.0675907
0.102476 0.0637516 0.0142831 0.0472326 0.02367 0.696073 0.00449507 0.0479181 9.9991E-05
0.139251 0.0368383 9.9982E-05 0.0549225 9.9982E-05 0.196542 0.024534 0.546482 0.0012297
0.14778 9.9964E-05 9.9964E-05 0.0477201 0.0486789 0.38196 9.9964E-05 0.373461 9.9964E-05
9.9955E-05 9.9955E-05 0.0517023 0.0386224 9.9955E-05 0.33251 9.9955E-05 0.576665 9.9955E-05
0.0438532 9.9982E-05 0.0325797 0.0160953 0.0220431 0.332591 9.9982E-05 0.507667 0.0449713
9.9964E-05 9.9964E-05 0.00801772 9.9964E-05 0.0138269 0.474995 9.9964E-05 0.439959 0.0628011
0.218154 9.9955E-05 9.9955E-05 0.0343167 9.9955E-05 0.658853 0.0881766 9.9955E-05 9.9955E-05
0.0430065 0.0155213 9.9991E-05 0.17792 0.0166508 0.119943 0.0939951 0.522551 0.0103124
0.0130301 0.0855817 9.9991E-05 0.0537737 0.0230824 0.145746 0.0282382 0.624634 0.0258134
0.169494 9.9973E-05 9.9973E-05 0.0548563 9.9973E-05 0.0822327 0.115366 0.406036 0.171716
0.0113356 0.154011 9.9955E-05 9.9955E-05 9.9955E-05 0.526121 9.9955E-05 0.308033 9.9955E-05
9.9973E-05 0.0212516 0.017629 0.00466138 9.9973E-05 0.380513 0.0456386 0.530007 9.9973E-05
0.166465 0.0153293 9.9973E-05 0.0166203 9.9973E-05 0.350064 0.0541176 0.397103 9.9973E-05
9.9964E-05 9.9964E-05 0.00225633 9.9964E-05 9.9964E-05 0.611294 0.0125186 0.252028 0.121503
0.00345311 9.9964E-05 9.9964E-05 0.0155716 0.163729 0.433378 9.9964E-05 0.383468 9.9964E-05
0.00076541 0.0478396 9.9982E-05 0.038294 0.192303 0.166393 9.9982E-05 0.460409 0.0937966
0.349484 0.124084 0.118574 9.9982E-05 0.133547 9.9982E-05 0.0522916 0.205204 0.0166158
0.325931 9.9964E-05 9.9964E-05 0.0627022 9.9964E-05 9.9964E-05 0.219869 0.300759 0.0903383
0.192429 0.0648055 0.032618 0.0285114 0.122719 9.9982E-05 9.9982E-05 0.486354 0.0723631
0.0113754 9.9982E-05 0.0794294 0.051753 0.100659 0.111383 9.9982E-05 0.525917 0.119283
0.32213 9.9973E-05 0.0187226 0.0561272 0.123109 0.0490185 9.9973E-05 0.430593 9.9973E-05
0.155987 9.9982E-05 0.058217 0.0154184 0.159306 0.0390912 0.00125292 0.570528 9.9982E-05
0.193371 9.9982E-05 0.0314919 0.0295795 0.236093 0.00780364 0.0627402 0.438721 9.9982E-05
9.9982E-05 0.0471752 0.113902 0.0841754 0.166178 0.0418503 0.0133746 0.533144 9.9982E-05
0.140786 0.147703 9.9991E-05 0.0445962 0.0178527 0.0568402 0.0331584 0.528284 0.0306797
0.259108 0.00565297 0.0533897 9.9973E-05 0.0926057 0.0799763 9.9973E-05 0.508968 9.9973E-05
0.214503 0.0473231 0.0122829 0.01334 0.220961 0.025987 9.9982E-05 0.465404 9.9982E-05
9.9982E-05 0.110812 9.9982E-05 0.0154566 0.149558 0.017945 0.0534915 0.592976 0.0595611
9.9982E-05 0.0158899 0.0844132 0.0585791 0.129773 9.9982E-05 0.0299411 0.60162 0.0795838
0.250256 9.9982E-05 0.0616958 9.9982E-05 0.0246873 0.0430385 0.0814995 0.504375 0.0342477
9.9991E-05 0.0744107 0.0788863 0.0170814 0.12763 0.0114152 0.0126284 0.575928 0.10192
9.9982E-05 0.0405868 0.071974 9.9982E-05 0.23782 0.00914409 0.032677 0.4494 0.158198
0.246863 0.125565 0.0426723 0.107987 0.114356 9.9973E-05 9.9973E-05 0.362257 9.9973E-05
0.0905306 0.0932388 0.0137055 9.9991E-05 0.0761045 0.100669 0.0199975 0.559359 0.0462946
0.0810496 0.0645206 0.0466134 9.9964E-05 0.121321 9.9964E-05 9.9964E-05 0.686095 9.9964E-05
0.291938 0.0347936 0.0650264 9.9982E-05 0.293214 0.0658339 9.9982E-05 0.200872 0.0481214
0.267652 0.243963 0.11377 9.9991E-05 0.128366 0.084459 0.0405827 0.0742606 0.0468468
0.220323 0.0750166 9.9982E-05 0.00559416 0.124832 9.9982E-05 0.0661166 0.507648 0.000269456
0.177992 0.148586 0.20627 9.9991E-05 0.107805 0.211056 0.0978218 0.0201436 0.0302256
0.377454 9.9973E-05 0.108195 0.0217832 0.235691 0.0386031 9.9973E-05 0.217974 9.9973E-05
0.325771 9.9964E-05 0.0840449 9.9964E-05 0.109081 0.132083 9.9964E-05 0.34862 9.9964E-05
0.398451 9.9973E-05 9.9973E-05 0.0137762 0.10567 0.101134 0.112333 0.268336 9.9973E-05
0.437922 9.9973E-05 9.9973E-05 0.00204228 0.188518 0.0930064 0.0346065 0.243605 9.9973E-05
0.146348 9.9982E-05 0.0294313 0.084664 0.0469071 0.0782307 9.9982E-05 0.608025 0.00619338
0.117264 9.9982E-05 9.9982E-05 0.0883787 0.0210754 0.0938968 0.109621 0.52717 0.0423941
0.263255 9.9991E-05 0.0371851 0.0361261 0.00862394 0.0953347 0.0216558 0.457268 0.0804513
0.233469 0.172567 0.0718436 9.9982E-05 0.224282 0.147211 9.9982E-05 0.0985281 0.0518997
9.9973E-05 9.9973E-05 0.0665146 0.231207 0.02811 0.160893 0.022302 0.490674 9.9973E-05
0.197267 0.22069 9.9982E-05 9.9982E-05 0.0696025 0.0380784 0.0195688 0.431209 0.0233845
0.13246 0.387681 0.0599707 0.0873585 0.0762226 0.255816 0.000291072 9.9982E-05 9.9982E-05
0.0701128 0.128288 0.0482153 0.109845 9.9973E-05 0.0320064 9.9973E-05 0.611233 9.9973E-05
0.030639 0.319146 9.9982E-05 0.0333486 0.00372502 0.208646 0.0245646 0.379731 9.9982E-05
0.0744474 0.139494 0.0031784 0.0930604 9.9991E-05 0.0810691 0.0552117 0.532676 0.0207627
0.0835374 0.386384 0.0430124 0.0306095 0.0539883 0.0693682 0.0487503 0.275135 0.00921471
0.153379 0.37862 0.115314 0.025174 0.0547705 0.0392269 0.0605735 0.172842 9.9991E-05
0.0294883 0.108144 0.140671 0.0298345 0.0354852 0.116966 0.152989 0.386322 9.9991E-05
0.204363 0.053399 0.141846 0.0923468 9.9991E-05 0.0516513 0.0644162 0.353813 0.0380646
0.176168 0.173691 9.9982E-05 0.0532712 0.013849 0.141734 9.9982E-05 0.406481 0.0346067
0.186363 0.354682 0.0669028 0.00675105 9.9973E-05 0.234385 9.9973E-05 9.9973E-05 0.150617
0.0606137 0.110451 0.0193618 0.0789146 9.9991E-05 0.0578579 0.0800564 0.501771 0.0908736
0.129717 0.266882 0.0734678 9.9982E-05 0.0100467 0.149373 0.020194 0.35012 9.9982E-05
0.179895 0.179874 0.124176 9.9973E-05 0.0797964 0.007812 9.9973E-05 0.428147 9.9973E-05
0.0589816 9.9982E-05 0.132738 0.0659126 0.0442499 0.035763 9.9982E-05 0.638344 0.0238113
0.119103 0.221684 9.9964E-05 0.303562 9.9964E-05 9.9964E-05 9.9964E-05 0.140627 0.214623
9.9946E-05 0.37506 9.9946E-05 0.483142 9.9946E-05 9.9946E-05 9.9946E-05 9.9946E-05 0.141199
9.9955E-05 0.45945 0.00275413 0.408071 9.9955E-05 9.9955E-05 9.9955E-05 9.9955E-05 0.129226
9.9964E-05 0.187027 9.9964E-05 0.366321 0.0124304 9.9964E-05 9.9964E-05 0.145866 0.287956
9.9946E-05 0.295697 9.9946E-05 9.9946E-05 9.9946E-05 0.0486235 9.9946E-05 0.65508 9.9946E-05
9.9982E-05 0.0501946 0.0141055 0.0386114 9.9982E-05 0.162185 0.154085 0.516049 0.0645699
0.0948156 9.9946E-05 9.9946E-05 9.9946E-05 9.9946E-05 9.9946E-05 9.9946E-05 0.236726 0.667859
0.14208 0.00451972 9.9991E-05 0.0412536 0.038746 0.0645738 0.0179258 0.295392 0.395409
9.9991E-05 0.0078315 0.0676965 0.0848184 0.0878109 0.0284755 0.0776974 0.286849 0.35872
0.0908858 0.354115 0.136953 9.9964E-05 9.9964E-05 0.0838876 9.9964E-05 0.333758 9.9964E-05
9.9991E-05 0.144978 0.0463914 0.0474751 0.0590415 0.138713 0.0146974 0.486457 0.0621457
9.9964E-05 0.532374 0.174635 9.9964E-05 0.0622064 0.0602996 9.9964E-05 0.170085 9.9964E-05
9.9955E-05 0.220511 9.9955E-05 9.9955E-05 9.9955E-05 0.157659 0.0459182 0.575412 9.9955E-05
0.106 0.22288 0.211036 9.9964E-05 9.9964E-05 0.0355529 9.9964E-05 0.424131 9.9964E-05
0.0656172 0.25973 0.0076536 9.9982E-05 9.9982E-05 0.0330579 0.0840029 0.488206 0.0615323
0.226884 0.412544 0.0932726 9.9964E-05 9.9964E-05 0.0858566 9.9964E-05 0.181043 9.9964E-05
0.0252342 0.115596 9.9973E-05 0.0602068 9.9973E-05 0.208607 9.9973E-05 0.491829 0.0982269
9.9955E-05 0.297057 9.9955E-05 9.9955E-05 9.9955E-05 0.00954052 0.0410182 0.651885 9.9955E-05
9.9946E-05 9.9946E-05 0.0407986 9.9946E-05 9.9946E-05 9.9946E-05 0.0240179 9.9946E-05 0.934584
9.9946E-05 9.9946E-05 0.0303671 9.9946E-05 9.9946E-05 9.9946E-05 9.9946E-05 0.083438 0.885595
0.00742324 9.9973E-05 9.9973E-05 9.9973E-05 0.00230585 0.146816 0.0422289 0.244173 0.556752
9.9973E-05 9.9973E-05 0.0119084 0.0269174 0.00158695 9.9973E-05 0.017195 0.204165 0.737928
0.0445903 9.9973E-05 9.9973E-05 9.9973E-05 0.00815326 0.0114287 0.0162308 0.0998838 0.819413
9.9937E-05 9.9937E-05 9.9937E-05 9.9937E-05 9.9937E-05 0.00209948 9.9937E-05 9.9937E-05 0.997201
9.9955E-05 9.9955E-05 0.0161907 9.9955E-05 0.000304459 9.9955E-05 0.0154696 9.9955E-05 0.967535
9.9946E-05 9.9946E-05 0.0174488 9.9946E-05 9.9946E-05 9.9946E-05 9.9946E-05 0.0787842 0.903167
0.0175933 9.9955E-05 9.9955E-05 9.9955E-05 9.9955E-05 0.00164227 0.00308342 9.9955E-05 0.977181
9.9937E-05 9.9937E-05 9.9937E-05 9.9937E-05 9.9937E-05 9.9937E-05 0.00162514 9.9937E-05 0.997675
9.993E-05 9.993E-05 9.993E-05 9.993E-05 9.993E-05 9.993E-05 9.993E-05 9.993E-05 0.999201
0.0435401 9.9955E-05 9.9955E-05 0.020486 9.9955E-05 9.9955E-05 9.9955E-05 0.18805 0.747424
9.9973E-05 9.9973E-05 9.9973E-05 0.0459352 0.0285812 0.0278697 0.00473087 0.0327608 0.859822
0.0128262 9.9946E-05 9.9946E-05 9.9946E-05 9.9946E-05 0.0349136 9.9946E-05 9.9946E-05 0.951661
0.0341881 0.0087302 9.9982E-05 0.033215 0.104365 0.143729 9.9982E-05 0.196351 0.479222
0.00574887 9.9982E-05 0.0015424 0.0609112 0.0116348 9.9982E-05 0.0504177 0.174716 0.694829
9.9955E-05 0.055424 9.9955E-05 9.9955E-05 0.00350133 9.9955E-05 9.9955E-05 0.168625 0.77195
0.0560538 9.9946E-05 9.9946E-05 9.9946E-05 9.9946E-05 9.9946E-05 9.9946E-05 0.0856832 0.857663
9.9946E-05 0.00604514 9.9946E-05 9.9946E-05 0.0106651 9.9946E-05 9.9946E-05 9.9946E-05 0.98269
9.9955E-05 9.9955E-05 9.9955E-05 0.0379046 0.00536957 9.9955E-05 9.9955E-05 0.105002 0.851224
9.9937E-05 9.9937E-05 9.9937E-05 0.0114315 9.9937E-05 9.9937E-05 9.9937E-05 9.9937E-05 0.987869
0.112021 9.9973E-05 9.9973E-05 0.0549735 9.9973E-05 0.0134837 0.00870546 0.208953 0.601564
0.0329539 9.9946E-05 9.9946E-05 9.9946E-05 9.9946E-05 0.0589223 9.9946E-05 9.9946E-05 0.907524
9.9964E-05 0.602649 0.0892571 0.264217 9.9964E-05 0.0107888 9.9964E-05 9.9964E-05 0.0326884
0.00818773 0.185776 9.9991E-05 0.138865 0.0975789 0.108261 0.0726094 0.300858 0.0877642
9.9991E-05 0.223601 0.0130059 0.210646 0.0207205 0.0202813 0.0513028 0.438318 0.022024
9.9973E-05 0.494549 9.9973E-05 0.196093 9.9973E-05 0.0231637 0.0302132 0.231798 0.0238836
9.9982E-05 0.196721 0.060347 0.147475 9.9982E-05 0.0171412 0.0395746 0.424111 0.11443
0.0253239 0.361922 0.0308247 0.244459 9.9982E-05 0.0655721 9.9982E-05 0.174731 0.0969673
0.0626617 0.0652633 0.103359 0.204254 0.00364971 0.00465708 0.102047 0.407453 0.0466562
9.9964E-05 0.353371 9.9964E-05 0.0983997 9.9964E-05 9.9964E-05 0.0249099 0.389629 0.13329
9.9973E-05 0.157121 9.9973E-05 0.140673 0.0415967 0.087705 9.9973E-05 0.47708 0.0955244
9.9964E-05 0.363441 9.9964E-05 0.0955187 9.9964E-05 9.9964E-05 0.0163018 0.380794 0.143545
0.0267729 0.219816 0.0427667 0.135797 9.9973E-05 9.9973E-05 9.9973E-05 0.462242 0.112305
9.9964E-05 0.06484 0.0598476 0.811414 0.028128 9.9964E-05 0.035371 9.9964E-05 9.9964E-05
9.9982E-05 0.00419556 0.0175929 0.896432 0.00640453 0.0298049 9.9982E-05 0.00239635 0.0429741
9.9955E-05 9.9955E-05 9.9955E-05 0.947992 0.0293393 0.0144065 9.9955E-05 0.0077622 9.9955E-05
9.9964E-05 9.9964E-05 9.9964E-05 0.923754 0.0141325 0.0166399 0.0324367 0.0126371 9.9964E-05
9.9964E-05 0.0332558 9.9964E-05 0.846305 0.0440831 9.9964E-05 9.9964E-05 0.0690654 0.00689088
9.9946E-05 9.9946E-05 0.0722214 0.842805 9.9946E-05 9.9946E-05 9.9946E-05 9.9946E-05 0.084374
9.9955E-05 9.9955E-05 9.9955E-05 0.875763 0.000682509 9.9955E-05 9.9955E-05 0.0529404 0.0701147
9.9964E-05 0.0260455 0.0634072 0.880572 0.0180003 0.0115751 9.9964E-05 9.9964E-05 9.9964E-05
0.0171014 9.9973E-05 9.9973E-05 0.893675 0.0200492 0.0424925 9.9973E-05 0.0161619 0.0102205
9.9955E-05 0.0954308 9.9955E-05 0.83984 9.9955E-05 9.9955E-05 9.9955E-05 0.00830327 0.0559261
0.231852 9.9964E-05 0.0132026 0.571321 9.9964E-05 0.0689188 0.114305 9.9964E-05 9.9964E-05
0.21249 9.9973E-05 0.00992297 0.582663 0.0630007 0.005265 0.126358 9.9973E-05 9.9973E-05
0.293752 0.0653585 0.0241423 0.500995 0.0583794 9.9973E-05 0.0570723 9.9973E-05 9.9973E-05
0.313288 0.0209667 9.9973E-05 0.480436 0.0592161 0.0319935 0.0938001 9.9973E-05 9.9973E-05
0.119449 0.0192137 9.9982E-05 9.9982E-05 0.0928689 0.291486 0.0294241 0.383562 0.0637961
0.155253 9.9973E-05 0.0909171 9.9973E-05 9.9973E-05 0.279254 0.0801121 0.349802 0.044362
0.108607 9.9982E-05 0.0663842 0.00306277 0.0549084 0.121014 0.0734402 0.572383 9.9982E-05
0.402868 0.0366731 0.00833571 9.9973E-05 0.0685174 0.151361 9.9973E-05 0.331945 9.9973E-05
0.42408 9.9973E-05 0.0749534 9.9973E-05 0.342589 0.0535206 0.0463527 0.0582043 9.9973E-05
9.9982E-05 0.0507534 0.0672454 0.0104356 0.00626757 0.24128 9.9982E-05 0.574279 0.0495393
9.9955E-05 0.0368198 9.9955E-05 9.9955E-05 0.1201 0.336432 9.9955E-05 0.506148 9.9955E-05
0.0480675 0.036634 9.9982E-05 9.9982E-05 0.0731859 0.33773 0.000172318 0.491531 0.0124799
9.9973E-05 0.0460123 0.0013598 9.9973E-05 0.0180517 0.591834 9.9973E-05 0.292118 0.0503241
9.9973E-05 0.0885572 0.0282493 0.0369889 0.111649 0.129072 9.9973E-05 0.605185 9.9973E-05
0.124024 9.9973E-05 0.00110782 9.9973E-05 0.0214489 0.401293 0.0839289 0.367898 9.9973E-05
9.9955E-05 0.0797731 0.132209 9.9955E-05 0.0529347 0.734583 9.9955E-05 9.9955E-05 9.9955E-05
0.20106 0.0529077 0.00158923 0.0364448 0.0586105 0.0810303 0.0556312 0.512626 9.9991E-05
0.0382069 0.156163 0.0391249 9.9973E-05 9.9973E-05 0.55037 0.0236928 0.192142 9.9973E-05
9.9964E-05 9.9964E-05 0.0492743 9.9964E-05 0.0378722 0.382016 0.0156495 0.514789 9.9964E-05
0.200395 9.9973E-05 9.9973E-05 0.0548004 0.0834832 0.543343 0.0845134 0.033165 9.9973E-05
9.9964E-05 0.0435677 9.9964E-05 0.0510434 0.0757531 9.9964E-05 0.822997 9.9964E-05 0.00623935
9.9937E-05 9.9937E-05 9.9937E-05 9.9937E-05 9.9937E-05 9.9937E-05 0.983066 0.0162341 9.9937E-05
9.993E-05 9.993E-05 9.993E-05 9.993E-05 9.993E-05 9.993E-05 0.999201 9.993E-05 9.993E-05
9.9946E-05 9.9946E-05 9.9946E-05 9.9946E-05 0.0154877 0.0492544 0.934658 9.9946E-05 9.9946E-05
0.107026 9.9946E-05 0.00949547 9.9946E-05 9.9946E-05 9.9946E-05 0.882879 9.9946E-05 9.9946E-05
9.9946E-05 9.9946E-05 9.9946E-05 9.9946E-05 9.9946E-05 9.9946E-05 0.933626 0.0483104 0.0174639
9.9955E-05 9.9955E-05 0.0290689 0.866295 9.9955E-05 9.9955E-05 9.9955E-05 0.0897305 0.014406
0.0306426 9.9973E-05 9.9973E-05 0.778638 0.0684867 9.9973E-05 0.0110281 0.0342057 0.0766985
9.9955E-05 9.9955E-05 9.9955E-05 0.756585 9.9955E-05 9.9955E-05 0.0147552 0.130912 0.0972488
0.168669 0.00778479 9.9964E-05 0.715465 9.9964E-05 9.9964E-05 9.9964E-05 0.0140392 0.0936421
9.9964E-05 0.0350333 9.9964E-05 0.752554 0.0324076 9.9964E-05 9.9964E-05 0.0942191 0.0853858
0.0483224 0.0456843 9.9964E-05 0.353392 0.377501 9.9964E-05 0.1747 9.9964E-05 9.9964E-05
9.9973E-05 0.0600423 0.0777632 0.41959 0.217551 0.032706 0.192048 9.9973E-05 9.9973E-05
9.9964E-05 9.9964E-05 0.106669 0.413699 0.216608 0.00576609 0.256858 9.9964E-05 9.9964E-05
0.00581216 9.9955E-05 9.9955E-05 0.806976 9.9955E-05 9.9955E-05 9.9955E-05 0.163754 0.0229573
0.0456984 9.9973E-05 0.0383548 0.361422 0.161052 0.0519612 0.341212 9.9973E-05 9.9973E-05
9.9955E-05 0.221378 9.9955E-05 0.154095 9.9955E-05 9.9955E-05 9.9955E-05 0.242056 0.381972
0.0452218 0.102213 9.9973E-05 0.129386 9.9973E-05 0.0144906 9.9973E-05 0.497359 0.211029
9.9946E-05 9.9946E-05 9.9946E-05 0.159636 9.9946E-05 9.9946E-05 9.9946E-05 0.540347 0.299418
0.057906 0.137088 0.0101389 0.144941 9.9982E-05 9.9982E-05 0.0981668 0.342942 0.208618
0.0169744 0.0378465 9.9973E-05 0.23721 0.0682167 9.9973E-05 9.9973E-05 0.487207 0.152245
9.9955E-05 0.309642 0.014083 0.385917 9.9955E-05 9.9955E-05 9.9955E-05 9.9955E-05 0.289858
0.268018 0.0283588 0.121108 9.9973E-05 0.124513 9.9973E-05 0.0526388 0.405064 9.9973E-05
0.0996735 0.0825954 0.232042 9.9982E-05 0.145606 0.0855828 0.0316399 0.322661 9.9982E-05
0.582142 9.9973E-05 0.0585184 0.09747 0.0141159 9.9973E-05 0.074348 0.173106 9.9973E-05
0.0734617 0.0763035 0.248747 9.9991E-05 0.0403623 0.121284 0.0492888 0.38848 0.00197267
0.0918948 0.309039 0.363632 9.9973E-05 0.0288825 0.165794 0.0404575 9.9973E-05 9.9973E-05
0.175598 0.105077 0.103854 0.0307451 0.0778756 9.9982E-05 9.9982E-05 0.47783 0.0288203
0.168927 0.116251 0.176343 0.0116512 9.9991E-05 0.0262717 0.0552148 0.346979 0.0982608
0.389744 0.0377308 0.0462631 0.0330279 0.196659 9.9982E-05 0.0107441 0.285631 9.9982E-05
0.1919 9.9982E-05 0.037575 0.11621 0.0493943 0.0723715 0.0236357 0.508714 9.9982E-05
0.521485 0.258558 0.076219 9.9964E-05 9.9964E-05 0.113109 9.9964E-05 0.0302286 9.9964E-05
0.0781001 0.106807 0.266365 9.9991E-05 0.0492943 0.0300421 0.0202942 0.436488 0.012509
0.195051 0.0411445 9.9982E-05 9.9982E-05 0.168768 0.00212055 0.0484692 0.540434 0.00381233
0.0191881 0.0651224 9.9991E-05 0.09125 0.0319406 0.141729 0.0728971 0.33774 0.240033
0.338429 0.0983705 0.198314 9.9973E-05 0.0322361 0.0211133 9.9973E-05 0.311237 9.9973E-05
0.253405 9.9973E-05 0.113334 9.9973E-05 0.0615234 0.057794 0.0768008 0.436842 9.9973E-05
0.118705 0.0842713 0.148706 9.9973E-05 9.9973E-05 0.0944378 9.9973E-05 0.489767 0.0638134
0.100864 0.088079 0.0535578 9.9982E-05 0.0909268 0.126157 0.0568299 0.483385 9.9982E-05
0.0657083 9.9982E-05 0.0865109 0.0370649 0.109387 0.0628806 9.9982E-05 0.584834 0.0534144
0.0564902 0.129331 0.0646556 0.0267025 0.16152 9.9991E-05 0.00152401 0.498033 0.0616436
0.222179 0.0542085 9.9982E-05 0.0836241 0.0776885 9.9982E-05 0.00122648 0.540462 0.0204116
9.9955E-05 9.9955E-05 9.9955E-05 0.760147 0.0214092 9.9955E-05 9.9955E-05 0.108353 0.109591
9.9964E-05 9.9964E-05 0.00873195 0.832094 9.9964E-05 0.0614586 9.9964E-05 0.0635223 0.0337929
9.9973E-05 0.0522624 0.0316268 0.73294 0.0875292 9.9973E-05 9.9973E-05 0.0401997 0.0551419
9.9973E-05 9.9973E-05 0.0261535 0.795602 9.9973E-05 0.00315474 0.0866105 0.0269157 0.0612635
9.9955E-05 9.9955E-05 9.9955E-05 0.831391 9.9955E-05 9.9955E-05 0.011329 0.135684 0.0210964
0.645184 0.024528 9.9973E-05 0.013182 0.157969 9.9973E-05 0.0538388 0.104998 9.9973E-05
0.149689 9.9982E-05 0.126903 0.0441783 0.0509383 0.161249 9.9982E-05 0.34599 0.120854
9.9982E-05 0.111067 0.025664 0.164595 9.9982E-05 0.0229438 0.0564983 0.458128 0.160904
0.133439 0.0298305 0.0627883 9.9973E-05 0.116496 9.9973E-05 9.9973E-05 0.597461 0.0596854
0.266699 9.9991E-05 0.0545963 0.016358 0.137769 0.0447144 0.0215246 0.41034 0.0478978
0.224816 0.217086 0.132201 9.9964E-05 0.193734 9.9964E-05 9.9964E-05 0.231762 9.9964E-05
0.326678 0.123389 9.9973E-05 0.130958 0.265142 0.119985 0.0335486 9.9973E-05 9.9973E-05
0.255854 9.9982E-05 0.0543449 9.9982E-05 0.0963655 0.0297505 0.123238 0.40466 0.0355876
0.435661 9.9982E-05 0.183881 0.0740083 0.196602 9.9982E-05 0.0203927 0.0825356 0.00671927
9.9991E-05 0.110385 0.102361 0.0567653 0.0520098 0.188982 0.047828 0.399324 0.042246
0.505781 9.9973E-05 0.142403 0.131189 0.145806 9.9973E-05 0.0584565 0.0160646 9.9973E-05
0.101942 9.9982E-05 0.0317741 0.0481451 0.167319 0.0163647 9.9982E-05 0.497431 0.136824
0.509423 0.0392554 9.9973E-05 0.0974948 0.206135 0.0344733 9.9973E-05 0.112918 9.9973E-05
0.19052 0.0897051 0.0853313 0.0236089 0.0965521 0.0817256 0.0498927 0.349713 0.0329504
0.0564658 0.148681 0.0999491 0.0401861 0.101134 0.0938829 9.9991E-05 0.3591 0.100502
0.114459 0.406372 0.113464 9.9982E-05 0.0477837 0.0222393 0.0234885 0.271994 9.9982E-05
0.200595 0.211688 9.9964E-05 9.9964E-05 9.9964E-05 0.0164721 0.0270209 0.543825 9.9964E-05
0.0363961 0.262063 9.9982E-05 0.0735855 0.00232662 0.0435342 0.0173347 0.56456 9.9982E-05
0.03318 0.321217 0.146198 9.9982E-05 0.0507602 0.0682226 0.0551458 0.325076 9.9982E-05
0.032295 0.240345 0.0723735 0.0629103 0.0305941 0.121548 9.9991E-05 0.406176 0.0336581
9.9955E-05 0.218105 0.187572 9.9955E-05 9.9955E-05 9.9955E-05 0.0613566 0.532466 9.9955E-05
9.9964E-05 0.524052 0.126204 9.9964E-05 0.148776 0.151618 9.9964E-05 0.0489502 9.9964E-05
9.9964E-05 0.485717 0.159941 9.9964E-05 9.9964E-05 0.0538822 0.0517762 0.248284 9.9964E-05
9.9973E-05 0.272506 0.0521183 9.9973E-05 0.11993 0.0367054 0.0467425 0.471699 9.9973E-05
9.9973E-05 0.392263 0.0793658 9.9973E-05 0.0420782 0.271501 0.0830483 0.131444 9.9973E-05
0.153683 0.291544 9.9973E-05 9.9973E-05 0.0911651 0.0272848 0.0333312 0.402692 9.9973E-05
0.41837 0.0138621 9.9991E-05 0.0213842 0.26276 0.151115 0.0636281 0.042433 0.026348
0.166867 0.0673733 0.233061 9.9982E-05 0.183426 0.118569 0.0265625 0.203941 9.9982E-05
0.361293 9.9964E-05 9.9964E-05 9.9964E-05 0.14738 0.100308 9.9964E-05 0.294266 0.0963531
0.147101 9.9973E-05 0.0582818 0.075161 0.106571 0.0117408 9.9973E-05 0.600844 9.9973E-05
0.364889 0.025528 0.045769 9.9982E-05 0.245737 0.0886412 0.0217097 0.207527 9.9982E-05
0.0567588 0.0330965 0.102929 9.9991E-05 0.139241 0.0385522 0.0771979 0.450623 0.101501
0.0909285 9.9982E-05 9.9982E-05 0.080348 0.18589 0.0466416 0.0138392 0.484271 0.0978813
0.318237 0.075511 9.9964E-05 9.9964E-05 0.175577 9.9964E-05 9.9964E-05 0.354787 0.0754883
0.16827 9.9991E-05 0.0955604 0.023987 0.0815794 0.084075 0.0162816 0.437168 0.0929791
0.235855 9.9973E-05 9.9973E-05 9.9973E-05 0.122952 0.14576 0.0305001 0.411697 0.0529361
0.446222 9.9973E-05 9.9973E-05 9.9973E-05 0.201933 0.13252 0.0378373 0.120389 0.0607996
0.0610127 9.9982E-05 0.0625641 9.9982E-05 0.262203 0.133443 0.106299 0.300557 0.0737211
0.0924005 9.9982E-05 0.0380851 9.9982E-05 0.201378 0.039855 0.0175934 0.55547 0.0550181
0.0495745 0.0728412 0.0181735 9.9982E-05 0.15129 0.0704799 9.9982E-05 0.616706 0.020735
0.130241 0.136984 9.9973E-05 0.013479 0.154778 0.0926924 9.9973E-05 0.471525 9.9973E-05
0.0882915 0.065084 0.142639 9.9991E-05 0.106039 0.0382277 0.0314477 0.429794 0.0983764
0.0929245 0.11736 9.9982E-05 0.0560236 0.269987 9.9982E-05 0.045127 0.407845 0.0105319
0.0901739 0.00227684 0.0182272 9.9982E-05 0.11596 0.123542 9.9982E-05 0.623376 0.0262449
0.23986 9.9991E-05 0.0328257 0.0348294 0.0751617 0.0368766 0.0224146 0.539266 0.0186652
0.0936388 0.0860795 0.0189974 0.058588 0.0622326 9.9991E-05 0.0577419 0.493356 0.129266
0.120351 0.0614019 9.9964E-05 0.309554 9.9964E-05 9.9964E-05 9.9964E-05 0.410883 0.0974105
0.0795699 0.153497 9.9973E-05 0.0818932 9.9973E-05 0.0382658 9.9973E-05 0.415459 0.231015
0.0594444 0.0721942 9.9982E-05 0.160046 0.0841333 0.01593 9.9982E-05 0.450601 0.15745
9.9982E-05 9.9982E-05 0.0823602 0.0784025 0.0355961 0.113838 0.0195159 0.510999 0.159088
0.0150956 0.0598134 0.0715405 0.220666 9.9982E-05 0.0505928 9.9982E-05 0.404081 0.178011
0.235571 0.0902687 0.0888608 9.9982E-05 9.9982E-05 0.0934612 0.0425487 0.395768 0.0533218
0.102704 9.9991E-05 0.0442454 0.145385 0.0189006 0.0861224 0.0216009 0.460305 0.120637
0.11772 0.405938 9.9964E-05 0.220024 9.9964E-05 0.139135 9.9964E-05 9.9964E-05 0.116784
0.183236 0.0915872 0.00624782 0.0320331 9.9973E-05 9.9973E-05 9.9973E-05 0.498603 0.187992
0.00791179 0.053964 0.0392342 0.075353 0.0172846 0.0295893 0.0256287 0.564667 0.186368
0.11392 0.00356284 0.0789979 0.0560529 0.0165176 0.0207811 0.0116081 0.450785 0.247775
0.0902627 0.239784 9.9991E-05 0.163005 0.0462398 0.0860039 0.00975867 0.255321 0.109525
9.9964E-05 0.0873492 9.9964E-05 0.181299 9.9964E-05 0.103223 9.9964E-05 0.516482 0.111247
9.9973E-05 0.0526154 0.0756124 0.174572 0.0194001 9.9973E-05 9.9973E-05 0.566797 0.110704
9.9955E-05 0.347991 9.9955E-05 0.450741 9.9955E-05 0.0256597 9.9955E-05 9.9955E-05 0.175109
9.9973E-05 0.0194867 0.000777402 0.213435 9.9973E-05 0.149884 9.9973E-05 0.402408 0.213709
9.9964E-05 0.0475593 0.0712058 0.150997 9.9964E-05 9.9964E-05 9.9964E-05 0.449895 0.279943
0.118823 0.137001 9.9973E-05 0.0340994 9.9973E-05 0.0204735 9.9973E-05 0.536476 0.152826
9.9964E-05 0.167838 9.9964E-05 0.151352 9.9964E-05 0.0147267 9.9964E-05 0.464185 0.201499
0.00418404 0.0687902 0.132366 0.108524 0.0723829 9.9982E-05 9.9982E-05 0.490139 0.123414
9.9982E-05 9.9982E-05 0.351779 0.0330906 0.0633907 0.132768 0.0381021 0.329377 0.0512939
0.044982 0.0270704 0.160115 0.0754912 0.0344788 0.0841321 9.9991E-05 0.535732 0.0378987
0.0875637 0.0109268 0.810555 9.9955E-05 9.9955E-05 0.0904546 9.9955E-05 9.9955E-05 9.9955E-05
9.9955E-05 0.0542762 0.873019 9.9955E-05 0.0668572 0.00534765 9.9955E-05 9.9955E-05 9.9955E-05
0.0775498 0.0560585 0.228659 0.0847633 0.00334313 0.154267 9.9991E-05 0.3888 0.00645901
9.9982E-05 0.0398881 0.0731028 0.121363 0.0951771 0.027301 9.9982E-05 0.349324 0.293644
9.9964E-05 0.0389805 0.241003 0.113105 9.9964E-05 9.9964E-05 9.9964E-05 0.308922 0.297589
0.0166645 0.107367 0.164573 0.25594 9.9982E-05 0.0818468 9.9982E-05 0.113581 0.259827
0.0437431 0.0219607 0.194071 0.211127 9.9973E-05 9.9973E-05 9.9973E-05 0.3178 0.210999
9.9973E-05 0.16103 0.637193 0.0911785 9.9973E-05 9.9973E-05 0.0150545 0.0268437 0.0684013
9.9964E-05 0.0848539 0.663548 0.0790268 9.9964E-05 9.9964E-05 9.9964E-05 0.101501 0.0706707
9.9955E-05 9.9955E-05 0.366513 9.9955E-05 9.9955E-05 9.9955E-05 0.0380629 0.379835 0.215089
0.0117983 9.9964E-05 0.464206 0.0779792 9.9964E-05 9.9964E-05 9.9964E-05 0.364353 0.0812636
9.9964E-05 9.9964E-05 0.692139 0.0657115 9.9964E-05 9.9964E-05 0.0204657 0.122746 0.0985376
0.139211 9.9973E-05 0.277539 0.0653426 9.9973E-05 9.9973E-05 0.0111097 0.391231 0.115267
9.9964E-05 9.9964E-05 0.352883 0.0210209 0.0567314 9.9964E-05 9.9964E-05 0.520227 0.0487375
0.116167 9.9982E-05 0.216855 0.113245 0.0159409 9.9982E-05 0.00742203 0.397018 0.133152
0.110035 9.9973E-05 0.533391 0.0113977 9.9973E-05 0.00778357 0.0491461 0.287947 9.9973E-05
0.0718586 9.9982E-05 0.517462 0.0200431 0.00481276 0.0525911 9.9982E-05 0.315507 0.0175254
0.12515 0.0151585 0.207491 0.0471056 0.00603685 0.0634138 0.0330556 0.434965 0.0676234
0.135436 0.00646716 0.353229 0.0369595 0.0810472 0.0174347 0.016261 0.288081 0.0650845
0.16095 0.135805 0.102167 9.9982E-05 0.0250617 0.0679493 9.9982E-05 0.340161 0.167706
0.00888219 0.0731453 0.434771 9.9964E-05 9.9964E-05 9.9964E-05 0.0304779 0.452324 9.9964E-05
0.0285884 9.9964E-05 0.727464 9.9964E-05 0.0591579 9.9964E-05 0.0417311 0.142658 9.9964E-05
9.9955E-05 9.9955E-05 0.32289 0.0247913 9.9955E-05 0.0783404 9.9955E-05 0.573478 9.9955E-05
0.0364604 9.9973E-05 0.688651 9.9973E-05 0.00614409 0.0936014 0.00686235 0.167981 9.9973E-05
9.9964E-05 0.0193474 0.566783 9.9964E-05 9.9964E-05 9.9964E-05 0.0411851 0.36937 0.00291397
9.9973E-05 9.9973E-05 0.301681 0.0682205 0.104003 0.0303519 9.9973E-05 0.41187 0.0835744
9.9973E-05 9.9973E-05 0.340409 0.0360565 0.0452542 0.108506 9.9973E-05 0.420003 0.049471
9.9982E-05 0.0782288 0.0368983 0.16391 9.9982E-05 0.0713346 0.013128 0.47314 0.163161
9.9973E-05 0.0670011 0.155938 0.161018 0.0500812 9.9973E-05 9.9973E-05 0.449861 0.115801
9.9982E-05 0.135513 0.0968185 0.0969191 0.018233 9.9982E-05 0.0795408 0.283234 0.289542
0.125171 0.0689737 0.0976626 0.127899 9.9982E-05 9.9982E-05 0.0718084 0.291463 0.216822
0.0787952 0.131461 0.00123394 0.10284 9.9991E-05 0.103277 0.0504821 0.325635 0.206176
9.9982E-05 0.0702189 0.161413 0.1714 0.0174261 9.9982E-05 0.0409537 0.37347 0.164918
9.9964E-05 0.103506 0.569283 0.189318 9.9964E-05 9.9964E-05 0.0171164 9.9964E-05 0.120377
9.9973E-05 9.9973E-05 0.131345 0.0557879 9.9973E-05 0.012766 0.0362086 0.55237 0.211223
9.9955E-05 0.0911078 0.450737 0.416461 9.9955E-05 9.9955E-05 9.9955E-05 9.9955E-05 0.041194
0.075432 9.9964E-05 0.275466 9.9964E-05 9.9964E-05 9.9964E-05 0.0152757 0.471772 0.161654
9.9946E-05 9.9946E-05 0.794614 9.9946E-05 9.9946E-05 0.161063 9.9946E-05 0.0437232 9.9946E-05
0.0279089 9.9946E-05 0.859136 9.9946E-05 9.9946E-05 0.112356 9.9946E-05 9.9946E-05 9.9946E-05
0.0267148 9.9955E-05 0.47298 9.9955E-05 9.9955E-05 0.0785745 9.9955E-05 0.421231 9.9955E-05
9.9955E-05 9.9955E-05 0.445973 0.0301693 9.9955E-05 9.9955E-05 0.00545524 0.517903 9.9955E-05
0.0131151 9.9946E-05 0.600177 9.9946E-05 9.9946E-05 9.9946E-05 9.9946E-05 0.386108 9.9946E-05
9.9946E-05 9.9946E-05 0.51949 9.9946E-05 9.9946E-05 9.9946E-05 0.000499531 0.479411 9.9946E-05
9.9937E-05 9.9937E-05 0.544603 9.9937E-05 9.9937E-05 9.9937E-05 9.9937E-05 0.454697 9.9937E-05
9.9964E-05 9.9964E-05 0.102945 0.751904 0.019958 9.9964E-05 9.9964E-05 0.10343 0.0213631
0.0155435 9.9973E-05 0.0558584 0.722779 0.0789937 9.9973E-05 0.03083 9.9973E-05 0.0956955
9.9964E-05 9.9964E-05 9.9964E-05 0.910418 0.0282973 9.9964E-05 0.00490538 0.0188162 0.0371637
9.9946E-05 9.9946E-05 0.0279023 0.927881 9.9946E-05 9.9946E-05 9.9946E-05 0.0436167 9.9946E-05
9.9964E-05 0.0429317 9.9964E-05 0.0417887 9.9964E-05 0.363987 0.0166907 0.534202 9.9964E-05
0.119548 9.9973E-05 9.9973E-05 0.0798736 9.9973E-05 0.30522 0.0402064 0.443603 0.0112489
0.0317108 9.9973E-05 0.0314552 9.9973E-05 0.0204776 0.476763 9.9973E-05 0.433298 0.00599577
0.0464981 9.9964E-05 9.9964E-05 0.0786024 9.9964E-05 0.24374 0.0163283 0.614431 9.9964E-05
0.00495039 0.0969393 0.0144208 0.0568856 9.9991E-05 0.194526 0.0903303 0.474451 0.0673967
0.155241 9.9973E-05 9.9973E-05 0.0236588 9.9973E-05 0.55811 0.0922153 0.157165 0.0133107
0.0915412 9.9964E-05 0.00490795 9.9964E-05 9.9964E-05 0.328578 0.00241556 0.572157 9.9964E-05
9.9955E-05 0.145699 0.0339098 9.9955E-05 9.9955E-05 0.432698 9.9955E-05 0.387193 9.9955E-05
0.0892627 9.9991E-05 0.0068934 0.234704 0.0122016 0.000654756 0.0234988 0.434467 0.198218
0.0724306 0.0816743 0.141758 9.9982E-05 0.0224951 0.251849 9.9982E-05 0.354126 0.0754678
0.0973946 9.9964E-05 9.9964E-05 9.9964E-05 0.0107178 0.467513 0.0744876 0.349488 9.9964E-05
9.9946E-05 9.9946E-05 0.0501464 9.9946E-05 9.9946E-05 0.39555 9.9946E-05 0.553704 9.9946E-05
0.142532 9.9982E-05 0.0487767 0.00885508 0.000633699 0.437218 0.00811645 0.353668 9.9982E-05
9.9964E-05 0.00284045 0.0335537 9.9964E-05 9.9964E-05 0.329336 9.9964E-05 0.5976 0.0362702
0.0212371 9.9973E-05 9.9973E-05 0.0715714 9.9973E-05 0.21313 0.0899889 0.559264 0.0445081
9.9946E-05 9.9946E-05 0.034356 9.9946E-05 9.9946E-05 0.942177 9.9946E-05 0.0228676 9.9946E-05
0.124283 0.0789946 0.0531404 0.00937995 9.9982E-05 0.501994 0.0281184 0.20389 9.9982E-05
9.9955E-05 9.9955E-05 9.9955E-05 0.0436279 0.13042 0.534798 9.9955E-05 0.290655 9.9955E-05
9.9937E-05 0.137222 9.9937E-05 9.9937E-05 9.9937E-05 0.862078 9.9937E-05 9.9937E-05 9.9937E-05
0.0943445 0.0105162 0.0234333 0.0283553 0.0216486 0.384299 0.066256 0.371047 9.9991E-05
9.9973E-05 0.273833 0.0379044 9.9973E-05 0.0140868 0.552196 0.0341765 0.0875034 9.9973E-05
9.9955E-05 0.212732 0.0381531 0.0136524 9.9955E-05 0.734963 9.9955E-05 9.9955E-05 9.9955E-05
0.0665811 9.9973E-05 0.0571235 9.9973E-05 0.00558745 0.301605 0.00518399 0.563619 9.9973E-05
0.117013 9.9964E-05 9.9964E-05 0.0681518 0.00295022 0.64545 9.9964E-05 0.166036 9.9964E-05
0.144887 0.00516179 9.9991E-05 0.00987834 0.044677 0.381166 0.0242075 0.371454 0.0184689
0.0284357 9.9982E-05 0.0757614 0.0409241 9.9982E-05 0.264592 0.00910585 0.513548 0.0674328
0.0111427 0.0250316 9.9973E-05 0.0389509 9.9973E-05 0.39422 0.0155241 0.514831 9.9973E-05
0.228016 0.0347899 0.136107 9.9982E-05 0.209682 0.0428797 9.9982E-05 0.259098 0.0892263
9.9973E-05 9.9973E-05 0.0752272 9.9973E-05 0.0284757 0.342792 0.00924976 0.529339 0.0146164
0.0662026 9.9982E-05 0.0256592 0.0625127 0.0319356 0.33467 0.019602 0.459218 9.9982E-05
9.9955E-05 0.0526736 9.9955E-05 9.9955E-05 0.0389973 0.590744 9.9955E-05 0.317085 9.9955E-05
9.9982E-05 0.0276879 0.0139504 9.9982E-05 0.0206355 0.331871 0.113316 0.411347 0.0809917
0.00528942 0.103867 9.9982E-05 0.622876 0.146145 0.00602 0.0879991 0.0276038 9.9982E-05
0.0956498 0.0141881 9.9973E-05 0.765182 9.9973E-05 0.0535394 0.0527056 0.0184348 9.9973E-05
0.00172842 0.0459535 9.9973E-05 0.783993 0.130648 0.0266494 0.0107272 9.9973E-05 9.9973E-05
9.9973E-05 0.050541 0.014132 0.793537 0.0401023 0.0234223 0.0779653 9.9973E-05 9.9973E-05
0.0374352 0.00564715 9.9973E-05 0.720524 0.116482 9.9973E-05 0.11091 0.00870094 9.9973E-05
0.132451 9.9982E-05 9.9982E-05 0.0225751 0.014051 0.693525 0.0329298 0.0683512 0.0359171
0.109836 0.00248144 9.9973E-05 0.0456574 0.0927284 0.648961 9.9973E-05 0.100037 9.9973E-05
