0.00277922 0.0418422 0.0343326 9.9973E-05 0.0312147 9.9973E-05 0.0331023 0.0306428 9.9973E-05 0.825786
9.9955E-05 9.9955E-05 0.0378458 0.0070088 9.9955E-05 0.014891 9.9955E-05 9.9955E-05 0.00397472 0.93578
9.9964E-05 0.0450879 9.9964E-05 9.9964E-05 0.0531877 9.9964E-05 0.016447 0.131832 0.0215542 0.731491
0.0388937 0.0244853 9.9973E-05 9.9973E-05 0.0416213 9.9973E-05 0.045825 0.0747322 0.0285651 0.745577
9.9955E-05 9.9955E-05 9.9955E-05 9.9955E-05 9.9955E-05 0.0428625 0.0808154 0.027423 0.00957932 0.83882
0.011661 9.9955E-05 9.9955E-05 0.360228 0.0195314 9.9955E-05 0.0648414 9.9955E-05 9.9955E-05 0.543238
0.00397126 9.9946E-05 9.9946E-05 0.22536 0.0177073 9.9946E-05 9.9946E-05 9.9946E-05 9.9946E-05 0.752362
0.0569834 9.9955E-05 9.9955E-05 0.233579 0.0408654 9.9955E-05 9.9955E-05 9.9955E-05 0.00562638 0.662446
0.0203212 0.052655 0.0339184 9.99729E-05 0.00792816 0.0118519 9.99729E-05 9.99729E-05 0.0573837 0.815642
9.9955E-05 9.9955E-05 9.9955E-05 0.282113 0.0315785 9.9955E-05 0.0669735 0.0458694 9.9955E-05 0.572966
9.9937E-05 9.9937E-05 9.9937E-05 0.319448 9.9937E-05 9.9937E-05 9.9937E-05 9.9937E-05 0.00324713 0.676605
0.802865 9.9955E-05 0.0496352 0.0281536 9.9955E-05 9.9955E-05 0.00712035 0.111726 9.9955E-05 9.9955E-05
0.523007 9.9955E-05 9.9955E-05 9.9955E-05 0.0109771 9.9955E-05 0.0814768 0.377165 9.9955E-05 0.0068745
0.770088 0.051487 9.9964E-05 9.9964E-05 9.9964E-05 9.9964E-05 0.102452 0.0339792 0.0140513 0.0275423
0.735914 0.0149982 9.9955E-05 9.9955E-05 9.9955E-05 9.9955E-05 0.0355283 0.155865 9.9955E-05 0.0571942
0.444304 0.0588562 0.024754 9.9973E-05 9.9973E-05 0.0344185 0.0910846 0.321872 9.9973E-05 0.0244104
0.303742 0.0621162 9.9946E-05 9.9946E-05 9.9946E-05 9.9946E-05 0.0694082 0.564134 9.9946E-05 9.9946E-05
0.487109 9.9964E-05 0.00617412 0.111487 0.0351376 9.9964E-05 0.0402731 0.31942 9.9964E-05 9.9964E-05
0.627817 0.0244178 9.9964E-05 9.9964E-05 0.00612481 9.9964E-05 0.0493198 0.215764 9.9964E-05 0.076157
0.873776 9.9946E-05 9.9946E-05 0.0568717 9.9946E-05 9.9946E-05 9.9946E-05 9.9946E-05 0.00363451 0.065118
0.389936 0.0544893 0.12267 0.0293458 0.0396031 0.00148918 0.0392623 0.323004 9.9982E-05 9.9982E-05
0.291552 0.184653 9.9973E-05 0.117438 0.00302044 9.9973E-05 0.0176093 0.382127 0.00330031 9.9973E-05
0.279653 9.9973E-05 9.9973E-05 0.136215 0.00636934 0.0662634 0.0235651 0.47455 0.0130845 9.9973E-05
0.755269 9.9955E-05 9.9955E-05 0.0221903 0.0113602 9.9955E-05 0.0678016 0.142879 9.9955E-05 9.9955E-05
0.161756 0.0832458 0.0227206 0.0413047 0.00337278 0.00194044 0.0628117 0.525358 0.0376351 0.0598543
0.550292 9.9964E-05 0.000426005 9.9964E-05 0.0130164 9.9964E-05 0.0927592 0.316777 9.9964E-05 0.0263296
0.902608 9.9937E-05 9.9937E-05 9.9937E-05 9.9937E-05 9.9937E-05 0.0718048 9.9937E-05 9.9937E-05 0.0248876
0.810619 0.0214256 9.9946E-05 9.9946E-05 0.00246285 9.9946E-05 0.164893 9.9946E-05 9.9946E-05 9.9946E-05
0.788468 9.9964E-05 0.0369565 0.0144933 9.9964E-05 0.0618055 9.9964E-05 0.0643912 9.9964E-05 0.0334853
9.99201E-05 9.99201E-05 9.99201E-05 9.99201E-05 0.999101 9.99201E-05 9.99201E-05 9.99201E-05 9.99201E-05 9.99201E-05
9.99201E-05 9.99201E-05 9.99201E-05 9.99201E-05 0.999101 9.99201E-05 9.99201E-05 9.99201E-05 9.99201E-05 9.99201E-05
9.9964E-05 0.00255661 0.0502402 9.9964E-05 0.335588 9.9964E-05 0.0626954 0.0569251 9.9964E-05 0.491595
9.9964E-05 0.0272579 0.0747435 9.9964E-05 0.253131 9.9964E-05 0.0965477 0.074073 9.9964E-05 0.473847
0.0263784 9.9991E-05 0.0639526 0.157357 0.0128838 0.0948739 0.0201582 0.568156 0.031318 0.0248217
0.113574 9.9964E-05 0.263604 9.9964E-05 0.0300274 9.9964E-05 0.0148264 0.491157 9.9964E-05 0.0864108
9.9964E-05 9.9964E-05 0.332271 0.0259692 9.9964E-05 0.0405318 9.9964E-05 0.588725 0.00981869 0.00228458
0.525287 9.9991E-05 0.0694989 0.00622205 0.0250737 0.0460874 0.000404816 0.0603106 0.189215 0.0778
9.9973E-05 0.0223236 0.522297 9.9973E-05 0.00173156 0.108631 0.021686 0.283783 0.0392484 9.9973E-05
0.0158113 9.9982E-05 0.236726 9.9982E-05 0.0409042 0.0508576 0.0604737 0.497096 0.0684411 0.0294898
9.9955E-05 0.0496593 0.139617 0.0979968 9.9955E-05 0.0312007 9.9955E-05 0.681027 9.9955E-05 9.9955E-05
9.9982E-05 9.9982E-05 0.0671525 0.258646 0.0252201 0.0228387 0.00471756 0.486189 0.0368329 0.0982032
9.9955E-05 9.9955E-05 0.0993924 0.272733 0.0530099 9.9955E-05 9.9955E-05 0.533148 9.9955E-05 0.0412168
0.13103 0.0129095 0.744683 9.9964E-05 0.0527684 9.9964E-05 0.00196488 0.0562443 9.9964E-05 9.9964E-05
0.0705433 0.0449148 0.08331 0.250549 9.9964E-05 9.9964E-05 0.0741862 0.476097 9.9964E-05 9.9964E-05
9.9964E-05 0.0488395 0.204773 9.9964E-05 9.9964E-05 0.0790854 0.140617 0.511687 9.9964E-05 0.0145974
0.0697403 0.11115 0.0312457 9.9991E-05 0.0153452 0.0839514 0.0310785 0.581146 0.028273 0.0479702
0.0162067 0.0278744 0.643376 9.9955E-05 9.9955E-05 9.9955E-05 9.9955E-05 0.27983 0.0322131 9.9955E-05
9.9955E-05 0.0325204 0.339358 9.9955E-05 0.0318724 0.0137481 9.9955E-05 0.582002 9.9955E-05 9.9955E-05
9.999E-05 0.0260609 0.128586 0.0261039 0.0215345 0.0603509 0.0298502 0.584632 0.00849121 0.11429
9.9955E-05 0.162585 0.701223 9.9955E-05 9.9955E-05 0.120735 9.9955E-05 9.9955E-05 0.0115477 0.0034091
0.289938 0.0276819 0.310277 0.0591167 9.9973E-05 0.0766019 9.9973E-05 0.0547346 0.18135 9.9973E-05
0.294096 0.177078 0.1385 0.125344 9.9973E-05 0.220633 9.9973E-05 0.00720808 0.0368399 9.9973E-05
0.0524237 9.9982E-05 0.0717475 9.9982E-05 0.0857152 0.0894814 0.00956156 0.600087 0.0629612 0.0278226
0.143172 0.0701964 0.00388222 0.0962649 0.00244717 9.9982E-05 0.0504126 0.601192 9.9982E-05 0.0322329
0.0399597 0.0909547 0.0431697 0.0561812 9.9982E-05 0.00232421 9.9982E-05 0.672185 0.0786612 0.0163642
0.118099 0.104615 0.267028 0.0252724 0.0374 0.06658 9.9991E-05 0.0998868 0.243949 0.03707
0.219176 9.9964E-05 9.9964E-05 9.9964E-05 0.00773044 0.0777953 9.9964E-05 0.54051 0.153393 0.00099512
0.221143 0.0321607 9.9964E-05 0.0512229 9.9964E-05 9.9964E-05 0.0342169 0.578714 9.9964E-05 0.0821423
0.184772 9.9982E-05 0.161583 0.124621 0.0584368 0.0314324 0.0576455 0.305586 9.9982E-05 0.075723
0.367799 0.0844925 0.082169 0.0922282 0.033458 0.0305948 0.0403415 0.0173287 0.130157 0.121431
0.038696 0.0816 0.0984251 9.9973E-05 0.0476136 9.9973E-05 0.068086 0.550289 0.11499 9.9973E-05
0.171985 0.121659 0.0713202 9.9973E-05 9.9973E-05 0.116127 0.0533501 0.355194 0.110064 9.9973E-05
0.534972 0.0422292 0.15635 0.0453231 0.0629614 0.043117 9.9973E-05 9.9973E-05 0.114748 9.9973E-05
0.45089 0.0288072 9.9964E-05 9.9964E-05 0.0120221 0.0225675 9.9964E-05 0.465371 0.0199427 9.9964E-05
0.0694244 0.0210865 0.0973434 0.0300261 0.0196998 0.0788244 0.0588067 0.62409 0.000598792 9.9991E-05
0.158637 0.11256 0.0196741 0.0703356 0.0105129 9.9973E-05 9.9973E-05 0.563333 0.0646471 9.9973E-05
0.318429 0.0972928 0.0973928 9.9991E-05 0.0232566 0.100976 0.0113404 0.251349 0.0448847 0.0549788
0.283576 0.0837382 0.0159871 0.0151737 0.0146331 0.116734 0.0341807 0.435777 9.9982E-05 9.9982E-05
0.0680634 0.124078 0.057646 9.9973E-05 9.9973E-05 0.0197456 9.9973E-05 0.606296 0.0974948 0.0263759
0.475202 0.0150331 0.053813 0.0653033 0.0507642 0.166642 9.9991E-05 0.10446 0.0490852 0.0195976
0.0333547 9.9946E-05 0.363958 9.9946E-05 9.9946E-05 9.9946E-05 9.9946E-05 0.550563 0.0515245 9.9946E-05
0.18164 9.9973E-05 0.659153 0.000121441 0.0133064 0.00293088 0.0269433 0.115605 9.9973E-05 9.9973E-05
9.9964E-05 0.139288 0.141149 9.9964E-05 9.9964E-05 0.06503 9.9964E-05 0.542077 0.0819881 0.0300678
9.9946E-05 0.0542737 0.886361 0.0338626 9.9946E-05 0.0249035 9.9946E-05 9.9946E-05 9.9946E-05 9.9946E-05
0.0581792 9.9946E-05 0.77661 0.0172361 9.9946E-05 0.147375 9.9946E-05 9.9946E-05 9.9946E-05 9.9946E-05
9.9946E-05 9.9946E-05 0.685572 9.9946E-05 9.9946E-05 0.0379796 0.0189033 0.256945 9.9946E-05 9.9946E-05
0.0136189 9.9964E-05 0.504907 9.9964E-05 0.0467897 9.9964E-05 9.9964E-05 0.379976 0.0301775 0.0241315
0.152924 0.0382678 0.0798936 9.9973E-05 0.0509374 0.0226162 9.9973E-05 0.515114 9.9973E-05 0.139947
0.0240236 0.0496055 0.428808 9.9955E-05 9.9955E-05 9.9955E-05 9.9955E-05 0.479716 0.0173473 9.9955E-05
0.0835147 9.9973E-05 0.68791 9.9973E-05 0.00351638 9.9973E-05 0.0598257 0.0361559 0.116105 0.0126718
0.127605 9.9955E-05 0.513333 9.9955E-05 9.9955E-05 9.9955E-05 9.9955E-05 0.164947 0.145399 0.0482165
9.9973E-05 0.012394 0.153657 9.9973E-05 0.0163618 9.9973E-05 0.0984327 0.495171 0.180562 0.0431211
0.102885 9.9964E-05 0.612899 0.0925598 9.9964E-05 9.9964E-05 0.0346266 0.138304 9.9964E-05 0.0183259
0.11648 9.9955E-05 0.424765 0.0324278 0.0469127 9.9955E-05 9.9955E-05 0.378914 9.9955E-05 9.9955E-05
9.9955E-05 0.0322426 0.568194 0.0813302 0.00473345 9.9955E-05 9.9955E-05 0.313 9.9955E-05 9.9955E-05
9.9964E-05 0.0888665 0.689365 0.0447163 9.9964E-05 0.138258 9.9964E-05 9.9964E-05 0.020716 0.017678
9.9955E-05 0.109042 0.165142 9.9955E-05 9.9955E-05 9.9955E-05 9.9955E-05 0.586205 0.127598 0.0115129
0.0293325 9.9964E-05 9.9964E-05 9.9964E-05 0.0455797 9.9964E-05 0.0323414 0.0963333 0.0516305 0.744383
9.99371E-05 9.99371E-05 9.99371E-05 9.99371E-05 0.121171 9.99371E-05 9.99371E-05 0.102227 9.99371E-05 0.775902
9.9955E-05 0.000370034 9.9955E-05 9.9955E-05 0.151081 9.9955E-05 0.0272144 0.134386 9.9955E-05 0.686448
9.9946E-05 0.0914438 9.9946E-05 9.9946E-05 0.0839027 9.9946E-05 9.9946E-05 0.070386 9.9946E-05 0.753668
9.9964E-05 0.0708364 0.018487 0.0114209 0.0861857 9.9964E-05 9.9964E-05 0.0868169 9.9964E-05 0.725853
9.9964E-05 0.0792351 0.0251078 9.9964E-05 0.0579466 9.9964E-05 0.011706 0.0413333 9.9964E-05 0.784271
9.9964E-05 0.00813607 0.00879482 0.0372167 0.0567367 9.9964E-05 9.9964E-05 0.0719392 9.9964E-05 0.816777
0.076964 0.0149754 0.276747 0.0260382 9.9973E-05 9.9973E-05 0.0385923 0.461915 9.9973E-05 0.104468
0.0795114 9.9973E-05 0.228323 9.9973E-05 0.0741155 0.0414236 0.08399 0.480593 0.0117441 9.9973E-05
0.0981847 9.9955E-05 0.806642 9.9955E-05 0.000821523 0.0365501 9.9955E-05 9.9955E-05 9.9955E-05 0.0573019
0.0351569 9.9991E-05 0.165631 0.0886186 0.0177805 0.0579594 0.0429163 0.478522 0.0292207 0.0840936
0.154262 9.9973E-05 0.390839 0.0962222 0.00732416 9.9973E-05 0.0435674 0.306819 9.9973E-05 0.000666283
9.9964E-05 9.9964E-05 0.211797 0.0341766 0.0195531 0.0782258 9.9964E-05 0.58727 9.9964E-05 0.0685776
0.0647155 0.00523454 0.228798 0.0577774 9.9973E-05 0.0666534 9.9973E-05 0.568672 9.9973E-05 0.00784907
9.9973E-05 0.0011228 0.401063 0.00449298 0.0106004 0.0569507 0.0598889 0.465582 9.9973E-05 9.9973E-05
0.163372 9.9946E-05 0.728099 9.9946E-05 9.9946E-05 9.9946E-05 9.9946E-05 9.9946E-05 0.0555333 0.0523952
9.9982E-05 0.0393478 0.106353 0.00574311 9.9982E-05 0.113337 0.0243758 0.554523 0.10355 0.0525699
0.108046 9.9982E-05 0.117094 0.0630996 0.0100109 0.110245 0.0441031 0.507409 9.9982E-05 0.0397932
0.0624991 0.0539866 0.0611098 0.124021 0.0182792 0.0266964 0.00794679 0.510771 0.0252693 0.10942
9.9973E-05 0.0243349 0.545125 0.0261072 0.0155873 0.10948 0.00609295 0.272972 9.9973E-05 9.9973E-05
9.9964E-05 9.9964E-05 0.414262 9.9964E-05 0.033932 0.0179277 0.0105797 0.498107 0.0247913 9.9964E-05
0.105635 9.9973E-05 0.370177 0.0896033 0.0214443 9.9973E-05 0.0284406 0.371873 9.9973E-05 0.0125271
0.0492717 9.9955E-05 0.542811 9.9955E-05 9.9955E-05 0.0705952 0.106962 0.22986 9.9955E-05 9.9955E-05
0.00934177 0.00346168 0.390439 9.9973E-05 9.9973E-05 0.0483751 9.9973E-05 0.403547 0.0918902 0.052645
0.0156708 0.0766191 0.152828 0.00672033 0.00307711 0.0364327 0.0281805 0.578095 0.00277376 0.0996029
0.273282 0.163428 0.0144609 9.9973E-05 0.0228218 0.157736 9.9973E-05 0.196372 0.1716 9.9973E-05
0.197143 0.0285044 0.0112138 0.0599476 0.0718568 9.9982E-05 9.9982E-05 0.412479 0.106534 0.112122
0.0994182 9.9964E-05 9.9964E-05 9.9964E-05 9.9964E-05 0.131296 0.0231838 0.559508 0.00525692 0.180938
9.9982E-05 9.9982E-05 0.11337 0.084072 0.0130731 0.0617676 0.0529432 0.497477 0.114925 0.062172
0.296723 9.9973E-05 0.0514217 0.00531579 0.0505725 0.0509746 9.9973E-05 0.440652 0.10404 9.9973E-05
0.286924 0.0418335 9.9955E-05 9.9955E-05 9.9955E-05 0.0115996 9.9955E-05 0.561071 0.0980723 9.9955E-05
0.177206 0.0723328 0.0197861 9.9973E-05 9.9973E-05 0.0301137 9.9973E-05 0.457083 0.232111 0.0110682
0.0499172 0.0775072 0.122231 9.9973E-05 9.9973E-05 0.0172713 9.9973E-05 0.509338 0.165012 0.0584233
0.054595 0.0577235 0.0423139 0.144884 0.0241194 0.0176631 9.9991E-05 0.542728 0.0949704 0.0209026
0.195091 0.0822464 0.0202232 0.00109909 0.0303483 0.133021 9.9982E-05 0.493297 0.0444745 9.9982E-05
0.133199 0.0195134 9.9964E-05 9.9964E-05 0.00738309 0.0790281 9.9964E-05 0.508344 0.252132 9.9964E-05
9.9982E-05 0.0810579 0.029159 0.0512668 9.9982E-05 0.0792957 0.114279 0.517478 0.12621 0.001053
0.0895571 0.112642 0.071032 9.9991E-05 0.0114477 0.0091619 0.00286391 0.580416 0.0505205 0.072259
0.173497 9.9964E-05 0.051002 9.9964E-05 9.9964E-05 0.0376591 0.0421886 0.548231 0.147022 9.9964E-05
9.9973E-05 0.0648505 9.9973E-05 0.122285 0.0210052 0.113638 0.0874281 0.481658 0.108836 9.9973E-05
0.0361737 0.0431828 0.108107 0.0297759 0.0235105 0.0751309 0.0457824 0.505038 0.133199 9.9991E-05
0.26056 0.092002 0.00244711 0.0711613 0.0100885 0.072688 9.9991E-05 0.378153 0.0780073 0.0347933
0.0961541 0.0545193 9.9955E-05 9.9955E-05 9.9955E-05 0.0260915 9.9955E-05 0.696482 0.126253 9.9955E-05
0.145064 0.0691629 9.9973E-05 9.9973E-05 0.0194956 0.0287193 9.9973E-05 0.616277 0.113701 0.00728012
0.307625 9.9973E-05 0.175498 9.9973E-05 0.0179184 0.0738667 9.9973E-05 0.221314 0.175266 0.0282124
0.357065 0.142709 0.0328303 0.0646311 9.9973E-05 0.194731 9.9973E-05 0.0760599 0.131674 9.9973E-05
0.241191 9.9973E-05 0.0128939 9.9973E-05 0.0264441 0.0947153 9.9973E-05 0.572195 0.0192108 0.0330507
0.0907542 0.0815269 0.0931754 0.107516 9.9982E-05 0.268134 0.0142699 0.119932 0.224491 9.9982E-05
0.42674 9.9973E-05 0.158905 9.9973E-05 0.00879457 0.0550375 9.9973E-05 0.199746 0.0792221 0.0712543
0.244285 9.9964E-05 0.192625 0.0332377 9.9964E-05 0.0100095 9.9964E-05 0.399209 0.120234 9.9964E-05
0.340744 9.9973E-05 0.0975561 9.9973E-05 0.0347139 0.038622 9.9973E-05 0.296269 0.166407 0.0253879
0.455808 9.9973E-05 0.0256084 0.0538193 9.9973E-05 0.0986632 9.9973E-05 0.221701 0.114136 0.0299638
0.106006 9.9982E-05 0.063896 0.122939 9.9982E-05 0.0293135 0.0582305 0.531971 0.0682034 0.0192407
0.185055 0.046444 9.9991E-05 0.0618166 0.018747 0.0489774 0.0755233 0.474476 0.0383705 0.0504905
0.255272 0.0156049 0.0050794 0.0694551 9.9982E-05 9.9982E-05 0.0184325 0.475404 0.128612 0.0319407
0.309835 0.111078 0.09772 0.118214 9.9982E-05 0.112541 0.0100708 0.111643 0.128698 9.9982E-05
0.0412027 0.0210392 0.157568 0.175445 0.00589386 9.9973E-05 9.9973E-05 0.438289 9.9973E-05 0.160262
0.0390427 0.18752 0.120593 0.1297 9.9991E-05 0.00204817 0.00541224 0.470705 0.0414113 0.00346843
0.0487764 0.177986 0.116718 0.280198 9.9973E-05 0.266001 9.9973E-05 9.9973E-05 0.0331687 0.0768526
0.103511 0.0289901 9.9982E-05 0.0425363 0.0198664 0.133107 9.9982E-05 0.595155 0.0166784 0.0599563
9.9964E-05 0.209133 0.319131 0.036015 9.9964E-05 9.9964E-05 9.9964E-05 0.368438 0.0539563 0.0129258
0.0496064 0.1648 0.151067 0.0488617 0.0103679 9.9991E-05 0.0216541 0.466148 0.0847091 0.00268592
0.134064 0.263441 0.0837334 0.207356 0.0130827 0.0535306 9.9982E-05 0.189478 0.0551151 9.9982E-05
0.143907 0.140919 0.0421785 0.264324 0.0211679 0.173624 9.9991E-05 0.140293 0.0454501 0.0280366
9.9973E-05 0.100553 0.0175247 0.143439 9.9973E-05 0.221376 9.9973E-05 0.362487 0.119445 0.0348759
0.12023 0.13155 9.9982E-05 0.103001 9.9982E-05 0.080159 0.00262757 0.41439 0.0875687 0.060274
0.187391 0.128762 0.0275334 0.176605 0.0625073 0.0238985 9.9991E-05 0.353752 0.00321389 0.0362367
0.177722 0.214151 0.240019 0.176437 0.00178223 0.0590205 0.0901486 9.9982E-05 0.0405192 9.9982E-05
0.0864907 9.9982E-05 0.090382 0.110393 9.9982E-05 0.099844 0.119096 0.387635 0.0225948 0.0833645
0.131486 0.0413836 0.137078 0.293222 9.9973E-05 0.0810938 9.9973E-05 0.303523 0.0119135 9.9973E-05
0.14014 0.0286678 0.107495 0.164721 9.9973E-05 0.117315 9.9973E-05 0.407909 0.0334529 9.9973E-05
9.9973E-05 0.130684 0.0583959 0.0745075 9.9973E-05 9.9973E-05 0.00414483 0.559531 0.156816 0.0156204
0.0527527 0.188051 0.0341831 0.165769 0.0750329 9.9982E-05 0.236798 0.0688725 9.9982E-05 0.17834
9.9955E-05 0.544197 9.9955E-05 0.0144425 9.9955E-05 9.9955E-05 0.0766549 9.9955E-05 0.0016669 0.362539
9.9964E-05 0.569789 9.9964E-05 0.0115305 0.0238954 0.101312 0.0352269 9.9964E-05 9.9964E-05 0.257846
9.9973E-05 0.22341 9.9973E-05 0.048293 0.0157499 9.9973E-05 0.280276 0.100528 0.0364838 0.294959
9.9955E-05 9.9955E-05 0.0339369 0.371317 0.00295562 0.0429838 9.9955E-05 0.548307 9.9955E-05 9.9955E-05
9.9973E-05 9.9973E-05 0.106541 0.103663 9.9973E-05 0.0941208 0.0344938 0.463988 0.0812062 0.115687
0.0421154 9.9955E-05 9.9955E-05 9.9955E-05 0.0140747 0.0208269 0.679855 0.242628 9.9955E-05 9.9955E-05
0.0695435 0.0133692 0.107444 9.9982E-05 0.0559476 0.0780845 0.382193 0.286418 9.9982E-05 0.00680034
0.0407492 0.0598436 9.9973E-05 9.9973E-05 9.9973E-05 0.0353846 0.31546 0.35969 0.0989767 0.089596
9.9964E-05 9.9964E-05 0.0618754 0.404113 0.0284053 0.244618 0.0111533 0.249435 9.9964E-05 9.9964E-05
9.9982E-05 0.0731411 0.0412611 0.139227 0.0265768 0.113792 9.9982E-05 0.457389 0.0666647 0.0817487
0.028292 0.126811 0.0308842 0.44194 9.9973E-05 0.291954 0.00768436 0.0721347 9.9973E-05 9.9973E-05
0.0484477 0.0799512 0.0512315 0.209273 9.9964E-05 0.0914393 9.9964E-05 0.519258 9.9964E-05 9.9964E-05
0.0339794 0.0791106 0.0609769 0.197381 9.9973E-05 0.168211 9.9973E-05 0.458182 0.00185817 9.9973E-05
9.9973E-05 0.0704701 0.0058325 0.140439 9.9973E-05 0.112887 9.9973E-05 0.551602 0.0535893 0.0648799
0.0937376 0.0620092 0.100346 0.373827 9.9964E-05 0.209003 9.9964E-05 0.160677 9.9964E-05 9.9964E-05
9.9973E-05 0.0649249 0.110838 0.0448114 9.9973E-05 0.00696957 9.9973E-05 0.65215 0.0379973 0.0820083
9.9973E-05 0.0308221 0.0471254 0.279483 9.9973E-05 9.9973E-05 0.00211293 0.524743 0.0695466 0.0458668
9.9946E-05 9.9946E-05 9.9946E-05 0.0226401 9.9946E-05 0.0142727 0.938825 0.0236625 9.9946E-05 9.9946E-05
9.9946E-05 9.9946E-05 9.9946E-05 0.049934 9.9946E-05 0.00887292 0.915232 0.0253615 9.9946E-05 9.9946E-05
0.024825 9.9982E-05 0.056852 0.0370982 0.007195 9.9982E-05 0.551125 0.245195 0.00622935 0.0712806
9.9946E-05 9.9946E-05 9.9946E-05 9.9946E-05 0.00747134 0.0206954 0.614605 0.356629 9.9946E-05 9.9946E-05
9.9937E-05 9.9937E-05 0.128292 9.9937E-05 9.9937E-05 9.9937E-05 0.808624 0.0623843 9.9937E-05 9.9937E-05
9.9937E-05 0.00904231 9.9937E-05 9.9937E-05 0.0051744 9.9937E-05 0.985084 9.9937E-05 9.9937E-05 9.9937E-05
0.0127484 9.9946E-05 9.9946E-05 9.9946E-05 0.0126253 9.9946E-05 0.950733 9.9946E-05 0.0232937 9.9946E-05
9.9937E-05 9.9937E-05 9.9937E-05 9.9937E-05 9.9937E-05 0.0262616 0.804784 0.168255 9.9937E-05 9.9937E-05
0.000474007 9.9946E-05 0.00403576 9.9946E-05 9.9946E-05 9.9946E-05 0.981718 9.9946E-05 0.0131727 9.9946E-05
9.99201E-05 9.99201E-05 9.99201E-05 9.99201E-05 9.99201E-05 9.99201E-05 0.999101 9.99201E-05 9.99201E-05 9.99201E-05
9.9928E-05 9.9928E-05 9.9928E-05 9.9928E-05 0.0527215 9.9928E-05 0.946479 9.9928E-05 9.9928E-05 9.9928E-05
0.0790397 9.9955E-05 9.9955E-05 9.9955E-05 0.0579527 0.00622834 0.713725 0.142554 9.9955E-05 9.9955E-05
9.9955E-05 0.0433845 0.00484823 9.9955E-05 9.9955E-05 9.9955E-05 0.715578 0.149376 9.9955E-05 0.0863135
9.9928E-05 9.9928E-05 0.02878 9.9928E-05 9.9928E-05 9.9928E-05 0.970421 9.9928E-05 9.9928E-05 9.9928E-05
0.151277 0.0095287 0.0147678 0.0345155 9.9982E-05 0.0990279 0.297813 0.308254 9.9982E-05 0.0846166
0.0626582 0.0281484 9.9973E-05 9.9973E-05 0.0522329 9.9973E-05 0.618274 0.159233 0.0365113 0.0426425
9.9946E-05 0.0769065 9.9946E-05 9.9946E-05 9.9946E-05 9.9946E-05 0.693351 0.220621 0.00852167 9.9946E-05
0.0602169 9.9955E-05 9.9955E-05 9.9955E-05 0.0181508 9.9955E-05 0.875311 0.0258777 9.9955E-05 0.0199437
9.9937E-05 0.0478482 9.9937E-05 9.9937E-05 9.9937E-05 9.9937E-05 0.919444 0.0320079 9.9937E-05 9.9937E-05
9.9946E-05 0.0614123 9.9946E-05 9.9946E-05 0.0214498 9.9946E-05 0.843156 0.0733826 9.9946E-05 9.9946E-05
9.99201E-05 9.99201E-05 9.99201E-05 9.99201E-05 9.99201E-05 9.99201E-05 0.999101 9.99201E-05 9.99201E-05 9.99201E-05
0.0219513 9.9973E-05 0.0072808 9.9973E-05 0.041291 0.0653483 0.571295 0.23149 9.9973E-05 0.0610439
0.0322806 9.9955E-05 9.9955E-05 9.9955E-05 0.00127466 0.0298387 0.833884 0.102222 9.9955E-05 9.9955E-05
9.9946E-05 0.270493 9.9946E-05 0.427859 9.9946E-05 0.0420311 9.9946E-05 9.9946E-05 9.9946E-05 0.259017
0.0851703 0.127452 9.99824E-05 0.21128 0.0356053 9.99824E-05 0.0317025 0.376463 0.0259925 0.106134
9.9973E-05 0.0389667 0.0823567 0.227353 0.0229125 9.9973E-05 0.0787507 0.365029 9.9973E-05 0.184332
9.9991E-05 0.293148 0.00188437 0.271942 0.0694588 0.0568822 0.0596227 0.178208 0.0266939 0.0420599
0.0727877 0.0696712 0.0378744 0.174309 0.0228261 9.9991E-05 0.099192 0.386826 0.0502477 0.0861661
0.00458881 0.346571 0.0457349 0.194324 0.0364657 0.0566189 0.0611799 0.159178 9.9991E-05 0.0952386
0.000428742 0.185836 0.0563585 0.161106 0.0166795 0.0555639 0.0615938 0.376172 9.9991E-05 0.0861609
9.9973E-05 0.165072 0.0287534 0.294123 0.00134336 9.9973E-05 0.119063 0.28684 9.9973E-05 0.104504
0.0352744 0.102077 0.113138 0.15382 0.0514356 9.9982E-05 0.173466 0.302211 9.9982E-05 0.068378
9.9955E-05 0.243417 9.9955E-05 0.317608 9.9955E-05 9.9955E-05 0.0977925 0.281518 9.9955E-05 0.0591642
9.9982E-05 0.0403481 0.0837127 0.211729 0.0304479 0.00916808 0.038525 0.415413 9.9982E-05 0.170456
9.9964E-05 0.0185202 9.9964E-05 0.0171291 9.9964E-05 0.0699921 9.9964E-05 0.0612102 0.0607604 0.771988
9.9946E-05 9.9946E-05 9.9946E-05 9.9946E-05 0.0845046 0.0457703 0.0346155 9.9946E-05 9.9946E-05 0.83451
0.00449768 0.0284165 0.0025671 9.9964E-05 0.0451971 9.9964E-05 9.9964E-05 0.024844 9.9964E-05 0.894078
9.9955E-05 0.0302895 9.9955E-05 9.9955E-05 9.9955E-05 0.00519662 9.9955E-05 0.0333458 0.0120666 0.918602
0.0116332 0.0664641 9.9973E-05 9.9973E-05 0.110228 9.9973E-05 0.0307698 0.0126733 0.0715217 0.69641
9.9955E-05 0.0540088 9.9955E-05 9.9955E-05 0.0668174 0.0243396 0.0423471 9.9955E-05 9.9955E-05 0.811987
9.9946E-05 9.9946E-05 9.9946E-05 9.9946E-05 0.0621521 9.9946E-05 0.0922581 0.0255662 9.9946E-05 0.819424
9.9964E-05 0.0205595 0.0231895 9.9964E-05 0.0462333 0.0804762 0.0200623 9.9964E-05 9.9964E-05 0.809079
9.9964E-05 0.0499569 0.0190634 9.9964E-05 0.0262094 9.9964E-05 0.0303828 0.0492655 9.9964E-05 0.824722
0.0212455 0.128844 9.9955E-05 9.9955E-05 9.9955E-05 9.9955E-05 0.0339502 0.0343727 9.9955E-05 0.781088
0.198379 9.9964E-05 0.0169452 9.9964E-05 0.0245344 0.090517 9.9964E-05 9.9964E-05 0.0832281 0.585996
0.151858 0.00695604 0.06123 9.9964E-05 0.0123008 9.9964E-05 9.9964E-05 9.9964E-05 0.175328 0.591928
0.232332 0.0455766 9.9973E-05 0.0177344 0.0463239 0.0959671 9.9973E-05 9.9973E-05 0.123966 0.437801
0.300793 9.9964E-05 0.0223227 0.0398521 9.9964E-05 0.103926 9.9964E-05 9.9964E-05 0.0402395 0.492467
0.143074 9.9982E-05 0.200442 0.0188976 0.0419726 0.0350986 9.9982E-05 0.492845 0.0226972 0.0447736
0.154401 9.9955E-05 0.275408 9.9955E-05 9.9955E-05 0.066677 0.0100782 0.492936 9.9955E-05 9.9955E-05
0.145417 9.9982E-05 0.129664 0.147283 9.9982E-05 0.0916333 0.0255969 0.418127 0.0149815 0.0270965
0.151433 9.9973E-05 0.287387 9.9973E-05 0.00491492 0.0607989 9.9973E-05 0.362775 0.0658659 0.0665254
0.456307 9.9964E-05 0.154267 0.0333013 9.9964E-05 9.9964E-05 0.0133449 0.0784184 0.263961 9.9964E-05
0.0859126 9.9973E-05 0.193872 0.0209402 0.0171475 0.0921896 9.9973E-05 0.548961 9.9973E-05 0.0406773
0.0495211 9.9964E-05 0.29951 0.038 9.9964E-05 0.0111646 9.9964E-05 0.562737 0.0386672 9.9964E-05
0.0906443 0.00731812 0.216383 0.105293 9.9973E-05 0.112874 9.9973E-05 0.443999 0.0231892 9.9973E-05
9.9964E-05 9.9964E-05 0.508135 0.0891803 9.9964E-05 0.0651259 0.0381041 0.289228 0.00982658 9.9964E-05
9.9973E-05 0.0878019 0.0661088 0.0748044 9.9973E-05 0.0314968 0.0213571 0.599865 0.118266 9.9973E-05
9.9964E-05 9.9964E-05 0.406728 0.0313893 0.0124738 0.0515818 9.9964E-05 0.396781 0.100646 9.9964E-05
9.9937E-05 9.9937E-05 0.673919 9.9937E-05 9.9937E-05 0.277257 9.9937E-05 9.9937E-05 0.0481249 9.9937E-05
9.9982E-05 0.0209986 0.0839687 0.00855476 0.0216845 0.144281 9.9982E-05 0.530098 0.115566 0.0746482
9.9973E-05 0.0592274 0.451369 0.073691 0.00231353 0.126955 9.9973E-05 0.277989 0.00815551 9.9973E-05
9.9964E-05 9.9964E-05 0.27385 9.9964E-05 0.0194476 0.142672 9.9964E-05 0.519129 0.0414544 0.00304753
0.18429 0.00571389 0.606067 9.9973E-05 9.9973E-05 0.0157586 9.9973E-05 0.0508995 0.0889292 0.0480418
9.9964E-05 0.0671978 0.0251209 0.130951 0.0018005 9.9964E-05 9.9964E-05 9.9964E-05 0.758868 0.0156613
9.9955E-05 9.9955E-05 0.00502449 0.186402 9.9955E-05 9.9955E-05 9.9955E-05 0.0292799 0.733621 0.0451725
9.9946E-05 9.9946E-05 9.9946E-05 0.160502 0.00983499 0.00282051 9.9946E-05 9.9946E-05 0.826243 9.9946E-05
9.9946E-05 9.9946E-05 9.9946E-05 0.107131 9.9946E-05 0.0331029 9.9946E-05 9.9946E-05 0.793204 0.0659633
9.9955E-05 9.9955E-05 9.9955E-05 0.140403 0.00688954 9.9955E-05 0.0220299 0.0123515 0.817826 9.9955E-05
9.9937E-05 9.9937E-05 9.9937E-05 9.9937E-05 9.9937E-05 9.9937E-05 0.0567456 0.0822969 0.860258 9.9937E-05
9.9955E-05 0.0358638 9.9955E-05 9.9955E-05 0.0604649 9.9955E-05 0.00397651 0.149483 9.9955E-05 0.749712
0.0404912 9.9955E-05 9.9955E-05 9.9955E-05 9.9955E-05 9.9955E-05 0.0491612 0.0850678 0.0165377 0.808242
9.9955E-05 0.0116473 9.9955E-05 9.9955E-05 0.00528202 9.9955E-05 0.0726625 0.17235 9.9955E-05 0.737559
0.0950029 0.00273082 9.9964E-05 9.9964E-05 9.9964E-05 9.9964E-05 0.0930205 0.0523949 0.0239089 0.732542
0.0520949 9.9946E-05 9.9946E-05 9.9946E-05 9.9946E-05 9.9946E-05 0.0825161 0.0701192 9.9946E-05 0.79467
0.0130991 9.9955E-05 0.0379591 0.163036 9.9955E-05 9.9955E-05 9.9955E-05 9.9955E-05 0.451941 0.333465
9.9964E-05 9.9964E-05 0.109857 0.014479 0.0029502 0.0765175 9.9964E-05 9.9964E-05 0.345296 0.450501
9.9955E-05 9.9955E-05 0.075048 9.9955E-05 0.0362863 0.0765231 9.9955E-05 9.9955E-05 0.397605 0.414038
9.99201E-05 9.99201E-05 9.99201E-05 9.99201E-05 0.999101 9.99201E-05 9.99201E-05 9.99201E-05 9.99201E-05 9.99201E-05
9.9964E-05 0.0265805 0.101234 9.9964E-05 0.0332131 0.0249026 9.9964E-05 9.9964E-05 0.475515 0.338155
9.9973E-05 0.247287 9.9973E-05 9.9973E-05 0.0268519 0.0331599 0.312087 0.290425 0.00389656 0.0859929
0.0360791 0.00825665 9.9973E-05 9.9973E-05 0.00622355 0.0163158 0.121889 0.629757 9.9973E-05 0.181179
0.0145806 9.9955E-05 9.9955E-05 9.9955E-05 0.0387381 9.9955E-05 0.275212 0.52438 9.9955E-05 0.146589
9.9982E-05 0.140659 0.0974065 9.9982E-05 0.0219035 0.00776391 0.237947 0.270166 0.0715599 0.152394
9.9982E-05 0.115985 0.0995035 0.071664 0.0513125 9.9982E-05 0.112488 0.457265 0.000763373 0.0908187
9.9946E-05 0.417178 9.9946E-05 0.00648992 9.9946E-05 9.9946E-05 0.25482 9.9946E-05 9.9946E-05 0.320912
0.278441 0.00431094 0.0963606 0.0189018 9.9991E-05 0.104894 0.00195802 0.35388 0.137613 0.00354155
0.0798795 0.0967431 0.0506237 0.0610954 9.9973E-05 0.261913 9.9973E-05 0.349573 0.0998721 9.9973E-05
0.51054 0.00928418 0.0151962 9.9973E-05 0.0173889 9.9973E-05 9.9973E-05 0.20683 0.157879 0.0825831
0.0955191 0.0279446 0.0203255 9.9973E-05 0.0039123 0.258611 9.9973E-05 0.46059 0.132798 9.9973E-05
0.0467267 0.214112 0.233798 9.9955E-05 9.9955E-05 0.419908 9.9955E-05 9.9955E-05 0.0849548 9.9955E-05
0.150872 0.137137 9.9991E-05 0.0407812 0.0430336 0.0652692 0.0102372 0.49684 0.0232255 0.0325035
0.121039 0.095583 0.0015902 9.9973E-05 0.00362524 0.135496 9.9973E-05 0.471247 0.171119 9.9973E-05
0.402496 9.9982E-05 0.0804407 0.0549899 0.0211325 0.010352 9.9982E-05 0.234374 0.141944 0.0540707
0.289978 9.9973E-05 0.0246182 0.127492 9.9973E-05 0.0169687 0.0195107 0.43988 9.9973E-05 0.0812526
0.417556 0.199442 0.122156 0.0509196 9.9964E-05 0.194444 9.9964E-05 0.0150832 9.9964E-05 9.9964E-05
0.0236632 0.0553628 0.0933977 0.118991 9.9982E-05 0.165895 0.0402033 0.41476 0.087527 9.9982E-05
0.173107 9.9964E-05 0.044452 0.0659202 0.0300304 9.9964E-05 9.9964E-05 0.480478 0.205612 9.9964E-05
0.12204 0.146526 0.0703369 0.0532635 9.9973E-05 9.9973E-05 0.173838 0.373578 0.0601173 9.9973E-05
0.207701 0.0745689 0.0119929 0.00146544 9.9973E-05 0.258681 9.9973E-05 0.368022 0.0772681 9.9973E-05
0.210533 9.9964E-05 0.023265 9.9964E-05 9.9964E-05 0.148857 9.9964E-05 0.440638 0.150579 0.0257283
0.157711 0.0401278 0.0814144 0.0918057 9.9982E-05 0.0986971 0.103242 0.420237 0.00656479 9.9982E-05
0.114355 9.9973E-05 0.0860909 0.0307896 9.9973E-05 0.13594 0.00623278 0.551506 0.0747855 9.9973E-05
0.0453688 0.012367 0.100929 0.0818138 0.0156719 0.0834975 0.0715771 0.542397 0.036655 0.00972347
0.0466672 0.107271 0.167723 9.9982E-05 9.9982E-05 0.0614911 0.0776047 0.409447 0.0831963 0.0464007
0.0736306 0.184001 0.0618164 9.9973E-05 0.0244979 9.9973E-05 0.0251586 0.52428 0.106316 9.9973E-05
9.9946E-05 9.9946E-05 9.9946E-05 0.0251319 9.9946E-05 9.9946E-05 0.101578 0.0959663 9.9946E-05 0.776724
9.9955E-05 9.9955E-05 0.0351767 9.9955E-05 0.0281251 9.9955E-05 0.0372624 0.0973859 9.9955E-05 0.80155
9.9964E-05 9.9964E-05 0.034304 0.109681 9.9964E-05 0.0378541 9.9964E-05 0.0217668 0.00947708 0.786517
9.9973E-05 9.9973E-05 0.0706551 9.9973E-05 0.000500363 0.0163833 0.0506683 0.0429496 0.0439708 0.774573
9.9955E-05 9.9955E-05 9.9955E-05 0.00204433 0.0509959 9.9955E-05 0.0356019 0.145273 9.9955E-05 0.765585
0.437996 0.0634564 0.0339543 9.9982E-05 0.00261465 0.089004 0.0203364 0.112642 0.239796 9.9982E-05
0.155556 0.0171082 9.9973E-05 9.9973E-05 9.9973E-05 0.171161 0.103344 0.39419 0.117335 0.0410055
0.00141797 0.0505109 0.0764587 0.0732887 0.0276521 0.121409 0.237521 0.286647 0.00696573 0.118128
0.0959353 0.0543073 9.9964E-05 9.9964E-05 0.0505559 0.0459982 9.9964E-05 0.649955 0.102848 9.9964E-05
0.160699 9.9964E-05 0.0539821 9.9964E-05 9.9964E-05 0.0655199 9.9964E-05 0.517923 0.136591 0.0648851
0.163642 0.167867 9.9973E-05 9.9973E-05 0.0100652 0.178689 0.0173481 0.255481 0.206607 9.9973E-05
0.372213 0.140539 0.108593 9.9964E-05 0.0483516 9.9964E-05 9.9964E-05 9.9964E-05 0.287104 0.0427997
0.0929132 9.9973E-05 0.0172757 0.0718799 0.0253491 0.0340861 9.9973E-05 0.488523 0.269673 9.9973E-05
0.36559 9.9991E-05 0.0370562 0.0752778 0.0147144 0.250941 0.0160235 0.0326123 0.155683 0.0520016
9.9982E-05 0.0624226 0.180439 0.0346158 9.9982E-05 0.122789 0.0434971 0.366813 0.167794 0.0214283
0.309198 0.0234036 0.0340667 9.9973E-05 9.9973E-05 0.178168 9.9973E-05 0.0923381 0.252083 0.110443
0.0573726 0.0423427 9.9991E-05 0.0729041 0.0340937 0.0120541 0.0143209 0.592597 0.154253 0.0199617
0.496713 9.9982E-05 0.0651429 9.9982E-05 0.0155293 0.0684715 0.00911633 0.0704849 0.163936 0.110405
0.322378 9.9991E-05 0.0427039 0.0600229 0.000409682 0.086431 0.0421074 0.289121 0.126775 0.0299512
0.104844 0.103352 9.9991E-05 0.241508 0.00797213 0.0409763 0.0118069 0.441895 0.00596243 0.041584
0.0273522 0.0448231 9.9964E-05 0.548578 9.9964E-05 0.118374 9.9964E-05 0.184799 0.0756741 9.9964E-05
0.0749316 9.9973E-05 0.0282057 0.2835 0.0393503 9.9973E-05 9.9973E-05 0.49556 0.0120495 0.0661029
0.05325 9.9964E-05 0.181445 0.116954 0.047223 9.9964E-05 9.9964E-05 0.519876 9.9964E-05 0.0808532
0.0214416 0.00496969 9.9964E-05 0.57732 9.9964E-05 0.107281 9.9964E-05 0.285924 0.00266356 9.9964E-05
0.114752 0.0196811 0.0856291 0.122507 0.0764834 0.0421341 0.0232278 0.500783 0.00762972 0.00717216
9.9973E-05 0.101869 0.0661425 0.223302 0.0442436 0.0782982 9.9973E-05 0.425089 0.0607559 9.9973E-05
0.0181739 0.0274967 0.118863 0.581601 9.9973E-05 0.189328 9.9973E-05 0.0191306 0.0451066 9.9973E-05
0.0274732 0.132798 0.027891 0.480213 9.9973E-05 0.153081 9.9973E-05 0.169996 0.00824801 9.9973E-05
9.9955E-05 0.0690994 9.9955E-05 0.299601 9.9955E-05 0.117926 9.9955E-05 0.467336 0.0455377 9.9955E-05
9.9964E-05 0.0362874 0.195108 0.598381 9.9964E-05 0.110708 9.9964E-05 0.028602 0.0305137 9.9964E-05
0.139378 9.9946E-05 0.130877 0.411218 9.9946E-05 9.9946E-05 9.9946E-05 0.317926 9.9946E-05 9.9946E-05
0.45183 9.9964E-05 0.188611 9.9964E-05 9.9964E-05 0.040465 9.9964E-05 0.0609902 0.241402 0.0163015
0.281349 0.105371 0.0636974 9.9964E-05 9.9964E-05 0.240804 9.9964E-05 0.199175 0.109204 9.9964E-05
0.240916 0.025463 0.0708523 9.9982E-05 9.9982E-05 0.0720609 0.0340828 0.288572 0.267502 0.000349969
0.110812 0.00883798 0.0623091 9.9973E-05 9.9973E-05 9.9973E-05 0.0686163 0.613544 0.11273 0.0228513
0.427778 9.9964E-05 0.139979 0.0345131 9.9964E-05 9.9964E-05 0.00399883 0.161615 0.231717 9.9964E-05
0.0217047 0.0914664 9.9973E-05 9.9973E-05 0.0099177 0.0699415 9.9973E-05 0.578598 0.16479 0.0632814
0.213425 0.0296249 0.0233832 9.9982E-05 0.0335012 9.9982E-05 0.0599874 0.530582 0.0881667 0.0211298
0.360231 9.9973E-05 0.0313681 9.9973E-05 9.9973E-05 0.0391227 0.0507909 0.427061 0.0636735 0.0274525
0.207779 9.9964E-05 0.0410718 9.9964E-05 9.9964E-05 0.0451306 0.0921844 0.439265 0.17417 9.9964E-05
0.231842 9.9973E-05 0.149993 0.0989468 0.0365514 9.9973E-05 0.0443375 0.316127 0.121903 9.9973E-05
0.343505 9.9964E-05 0.148415 9.9964E-05 0.00666008 9.9964E-05 0.0303284 0.227219 0.243473 9.9964E-05
0.225018 9.9973E-05 0.0242204 0.0655647 9.9973E-05 0.0801975 0.151475 0.246002 0.207223 9.9973E-05
0.138272 9.9946E-05 9.9946E-05 9.9946E-05 9.9946E-05 0.057036 9.9946E-05 0.600819 0.203273 9.9946E-05
0.191446 9.9964E-05 0.0577857 0.0346363 9.9964E-05 0.0497206 9.9964E-05 0.573834 0.0921783 9.9964E-05
0.0835933 0.144989 0.120441 9.9973E-05 0.0345152 0.0703447 9.9973E-05 0.385607 0.16021 9.9973E-05
0.0613115 0.0172897 9.99551E-05 9.99551E-05 9.99551E-05 0.152911 9.99551E-05 0.540703 0.227285 9.99551E-05
0.29852 0.0511582 9.9982E-05 0.0219245 0.0506201 0.0332742 9.9982E-05 0.3334 0.188328 0.0225751
0.1983 9.9973E-05 0.0527694 9.9973E-05 0.0484327 0.013059 9.9973E-05 0.591829 0.0832266 0.012084
0.15096 9.9973E-05 0.0234905 0.0581572 9.9973E-05 9.9973E-05 0.0734167 0.498915 0.16453 0.0302305
9.9982E-05 9.9982E-05 0.0608387 0.00559342 0.0116568 0.101357 0.0718665 0.49407 0.109925 0.144492
0.132817 0.108394 0.00906739 9.9973E-05 0.0359552 9.9973E-05 0.0618961 0.421101 9.9973E-05 0.23047
0.132891 0.0735797 0.062883 9.9982E-05 0.0110133 0.0196693 0.183413 0.399523 9.9982E-05 0.116827
0.110132 0.0564117 0.0892217 0.0299247 0.0766789 9.9991E-05 0.108969 0.429894 0.0186623 0.0800054
0.0988284 0.0924583 0.0457263 0.0761148 0.0675462 0.0243566 0.013926 0.564667 0.0143463 0.00203031
0.0943274 0.125333 0.0182628 9.9973E-05 9.9973E-05 0.00479556 0.121118 0.452319 9.9973E-05 0.183545
0.214419 0.0186462 9.9982E-05 0.0815371 0.00923755 0.224373 0.0056797 0.433115 0.0127923 9.9982E-05
0.0834801 0.0578586 0.157047 0.0363891 0.0190485 9.9982E-05 0.0397406 0.424633 9.9982E-05 0.181603
0.0518367 0.416422 0.110925 0.107966 9.9982E-05 0.0937638 0.0738059 0.0555314 9.9982E-05 0.089549
0.14244 0.080437 0.0346579 9.9973E-05 9.9973E-05 0.0453357 0.129127 0.488421 9.9973E-05 0.0792823
9.9964E-05 9.9964E-05 0.00702016 9.9964E-05 9.9964E-05 0.120467 0.105465 0.576776 0.0806514 0.10922
0.163544 0.041777 9.9991E-05 0.0148057 0.0156699 0.0643488 0.179862 0.464311 0.0357677 0.0198138
0.139841 0.160573 0.0425412 0.0874978 0.0259395 0.0110234 0.118092 0.309939 0.0144615 0.0900921
9.9964E-05 0.144912 0.0664225 0.0172378 9.9964E-05 9.9964E-05 0.0671263 0.546149 9.9964E-05 0.157753
9.9982E-05 0.0794979 9.9982E-05 0.0682415 0.051606 0.0386386 0.0776188 0.611507 0.0139703 0.0587195
0.001749 0.438769 0.0102742 9.9973E-05 0.026431 0.0582035 0.147683 9.9973E-05 9.9973E-05 0.31659
0.00635854 0.074422 0.0631672 0.0796304 0.143172 9.9982E-05 0.160977 0.448923 9.9982E-05 0.0231496
0.0319532 0.041343 9.9982E-05 0.105302 0.0396309 9.9982E-05 0.165621 0.43376 0.025809 0.156381
0.0509911 0.0850046 0.0145343 0.0545765 0.0196273 0.0783252 0.143391 0.46166 0.0917899 9.9991E-05
9.9955E-05 0.159242 9.9955E-05 0.00507863 9.9955E-05 9.9955E-05 0.051717 0.647622 9.9955E-05 0.135841
9.9973E-05 0.0326011 9.9973E-05 0.0725317 0.075968 9.9973E-05 0.0806021 0.525625 0.0538161 0.158556
9.9946E-05 9.9946E-05 0.118571 9.9946E-05 0.0455072 0.375917 9.9946E-05 0.459405 9.9946E-05 9.9946E-05
0.02465 0.0676199 0.0456746 9.9991E-05 0.0252611 0.234759 0.052856 0.453306 0.0527819 0.042991
0.107246 9.9955E-05 0.0346781 0.103548 9.9955E-05 0.753272 9.9955E-05 0.000757166 9.9955E-05 9.9955E-05
0.0159373 9.99639E-05 0.0178799 0.0529572 9.99639E-05 0.864804 9.99639E-05 9.99639E-05 0.00677172 0.0412504
0.101675 9.9973E-05 0.00616127 9.9973E-05 0.00522384 0.286308 0.0883942 0.452963 9.9973E-05 0.0589754
9.9964E-05 0.125465 9.9964E-05 0.0133037 9.9964E-05 0.0859602 0.220727 0.442823 9.9964E-05 0.111321
9.9955E-05 0.128225 9.9955E-05 9.9955E-05 9.9955E-05 0.151735 0.308795 0.33364 9.9955E-05 0.0771061
0.0709788 0.227072 9.9982E-05 0.00558394 0.0501202 0.131242 0.238105 0.183695 9.9982E-05 0.0930029
0.0291451 0.137387 9.9973E-05 9.9973E-05 0.0529455 0.149618 0.165525 0.317602 9.9973E-05 0.147478
9.9964E-05 0.20466 9.9964E-05 9.9964E-05 0.0232696 0.6447 0.0571808 0.0656688 9.9964E-05 0.00412157
9.9955E-05 0.25666 9.9955E-05 9.9955E-05 0.0141637 0.4842 0.0333723 0.211104 9.9955E-05 9.9955E-05
9.9955E-05 0.00834786 9.9955E-05 9.9955E-05 0.059098 0.266054 0.114108 0.551892 9.9955E-05 9.9955E-05
9.9955E-05 9.9955E-05 9.9955E-05 0.0124134 9.9955E-05 0.415774 0.10778 0.407259 9.9955E-05 0.0562733
9.9964E-05 0.0459596 9.9964E-05 9.9964E-05 0.0524185 0.593032 0.0696366 0.217384 9.9964E-05 0.0211691
9.9982E-05 0.0592182 9.9982E-05 0.0571036 0.00642168 0.178869 0.12368 0.511818 0.018 0.0446895
9.9955E-05 0.0588023 0.130945 9.9955E-05 9.9955E-05 0.174074 0.0887039 0.546975 9.9955E-05 9.9955E-05
0.0382707 0.100009 0.015268 9.9991E-05 0.00935333 0.159195 0.0731142 0.477207 0.0161509 0.111331
0.0467787 9.9973E-05 0.0368676 0.0134966 9.9973E-05 0.535009 9.9973E-05 0.309339 0.0309292 0.0272799
0.0890208 9.9955E-05 0.0661716 9.9955E-05 0.0418976 0.454063 9.9955E-05 0.348347 9.9955E-05 9.9955E-05
9.9973E-05 9.9973E-05 9.9973E-05 0.0807893 0.0409891 0.271206 0.0536401 0.45508 0.0770226 0.0209728
9.9982E-05 9.9982E-05 0.0158221 0.00942085 0.0398255 0.434413 0.0551685 0.327929 0.0917995 0.0254219
0.0424123 0.145792 0.165846 9.9991E-05 0.0232055 0.178762 0.0517296 0.36917 0.00908297 0.0138994
0.00137885 0.0383269 9.9964E-05 0.0981406 9.9964E-05 0.393017 9.9964E-05 0.445467 0.0232695 9.9964E-05
9.9946E-05 9.9946E-05 9.9946E-05 0.0436622 9.9946E-05 0.743358 9.9946E-05 0.182023 0.0303568 9.9946E-05
9.9955E-05 0.0649108 0.0388006 9.9955E-05 9.9955E-05 0.322422 9.9955E-05 0.569905 0.00346228 9.9955E-05
9.9946E-05 9.9946E-05 0.00752426 0.000853568 9.9946E-05 0.761694 9.9946E-05 0.229329 9.9946E-05 9.9946E-05
9.9946E-05 9.9946E-05 9.9946E-05 0.0689672 0.0271997 0.515483 9.9946E-05 0.38775 9.9946E-05 9.9946E-05
0.0381716 0.0336763 0.0730887 0.0161697 0.0669698 0.267627 0.0477261 0.445342 0.0111289 9.9991E-05
0.0685213 9.9973E-05 0.0595437 0.0609072 0.071449 0.353567 0.0299653 0.355747 9.9973E-05 9.9973E-05
0.140588 0.0714928 9.9982E-05 0.0352786 0.0298181 0.011077 0.115562 0.489328 9.9982E-05 0.106656
0.0806696 0.124537 9.9982E-05 0.0304315 0.00400923 0.12845 0.111022 0.414138 9.9982E-05 0.106543
9.9982E-05 0.123706 9.9982E-05 0.0869586 0.0433969 0.0430795 0.200933 0.353183 0.0521075 0.0964355
0.109247 0.052312 9.9991E-05 0.144995 0.103906 0.0677902 0.193663 0.246867 0.0169069 0.0642133
0.0902557 0.050898 9.9973E-05 0.164278 9.9973E-05 9.9973E-05 0.123402 0.427345 0.0135309 0.129991
9.9973E-05 0.178048 9.9973E-05 9.9973E-05 0.0699946 0.0211879 0.0675621 0.554225 0.0308857 0.0777961
9.9964E-05 0.131432 9.9964E-05 9.9964E-05 0.0440709 0.558995 0.141076 9.9964E-05 0.0316111 0.0924147
9.9973E-05 0.0114098 9.9973E-05 9.9973E-05 0.00153517 0.112271 0.201044 0.554743 0.0561935 0.0625045
9.9955E-05 0.180185 9.9955E-05 9.9955E-05 0.00732636 0.417452 0.0972853 9.9955E-05 9.9955E-05 0.297251
0.0198435 9.9955E-05 9.9955E-05 9.9955E-05 9.9955E-05 0.278792 0.184188 0.479943 9.9955E-05 0.0367335
9.9955E-05 0.0509503 0.0952506 0.00166888 9.9955E-05 0.721253 9.9955E-05 0.130377 9.9955E-05 9.9955E-05
0.064287 9.9946E-05 9.9946E-05 9.9946E-05 0.0135667 0.916458 9.9946E-05 9.9946E-05 9.9946E-05 0.00508805
0.124147 9.9964E-05 0.0735529 0.0042597 0.0102847 0.33082 9.9964E-05 0.456536 9.9964E-05 9.9964E-05
