0.022772 0.823808 9.9955E-05 9.9955E-05 0.0345515 9.9955E-05 9.9955E-05 0.0660527 0.0523157 9.9955E-05
9.9955E-05 0.909724 9.9955E-05 0.0277563 9.9955E-05 9.9955E-05 0.040429 9.9955E-05 0.00890435 0.0126863
9.9973E-05 0.735833 0.0752053 9.9973E-05 0.0523654 9.9973E-05 0.0115738 0.024692 0.0867792 0.013251
9.9964E-05 0.717596 0.0813984 0.0158623 0.0354248 9.9964E-05 9.9964E-05 0.113905 0.0354136 9.9964E-05
9.9955E-05 0.855183 0.0431118 0.0393968 0.0416742 9.9955E-05 9.9955E-05 0.0201346 9.9955E-05 9.9955E-05
9.9964E-05 0.57754 0.00412477 9.9964E-05 0.0446749 0.275388 0.0333288 9.9964E-05 0.0645445 9.9964E-05
9.9946E-05 0.766799 9.9946E-05 9.9946E-05 9.9946E-05 0.158085 9.9946E-05 9.9946E-05 0.0426988 0.0318174
9.9955E-05 0.640301 9.9955E-05 9.9955E-05 0.0227842 0.278102 9.9955E-05 0.00912939 0.0491829 9.9955E-05
0.051181 0.804577 9.99639E-05 0.0257264 9.99639E-05 9.99639E-05 0.0332023 0.0443126 0.0406013 9.99639E-05
9.9955E-05 0.652806 0.0189784 9.9955E-05 0.0831477 0.207207 9.9955E-05 9.9955E-05 0.037361 9.9955E-05
9.9955E-05 0.708532 9.9955E-05 9.9955E-05 0.00691783 0.238016 9.9955E-05 0.0383394 0.00769526 9.9955E-05
9.9955E-05 0.0191682 0.0950123 9.9955E-05 0.038512 0.0271564 9.9955E-05 9.9955E-05 9.9955E-05 0.819651
0.0486157 9.9955E-05 0.367057 9.9955E-05 0.0998527 9.9955E-05 9.9955E-05 9.9955E-05 0.0201946 0.46378
0.177259 9.9955E-05 0.148424 9.9955E-05 0.00210088 9.9955E-05 9.9955E-05 9.9955E-05 0.025801 0.645916
0.086627 9.9946E-05 0.122017 9.9946E-05 0.166543 9.9946E-05 9.9946E-05 9.9946E-05 9.9946E-05 0.624214
0.0281643 0.047427 0.270003 9.9964E-05 0.117975 0.0829106 9.9964E-05 9.9964E-05 9.9964E-05 0.45312
0.0120868 0.0640758 0.460107 0.0552598 0.104246 9.9973E-05 9.9973E-05 9.9973E-05 0.00688472 0.297039
0.00400987 9.9973E-05 0.36687 9.9973E-05 0.0628719 0.0812938 0.0664228 9.9973E-05 0.0310988 0.387132
0.0785344 0.0783149 0.137451 9.9973E-05 0.0835146 9.9973E-05 0.0122223 9.9973E-05 0.0111493 0.598514
9.9937E-05 9.9937E-05 9.9937E-05 9.9937E-05 0.00610741 0.153328 9.9937E-05 9.9937E-05 9.9937E-05 0.839865
9.9973E-05 0.0257842 0.312749 0.048387 0.0899154 9.9973E-05 0.0892108 9.9973E-05 0.00852456 0.425129
0.0576809 9.9991E-05 0.363028 0.0195123 0.0241406 0.115426 0.10076 0.0515378 0.0342859 0.233529
9.9973E-05 0.0908945 0.471248 0.0253128 9.9973E-05 0.0853446 0.0981188 0.0589695 9.9973E-05 0.169812
9.9946E-05 9.9946E-05 0.115841 9.9946E-05 0.117746 0.0505598 9.9946E-05 9.9946E-05 9.9946E-05 0.715254
9.9955E-05 0.0873268 0.581479 9.9955E-05 9.9955E-05 0.0812012 9.9955E-05 9.9955E-05 0.0404806 0.209012
0.0528432 9.9955E-05 0.471674 9.9955E-05 0.0489227 9.9955E-05 9.9955E-05 9.9955E-05 0.0127262 0.413334
9.9955E-05 0.00514769 9.9955E-05 9.9955E-05 0.126888 0.0702896 9.9955E-05 9.9955E-05 0.0171813 0.779994
0.0263207 0.0183852 0.0147048 9.9955E-05 0.161528 9.9955E-05 9.9955E-05 9.9955E-05 9.9955E-05 0.778562
9.9946E-05 9.9946E-05 0.113541 0.0305182 9.9946E-05 0.0854569 9.9946E-05 9.9946E-05 9.9946E-05 0.769884
9.99201E-05 9.99201E-05 9.99201E-05 9.99201E-05 9.99201E-05 9.99201E-05 9.99201E-05 9.99201E-05 0.999101 9.99201E-05
9.99201E-05 9.99201E-05 9.99201E-05 9.99201E-05 9.99201E-05 9.99201E-05 9.99201E-05 9.99201E-05 0.999101 9.99201E-05
0.0940529 0.457051 0.0196009 9.9964E-05 0.0581385 9.9964E-05 0.0420391 9.9964E-05 0.328718 9.9964E-05
0.0990997 0.475841 0.0990368 9.9964E-05 0.0694931 9.9964E-05 0.0160382 9.9964E-05 0.240091 9.9964E-05
9.9982E-05 0.00520756 0.45823 9.9982E-05 0.058072 0.0971545 0.266302 0.0756088 0.0171444 0.0220811
0.0317998 0.10915 0.585977 9.9955E-05 9.9955E-05 9.9955E-05 0.209064 9.9955E-05 9.9955E-05 0.0635099
9.9964E-05 0.0480457 0.59595 9.9964E-05 9.9964E-05 0.0532769 0.26526 0.00967845 0.0273895 9.9964E-05
9.9973E-05 0.128472 0.0448104 9.9973E-05 9.9973E-05 0.00259456 0.090504 0.109284 0.00934983 0.614685
0.0797585 9.9973E-05 0.346732 0.00695545 0.00156721 0.0294115 0.47862 9.9973E-05 0.0566558 9.9973E-05
0.0197777 0.0545902 0.403802 0.136231 0.0395872 9.9982E-05 0.128074 0.041569 9.9982E-05 0.176169
0.0498088 0.0125439 0.70563 9.9955E-05 9.9955E-05 0.117659 0.113859 9.9955E-05 9.9955E-05 9.9955E-05
9.9973E-05 0.0631301 0.442064 9.9973E-05 0.0270137 0.347006 0.074151 0.0273484 0.0189871 9.9973E-05
9.9982E-05 0.0171185 0.520373 9.9982E-05 0.0237681 0.190496 0.113172 0.042902 0.0494796 0.042491
9.9955E-05 9.9955E-05 0.11002 9.9955E-05 9.9955E-05 9.9955E-05 0.672955 0.060347 0.0420177 0.11416
0.011166 0.10641 0.521406 9.9973E-05 0.0253411 0.234521 0.0427102 9.9973E-05 9.9973E-05 0.0581451
9.9955E-05 0.094445 0.53513 9.9955E-05 0.094974 0.089013 0.185938 9.9955E-05 9.9955E-05 9.9955E-05
9.9982E-05 0.133728 0.619909 0.0858399 0.0581137 0.012509 0.0657614 0.0126762 0.0112624 9.9982E-05
0.077453 9.9937E-05 0.314496 9.9937E-05 9.9937E-05 9.9937E-05 0.607352 9.9937E-05 9.9937E-05 9.9937E-05
0.0521957 9.9964E-05 0.532675 9.9964E-05 0.0782589 0.0423739 0.263493 9.9964E-05 0.0306035 9.9964E-05
9.9964E-05 0.120568 0.545963 0.0212773 0.0352818 0.0956196 0.18089 9.9964E-05 9.9964E-05 9.9964E-05
0.174317 0.0753145 9.9955E-05 0.0323583 9.9955E-05 0.000192353 0.717318 9.9955E-05 9.9955E-05 9.9955E-05
0.0768104 9.9973E-05 0.108967 0.0170624 9.9973E-05 0.0647561 0.229259 0.152667 9.9973E-05 0.350178
0.112648 0.00934647 9.9982E-05 0.128259 0.00105637 0.208047 0.120145 0.0277329 9.9982E-05 0.392565
0.0478562 0.0193049 0.526087 0.00962729 0.0783941 0.0574949 9.9991E-05 0.0410502 0.00534978 0.214736
0.0563474 0.064582 0.595901 0.0376425 9.9973E-05 0.0993672 9.9973E-05 9.9973E-05 0.0158334 0.130026
0.105561 0.0538864 0.601852 0.0740905 9.9973E-05 9.9973E-05 0.0159627 0.123254 9.9973E-05 0.0250926
0.0161235 0.0473005 0.133612 0.144662 9.9991E-05 0.0414743 0.151813 0.154369 0.0460274 0.264519
0.00999761 9.9955E-05 0.593676 9.9955E-05 9.9955E-05 0.0192882 9.9955E-05 0.151858 9.9955E-05 0.224681
0.0597853 0.00296509 0.534153 0.00240321 0.117747 9.9991E-05 0.0120175 0.0176852 0.0551325 0.198011
0.066551 0.0890349 0.329529 9.9991E-05 0.0322366 0.159523 0.11758 0.0260062 0.0154144 0.164025
0.100435 0.131782 9.9991E-05 0.0397992 0.0618288 0.0481657 0.0498397 0.0902997 0.0244229 0.453327
9.999E-05 0.0649057 0.529641 0.0684768 0.0126526 0.00477349 0.127049 0.0455502 0.0341017 0.112749
0.0904508 0.0542088 0.312869 0.122452 0.033115 9.9982E-05 9.9982E-05 0.0676913 0.00839387 0.31062
0.0218117 0.000940167 9.9982E-05 0.025144 9.9982E-05 0.107012 0.0869541 0.0877214 0.0484419 0.621775
0.072944 9.9964E-05 0.426889 0.0206556 9.9964E-05 0.0375624 0.038678 9.9964E-05 9.9964E-05 0.402871
0.0363126 9.9982E-05 0.639259 0.153585 0.00992752 0.0268141 0.0102913 0.0734292 9.9982E-05 0.0501817
0.0720428 0.0232337 0.527944 9.9982E-05 0.0734092 0.0184567 9.9982E-05 0.0991465 0.0391604 0.146407
0.0793039 0.0274957 0.299808 0.038333 0.00348434 0.0170895 0.132451 0.0708751 9.9991E-05 0.33106
0.0649043 9.9964E-05 0.43348 0.00545814 9.9964E-05 9.9964E-05 0.044596 9.9964E-05 0.0727625 0.378399
0.0615482 0.0345225 0.493373 9.9982E-05 0.0570813 9.9982E-05 0.0873444 0.13113 0.0155132 0.119288
0.0288395 9.9973E-05 0.1563 0.0641682 9.9973E-05 9.9973E-05 0.0886614 0.07355 0.0796561 0.508525
9.9946E-05 9.9946E-05 0.509115 9.9946E-05 9.9946E-05 9.9946E-05 0.39397 0.0441186 9.9946E-05 0.0521964
9.9955E-05 0.0130517 0.176164 9.9955E-05 9.9955E-05 9.9955E-05 0.639352 9.9955E-05 0.0248643 0.146069
0.0860052 0.00962166 0.540038 9.9991E-05 0.064754 0.0148876 0.166757 0.0887612 0.0183595 0.010715
0.0774488 9.9937E-05 9.9937E-05 9.9937E-05 9.9937E-05 0.0412779 0.880574 9.9937E-05 9.9937E-05 9.9937E-05
0.0568008 9.9955E-05 9.9955E-05 0.033755 9.9955E-05 0.0401367 0.792968 9.9955E-05 9.9955E-05 0.07584
0.00693989 9.99371E-05 0.282727 9.99371E-05 9.99371E-05 9.99371E-05 0.709633 9.99371E-05 9.99371E-05 9.99371E-05
9.9964E-05 0.053676 0.474203 9.9964E-05 9.9964E-05 9.9964E-05 0.449638 0.00575883 0.00728482 0.00903912
9.9964E-05 0.130401 0.611261 9.9964E-05 9.9964E-05 0.0178451 0.115146 9.9964E-05 0.0341604 0.0907868
0.0160587 0.00144398 0.368818 9.9982E-05 0.0585261 9.9982E-05 0.38467 0.0144726 0.0488534 0.106957
9.9964E-05 0.0380936 0.148393 9.9964E-05 0.0106615 9.9964E-05 0.618015 0.119862 9.9964E-05 0.064575
9.9946E-05 0.0738035 0.256915 9.9946E-05 9.9946E-05 9.9946E-05 0.466415 0.202267 9.9946E-05 9.9946E-05
0.0675689 0.0655819 0.472118 0.0204685 0.11055 9.9982E-05 0.16084 0.00602754 9.9982E-05 0.0966452
9.9964E-05 0.00453935 0.187759 9.9964E-05 0.0578729 9.9964E-05 0.60418 9.9964E-05 0.0147513 0.130497
9.9973E-05 0.0600836 0.411022 9.9973E-05 0.00476723 0.075496 0.343197 9.9973E-05 0.0199079 0.0852266
9.9964E-05 9.9964E-05 0.339351 0.0473955 9.9964E-05 0.0395242 0.507897 0.03699 0.0284419 9.9964E-05
0.110999 9.9946E-05 9.9946E-05 0.123479 9.9946E-05 0.0382686 0.726653 9.9946E-05 9.9946E-05 9.9946E-05
0.030032 0.00107424 0.623256 9.9964E-05 9.9964E-05 9.9964E-05 0.257338 0.0683125 0.0195871 9.9964E-05
9.9973E-05 0.754765 0.117193 0.0104631 0.00125309 9.9973E-05 9.9973E-05 0.0400416 0.0290777 0.0469063
9.9937E-05 0.820225 0.0942471 9.9937E-05 9.9937E-05 9.9937E-05 9.9937E-05 9.9937E-05 0.0848283 9.9937E-05
0.0107344 0.753794 0.0645351 9.9964E-05 0.0447877 9.9964E-05 9.9964E-05 0.0179539 0.107795 9.9964E-05
0.104708 0.733635 0.0401813 9.9946E-05 9.9946E-05 9.9946E-05 9.9946E-05 9.9946E-05 0.120876 9.9946E-05
0.0559084 0.760316 0.07042 9.9955E-05 0.0119034 9.9955E-05 9.9955E-05 9.9955E-05 0.100953 9.9955E-05
0.0748315 0.790807 0.0476331 9.9964E-05 9.9964E-05 9.9964E-05 0.00751813 0.0157115 0.0630992 9.9964E-05
9.99551E-05 0.864228 0.0106243 9.99551E-05 0.0593638 0.0191739 9.99551E-05 9.99551E-05 0.0461104 9.99551E-05
0.0754124 0.000274829 0.419364 9.9973E-05 0.081238 9.9973E-05 0.289787 0.0659037 0.0677208 9.9973E-05
9.9973E-05 0.121081 0.537061 0.0655643 0.0515808 9.9973E-05 0.0666241 0.0100938 9.9973E-05 0.147696
9.9955E-05 0.039496 0.050031 9.9955E-05 9.9955E-05 9.9955E-05 0.757408 0.00959049 9.9955E-05 0.142975
0.105698 9.9982E-05 0.568762 0.00177837 0.00110327 0.122095 0.127504 0.0563991 0.0164603 9.9982E-05
9.9973E-05 0.0122209 0.386483 9.9973E-05 9.9973E-05 0.0234247 0.473065 0.0256858 0.0037236 0.0750973
9.9955E-05 0.0365354 0.562681 0.0233076 9.9955E-05 9.9955E-05 0.307909 9.9955E-05 0.0690664 9.9955E-05
0.00363228 0.0615234 0.509696 0.0764855 0.0385022 9.9982E-05 0.239303 9.9982E-05 0.0227283 0.0479287
9.9955E-05 9.9955E-05 0.429797 0.0378698 0.0828777 9.9955E-05 0.431821 9.9955E-05 0.0171348 9.9955E-05
0.0168997 0.05155 9.9955E-05 9.9955E-05 9.9955E-05 9.9955E-05 0.713556 0.0366679 9.9955E-05 0.180827
0.148635 0.0915057 0.475435 9.9973E-05 0.0384142 9.9973E-05 0.100773 0.0830654 9.9973E-05 0.0618718
9.9964E-05 0.0408486 0.709123 9.9964E-05 9.9964E-05 0.101496 0.0850618 9.9964E-05 0.0333062 0.0297643
0.0565006 0.0269775 0.579633 9.9982E-05 0.112611 9.9982E-05 0.118527 0.0597345 0.00434383 0.0414729
0.0948402 9.9982E-05 0.285042 0.0562557 0.00952092 0.0334191 0.479301 0.0190813 0.0223393 9.9982E-05
0.0522025 9.9955E-05 0.440068 0.0677253 9.9955E-05 9.9955E-05 0.439226 9.9955E-05 0.000278637 9.9955E-05
9.9973E-05 0.0411338 0.414149 9.9973E-05 9.9973E-05 0.0190245 0.330023 0.0400891 0.0337349 0.121546
9.9946E-05 9.9946E-05 0.273782 0.0463479 0.112557 9.9946E-05 0.566714 9.9946E-05 9.9946E-05 9.9946E-05
9.9964E-05 0.0779812 0.403892 9.9964E-05 9.9964E-05 0.0198074 0.423634 0.0643589 9.9964E-05 0.00992621
0.00996159 0.116714 0.521046 9.9982E-05 0.0338734 0.0528376 0.109403 9.9982E-05 0.00771244 0.148253
0.143349 9.9955E-05 0.205397 0.159223 9.9955E-05 9.9955E-05 0.0628404 9.9955E-05 9.9955E-05 0.428691
0.00182353 0.0702917 0.413472 9.9991E-05 0.0391149 0.0476482 0.025606 0.104158 0.0185933 0.279192
9.9964E-05 0.139113 0.504328 9.9964E-05 9.9964E-05 0.0996038 9.9964E-05 0.0654352 0.0359613 0.155159
0.00554045 0.109552 0.520736 0.0140765 0.053789 0.0748277 0.121637 0.0996423 9.9982E-05 9.9982E-05
9.9955E-05 9.9955E-05 0.458655 0.0346474 9.9955E-05 9.9955E-05 9.9955E-05 0.138611 0.013386 0.354201
0.00377731 0.00199976 0.55762 0.0672829 9.9964E-05 9.9964E-05 9.9964E-05 0.193371 9.9964E-05 0.175549
9.9955E-05 0.00456692 0.459739 0.0350892 9.9955E-05 9.9955E-05 9.9955E-05 0.203725 9.9955E-05 0.29638
0.053975 0.0264788 0.538068 9.9982E-05 0.00413218 9.9982E-05 0.149273 0.153079 0.0689732 0.00582039
0.0929303 0.0521386 0.561215 0.0384839 0.0121554 0.0347566 0.0263883 0.154139 9.9991E-05 0.0276933
9.9973E-05 0.0027205 0.531032 9.9973E-05 9.9973E-05 0.0886412 0.101119 0.0496294 0.0443987 0.182159
9.9973E-05 9.9973E-05 0.50006 0.00751598 9.9973E-05 0.0550421 0.0130878 0.140548 0.0148824 0.268563
0.0408149 9.9964E-05 0.629407 9.9964E-05 0.0271053 0.0893421 0.0536698 0.159261 9.9964E-05 9.9964E-05
0.097225 9.9973E-05 0.53956 9.9973E-05 0.0467861 0.0935828 0.0505633 0.13254 0.0394424 9.9973E-05
0.026781 9.9982E-05 0.426387 0.064936 0.0882625 9.9982E-05 0.0839042 0.133758 0.0285258 0.147245
0.0545152 0.0283858 0.582296 0.0204966 0.00465314 0.0157523 9.9991E-05 0.145187 0.0370079 0.111606
0.00244331 9.9973E-05 0.429737 9.9973E-05 0.108915 9.9973E-05 0.0812196 0.159452 0.00812125 0.209812
0.0726783 0.00772428 0.325388 0.0513404 0.0127164 0.10885 9.9991E-05 0.124687 0.018915 0.2776
0.0639088 9.9973E-05 0.611779 9.9973E-05 9.9973E-05 0.0076541 0.015796 0.0619687 0.0163796 0.222214
0.100709 9.9964E-05 0.71404 0.0163604 9.9964E-05 9.9964E-05 9.9964E-05 0.126679 0.00426771 0.037543
9.9973E-05 0.0365584 0.155627 0.12606 0.0810778 9.9973E-05 0.0920921 0.14844 9.9973E-05 0.359845
0.151038 9.9973E-05 0.126578 0.242469 9.9973E-05 9.9973E-05 0.0859462 0.0467662 0.00251275 0.34439
0.101243 0.0198051 0.546205 9.9973E-05 0.00724394 0.0703644 9.9973E-05 0.107803 9.9973E-05 0.147036
0.140923 9.9964E-05 0.107326 0.257447 9.9964E-05 9.9964E-05 0.17065 0.194231 9.9964E-05 0.129022
9.9973E-05 0.051546 0.219825 0.008897 9.9973E-05 9.9973E-05 0.1232 0.151986 0.017343 0.426902
9.9964E-05 0.00739294 0.40101 9.9964E-05 9.9964E-05 0.0594771 0.210679 0.154609 9.9964E-05 0.166432
9.9973E-05 0.047448 0.295659 0.0512715 9.9973E-05 9.9973E-05 0.0243807 0.106488 0.0180569 0.456396
9.9955E-05 9.9955E-05 0.258166 9.9955E-05 9.9955E-05 0.04538 0.086806 0.138261 9.9955E-05 0.470887
9.9991E-05 0.047707 0.532656 0.0354615 0.0181582 0.0634379 0.0721692 0.0439176 0.0486577 0.137735
0.0142824 0.105296 0.505367 0.0118416 0.0642984 9.9982E-05 0.117363 0.0816933 9.9982E-05 0.0996584
9.9973E-05 9.9973E-05 0.419345 0.0200118 0.0930696 9.9973E-05 0.128994 0.0731737 0.0315453 0.233561
0.110292 9.9973E-05 0.158914 0.120286 9.9973E-05 0.0693581 0.0711649 0.181898 9.9973E-05 0.287787
0.010787 0.120735 0.604287 9.9973E-05 9.9973E-05 0.125563 0.0227364 9.9973E-05 0.0700461 0.0455456
0.124839 9.9973E-05 0.416759 9.9973E-05 0.124184 0.121737 0.127848 0.0653356 9.9973E-05 0.0189979
0.239349 0.0431257 9.9982E-05 0.167176 9.9982E-05 0.288783 0.104224 0.0759551 0.0209569 0.0602306
9.9991E-05 0.060544 0.6319 0.00355173 0.0201668 0.107803 0.109617 0.0420838 0.016994 0.00723996
0.24896 0.0156638 0.361553 0.0542525 9.9991E-05 0.0548628 0.131857 0.0957853 0.000284135 0.0366811
0.17451 0.0156166 0.459947 9.9991E-05 0.0299495 0.0887853 0.00122042 0.0913204 0.0192638 0.119287
0.285738 9.9973E-05 0.167535 9.9973E-05 9.9973E-05 0.262609 0.21009 0.0466251 0.021765 0.00533712
0.106168 0.00310499 0.0852409 0.106991 9.9991E-05 0.334844 0.130357 0.0619379 0.0544292 0.116827
0.120626 9.9973E-05 0.414185 0.0486297 9.9973E-05 0.186594 0.106232 0.0604815 9.9973E-05 0.062952
0.00963806 0.0563335 0.468478 0.0707339 0.0241871 0.16869 0.023248 0.0771546 0.0217672 0.0797694
0.0510349 0.138561 0.350013 0.0427332 0.000877853 0.103185 0.0181651 0.0013512 0.0188394 0.27524
0.116526 0.0165368 9.9973E-05 0.105837 0.178613 0.202758 0.214186 9.9973E-05 9.9973E-05 0.165245
9.9964E-05 0.126471 0.495108 9.9964E-05 9.9964E-05 0.216395 0.0107515 9.9964E-05 0.0234647 0.127409
0.0307103 9.9964E-05 0.299891 0.0798461 9.9964E-05 0.307061 0.108698 9.9964E-05 9.9964E-05 0.173394
0.036289 9.9982E-05 0.392521 0.0301071 0.0173139 0.175485 0.21141 0.0485373 9.9982E-05 0.0881367
0.104635 0.0836463 0.478672 9.9991E-05 0.0137198 0.0979432 0.0841615 0.0923359 0.043691 0.00109536
0.145473 0.209629 0.162992 9.9973E-05 0.184842 0.193706 9.9973E-05 9.9973E-05 0.0757226 0.0273359
0.410373 0.381472 9.9955E-05 9.9955E-05 0.073962 0.102422 9.9955E-05 9.9955E-05 0.0312717 9.9955E-05
0.42676 0.297452 9.9955E-05 9.9955E-05 0.0696386 0.151637 9.9955E-05 9.9955E-05 0.0540122 9.9955E-05
0.262742 0.248773 0.078396 9.9964E-05 0.273069 0.0888007 9.9964E-05 9.9964E-05 0.047819 9.9964E-05
9.9937E-05 9.9937E-05 0.589215 9.9937E-05 9.9937E-05 0.270395 0.139691 9.9937E-05 9.9937E-05 9.9937E-05
9.9982E-05 0.125434 0.483673 0.052892 9.9982E-05 0.118822 0.10765 0.011738 0.0252453 0.0743464
9.9946E-05 9.9946E-05 0.319136 9.9946E-05 0.635221 9.9946E-05 0.0191929 9.9946E-05 0.0258499 9.9946E-05
9.9973E-05 0.0364169 0.386672 0.0646644 0.403124 9.9973E-05 0.0892479 9.9973E-05 0.0180326 0.001542
0.0311399 0.00968502 0.380189 0.00973346 0.386434 9.9973E-05 9.9973E-05 0.168373 0.0141455 9.9973E-05
0.0147161 9.9964E-05 0.280223 0.137625 9.9964E-05 0.439991 0.093868 9.9964E-05 0.0331768 9.9964E-05
0.0642982 0.0196129 0.397173 0.0898488 0.110159 0.0806688 0.101216 0.0293933 0.0867212 0.0209094
0.05939 9.9964E-05 0.0942326 0.220794 9.9964E-05 0.565841 0.0137713 9.9964E-05 9.9964E-05 0.0455712
0.0354211 9.9964E-05 0.536712 9.9964E-05 9.9964E-05 0.237832 0.126505 9.9964E-05 0.00139143 0.0617388
9.9955E-05 9.9955E-05 0.392736 0.165022 0.0545346 0.217381 9.9955E-05 9.9955E-05 9.9955E-05 0.169826
0.00199746 9.9982E-05 0.50071 0.0629173 0.0304428 0.326057 9.9982E-05 0.0145335 0.00104479 0.0620973
0.0863103 9.99708E-05 0.103732 0.143689 9.99708E-05 0.491165 0.0966174 9.99708E-05 9.99708E-05 0.0780861
9.9964E-05 9.9964E-05 0.508856 9.9964E-05 0.0838113 0.181455 0.0836164 9.9964E-05 0.0453216 0.096539
0.189258 0.0498641 0.545593 0.00846323 9.9973E-05 0.077429 0.0530238 0.0760683 9.9973E-05 9.9973E-05
9.9946E-05 9.9946E-05 0.0528377 0.0135169 0.921175 9.9946E-05 0.0118705 9.9946E-05 9.9946E-05 9.9946E-05
9.9955E-05 9.9955E-05 0.0743973 0.00394984 0.888326 0.0321816 9.9955E-05 0.000645381 9.9955E-05 9.9955E-05
9.9973E-05 0.0125811 0.255684 9.9973E-05 0.511014 0.0881488 0.029505 9.9973E-05 0.0492509 0.0535165
9.9946E-05 9.9946E-05 0.30357 9.9946E-05 0.639802 9.9946E-05 9.9946E-05 0.0489889 0.0070395 9.9946E-05
9.9973E-05 0.00958432 0.0770974 9.9973E-05 0.84583 0.0101456 0.000138631 0.021337 9.9973E-05 0.0355675
9.99201E-05 9.99201E-05 9.99201E-05 9.99201E-05 0.999101 9.99201E-05 9.99201E-05 9.99201E-05 9.99201E-05 9.99201E-05
9.9955E-05 9.9955E-05 9.9955E-05 0.0421568 0.917136 9.9955E-05 0.00145906 0.0273807 0.0113675 9.9955E-05
9.9928E-05 9.9928E-05 0.132315 9.9928E-05 0.866885 9.9928E-05 9.9928E-05 9.9928E-05 9.9928E-05 9.9928E-05
9.9937E-05 9.9937E-05 9.9937E-05 9.9937E-05 0.925124 9.9937E-05 9.9937E-05 0.0181778 9.9937E-05 0.0559982
9.99201E-05 9.99201E-05 9.99201E-05 9.99201E-05 0.999101 9.99201E-05 9.99201E-05 9.99201E-05 9.99201E-05 9.99201E-05
9.9928E-05 9.9928E-05 9.9928E-05 9.9928E-05 0.971746 9.9928E-05 9.9928E-05 9.9928E-05 0.0274541 9.9928E-05
9.9946E-05 9.9946E-05 0.173339 9.9946E-05 0.736376 0.00689778 9.9946E-05 9.9946E-05 0.0827877 9.9946E-05
0.0347881 9.9946E-05 0.12321 9.9946E-05 0.790649 9.9946E-05 9.9946E-05 0.0507533 9.9946E-05 9.9946E-05
9.9937E-05 9.9937E-05 9.9937E-05 9.9937E-05 0.965932 9.9937E-05 0.0222368 9.9937E-05 0.0111315 9.9937E-05
0.0590703 9.9982E-05 0.221701 0.0514425 0.39791 9.9982E-05 0.0567032 0.0361861 0.0667005 0.110086
9.9973E-05 9.9973E-05 0.241252 0.00591172 0.650583 9.9973E-05 0.0122805 0.027886 0.0531937 0.00859333
0.0506951 0.0137362 0.146069 0.0134978 0.714941 9.9973E-05 0.0318459 9.9973E-05 0.0289151 9.9973E-05
9.9946E-05 9.9946E-05 0.103692 9.9946E-05 0.842873 9.9946E-05 9.9946E-05 0.0218147 0.0310206 9.9946E-05
9.9946E-05 9.9946E-05 0.0114508 9.9946E-05 0.962467 9.9946E-05 0.0236826 0.00180036 9.9946E-05 9.9946E-05
9.9964E-05 0.0264743 0.0799308 0.0515803 0.830026 9.9964E-05 9.9964E-05 0.00977043 0.00181879 9.9964E-05
9.9928E-05 9.9928E-05 9.9928E-05 9.9928E-05 0.983505 9.9928E-05 9.9928E-05 9.9928E-05 0.0156952 9.9928E-05
9.9973E-05 0.0626548 0.213675 9.9973E-05 0.571342 0.0227313 0.0281408 0.0690252 0.0321307 9.9973E-05
9.9946E-05 0.00161323 9.9946E-05 0.0420318 0.930539 9.9946E-05 0.0252162 9.9946E-05 9.9946E-05 9.9946E-05
0.1898 0.304917 9.9946E-05 0.0661938 9.9946E-05 0.43849 9.9946E-05 9.9946E-05 9.9946E-05 9.9946E-05
0.144139 0.118824 0.413915 0.0137995 9.9991E-05 0.0828382 0.0257734 0.107283 0.0130458 0.0802827
9.9973E-05 0.230602 0.387141 0.0328615 0.0155357 0.266251 9.9973E-05 9.9973E-05 0.0190177 0.0482911
0.191683 0.0861213 0.107541 0.00626105 0.0435024 0.431358 0.0447493 9.9991E-05 0.0871221 0.00156235
0.00358582 0.0973155 0.344503 0.0574655 0.149162 0.24745 0.0468497 0.0011165 0.0116213 0.0409302
0.179161 0.117187 0.0765598 0.0487844 0.125975 0.354619 0.0364103 9.9982E-05 0.0611034 9.9982E-05
0.106853 0.179972 0.346341 0.112778 0.132081 0.0965261 0.0193804 9.9991E-05 0.00118481 0.00478385
0.0826459 0.086411 0.230261 9.9955E-05 0.177998 0.422184 9.9955E-05 9.9955E-05 9.9955E-05 9.9955E-05
0.0330416 0.0384 0.347271 0.0722471 0.113902 0.234022 9.9982E-05 9.9982E-05 0.157634 0.00328174
0.11076 0.0606125 0.215348 9.9964E-05 0.227387 0.345123 9.9964E-05 9.9964E-05 0.0403693 9.9964E-05
9.9973E-05 0.160143 0.37703 9.9973E-05 0.164693 0.233444 0.0110224 0.0306257 9.9973E-05 0.0227419
0.00525474 0.791226 0.0555994 0.0372979 9.9964E-05 0.0362717 9.9964E-05 0.0739507 9.9964E-05 9.9964E-05
0.05635 0.823337 9.9955E-05 9.9955E-05 0.0581867 9.9955E-05 9.9955E-05 9.9955E-05 0.0451269 0.0164998
0.0758092 0.848315 9.9946E-05 9.9946E-05 9.9946E-05 9.9946E-05 0.015696 9.9946E-05 0.0595798 9.9946E-05
0.0050807 0.867794 0.0356744 9.9955E-05 9.9955E-05 9.9955E-05 9.9955E-05 0.0504132 0.0405378 9.9955E-05
0.0382268 0.76033 0.0104334 9.9964E-05 9.9964E-05 9.9964E-05 9.9964E-05 0.0212454 0.143117 0.0262481
0.0589551 0.808854 9.9946E-05 9.9946E-05 0.0721792 9.9946E-05 9.9946E-05 9.9946E-05 0.059412 9.9946E-05
9.9955E-05 0.800435 0.00900897 9.9955E-05 0.108455 9.9955E-05 9.9955E-05 0.015474 0.0661265 9.9955E-05
0.068685 0.818737 0.0191933 9.9991E-05 0.00706355 0.00808397 0.016461 0.0183746 0.0392773 0.00402389
0.120471 0.807234 0.025497 9.9946E-05 0.0461984 9.9946E-05 9.9946E-05 9.9946E-05 9.9946E-05 9.9946E-05
0.132904 0.756625 9.9964E-05 9.9964E-05 0.0911374 9.9964E-05 9.9964E-05 0.00042207 0.00387153 0.0146404
9.9973E-05 0.583511 9.9973E-05 0.0807542 0.0403644 9.9973E-05 0.0376635 0.178769 0.0276333 0.0510053
0.0535697 0.537063 9.9973E-05 9.9973E-05 0.00552238 9.9973E-05 0.0559444 0.254661 0.0151606 0.0777789
0.024362 0.50769 9.9982E-05 0.0498505 9.9982E-05 0.0264043 0.0939371 0.132504 0.0316266 0.133425
9.9955E-05 0.471701 9.9955E-05 0.0120896 9.9955E-05 0.068445 9.9955E-05 0.139996 9.9955E-05 0.307269
9.9973E-05 0.0342779 0.444985 0.0224632 9.9973E-05 0.1208 0.172813 0.00541719 9.9973E-05 0.198944
9.9982E-05 9.9982E-05 0.397424 0.0219393 0.0578596 0.0664739 0.36225 0.0219197 0.00988958 0.0620438
9.9982E-05 0.031162 0.531837 9.9982E-05 0.0345286 0.0764398 0.125912 0.101158 0.0254033 0.073359
0.0854529 9.9955E-05 0.358672 9.9955E-05 9.9955E-05 9.9955E-05 0.162271 0.0928746 9.9955E-05 0.30023
9.9964E-05 9.9964E-05 0.114768 9.9964E-05 0.0136955 0.0578325 0.121737 0.305249 9.9964E-05 0.386318
9.9982E-05 0.0638712 0.582026 0.0394315 0.0294357 9.9982E-05 0.193464 0.0080971 0.0271393 0.0563355
0.0409438 9.9964E-05 0.5541 0.00495907 9.9964E-05 9.9964E-05 0.352611 0.0428936 9.9964E-05 0.0040927
0.0785052 9.9955E-05 0.545858 9.9955E-05 9.9955E-05 0.00343205 0.287642 0.084063 9.9955E-05 9.9955E-05
9.9946E-05 9.9946E-05 0.343495 9.9946E-05 0.0681741 0.0778308 0.5099 9.9946E-05 9.9946E-05 9.9946E-05
0.0134239 0.00739104 0.665228 9.9973E-05 9.9973E-05 0.0101283 0.237086 0.0366086 0.0298343 9.9973E-05
9.99549E-05 9.99549E-05 0.414471 0.0393426 9.99549E-05 9.99549E-05 0.381091 0.0830824 9.99549E-05 0.0815134
9.9946E-05 9.9946E-05 9.9946E-05 0.162875 9.9946E-05 9.9946E-05 0.769282 0.0620972 9.9946E-05 0.00514611
0.0323933 0.0705867 0.482182 0.0196726 9.9982E-05 9.9982E-05 0.23223 0.0835158 0.00421557 0.0750042
0.0807817 9.9964E-05 0.221779 0.107574 9.9964E-05 0.0732107 0.49818 9.9964E-05 9.9964E-05 0.0180743
9.9964E-05 0.00596341 0.523707 0.0381115 9.9964E-05 9.9964E-05 0.357613 0.0317627 0.0424431 9.9964E-05
9.9964E-05 0.0305973 0.103827 0.0361941 9.9964E-05 9.9964E-05 0.609137 0.112326 9.9964E-05 0.107518
9.9937E-05 0.0888399 9.9937E-05 9.9937E-05 9.9937E-05 0.11679 9.9937E-05 0.79367 9.9937E-05 9.9937E-05
9.9955E-05 0.0220422 0.0121695 9.9955E-05 0.0049097 0.21635 9.9955E-05 0.744029 9.9955E-05 9.9955E-05
9.9937E-05 9.9937E-05 9.9937E-05 9.9937E-05 9.9937E-05 0.138314 9.9937E-05 0.858077 0.00290921 9.9937E-05
9.9937E-05 0.0669206 9.9937E-05 9.9937E-05 9.9937E-05 0.128578 9.9937E-05 0.803802 9.9937E-05 9.9937E-05
0.0190302 9.9955E-05 0.0567283 9.9955E-05 0.0244564 0.153118 9.9955E-05 0.746168 9.9955E-05 9.9955E-05
9.9964E-05 0.0164338 0.0855943 0.00999179 0.0515772 0.0185879 9.9964E-05 0.817415 9.9964E-05 9.9964E-05
0.0116102 0.810006 0.0665187 9.9964E-05 0.0208616 9.9964E-05 0.0332995 9.9964E-05 0.057304 9.9964E-05
9.9964E-05 0.756309 0.0865842 9.9964E-05 0.00300731 9.9964E-05 9.9964E-05 0.0200625 0.030298 0.103339
0.00315281 0.707845 0.117152 0.0237826 0.113616 9.9973E-05 9.9973E-05 9.9973E-05 0.00245008 0.0317014
0.0162066 0.693283 0.0503743 9.9964E-05 0.112041 9.9964E-05 9.9964E-05 9.9964E-05 0.0369341 0.090762
0.0607266 0.754848 0.0420516 9.9964E-05 0.0703719 9.9964E-05 9.9964E-05 9.9964E-05 0.00623859 0.0653635
0.00702737 0.360258 9.9973E-05 9.9973E-05 9.9973E-05 0.0984676 0.0248489 0.477103 0.027452 0.0045434
9.9964E-05 0.423187 9.9964E-05 0.0798365 9.9964E-05 0.0323475 0.0725318 0.374791 0.0169069 9.9964E-05
9.9964E-05 0.384648 9.9964E-05 0.0640307 0.00923937 9.9964E-05 0.078935 0.431432 0.0313149 9.9964E-05
9.99201E-05 9.99201E-05 9.99201E-05 9.99201E-05 9.99201E-05 9.99201E-05 9.99201E-05 9.99201E-05 0.999101 9.99201E-05
0.061188 0.320631 9.9964E-05 0.0229039 9.9964E-05 9.9964E-05 0.0993899 0.493266 0.00222116 9.9964E-05
0.185969 0.168563 0.286351 9.9964E-05 0.302987 0.0320502 9.9964E-05 0.0236807 9.9964E-05 9.9964E-05
9.9955E-05 0.172249 0.557851 9.9955E-05 0.149126 0.0212615 9.9955E-05 0.099013 9.9955E-05 9.9955E-05
0.0047463 0.198311 0.587786 9.9964E-05 0.18127 9.9964E-05 9.9964E-05 9.9964E-05 0.0263234 0.00116249
0.0369811 0.240451 0.399253 9.9982E-05 0.184448 0.0401847 0.0423235 9.9982E-05 0.0377023 0.0184565
9.9973E-05 0.11142 0.551863 0.036351 0.193263 0.0275635 0.067195 0.0120443 9.9973E-05 9.9973E-05
0.387141 0.336507 9.9946E-05 9.9946E-05 0.233809 0.0419436 9.9946E-05 9.9946E-05 9.9946E-05 9.9946E-05
9.9955E-05 9.9955E-05 0.428785 0.0865228 9.9955E-05 0.055792 9.9955E-05 0.189562 9.9955E-05 0.238839
0.149074 9.9964E-05 0.368852 0.157028 9.9964E-05 0.0200738 9.9964E-05 0.14463 9.9964E-05 0.159942
9.9964E-05 0.0463918 0.206043 0.0146322 9.9964E-05 9.9964E-05 9.9964E-05 0.0993821 0.044452 0.588699
0.0370298 9.9973E-05 0.485179 0.231831 9.9973E-05 0.000345285 0.0786707 0.0544251 9.9973E-05 0.112219
0.204744 9.9955E-05 9.9955E-05 0.384837 9.9955E-05 9.9955E-05 0.156583 0.0775387 9.9955E-05 0.175798
0.0463226 0.0844655 0.525516 0.0265012 9.9964E-05 0.0682765 9.9964E-05 9.9964E-05 9.9964E-05 0.248518
0.0242685 0.0209236 0.470975 0.153117 9.9982E-05 0.0543518 0.0721151 0.0732925 9.9982E-05 0.130756
0.00970836 0.01534 0.246574 0.0299583 9.9991E-05 0.0301788 0.0828865 0.100226 0.043372 0.441656
0.000256299 0.118924 0.482273 9.9973E-05 9.9973E-05 0.0583871 0.0466429 0.115972 9.9973E-05 0.177244
0.141093 9.9973E-05 0.0411008 0.125584 9.9973E-05 0.0856236 0.136362 0.00901306 9.9973E-05 0.460924
0.0761724 9.9982E-05 0.460412 0.0627846 9.9982E-05 0.124962 0.0656334 0.101549 0.00991528 0.0983709
9.9964E-05 9.9964E-05 0.449966 9.9964E-05 9.9964E-05 0.0583967 0.119541 0.15847 0.00335722 0.209871
0.09926 0.0850685 0.398409 9.9973E-05 0.165628 9.9973E-05 0.123672 0.0603938 9.9973E-05 0.0672683
0.0363774 9.9973E-05 0.346637 0.102884 9.9973E-05 0.00478649 0.0502713 0.0852612 9.9973E-05 0.373482
0.0226818 0.0195686 0.423761 0.11616 9.9973E-05 9.9973E-05 0.0608786 0.0923692 9.9973E-05 0.264281
9.9964E-05 0.00502633 0.48151 0.177649 0.0380924 0.110029 9.9964E-05 9.9964E-05 9.9964E-05 0.187294
0.0325475 0.0292022 0.495678 0.0889307 9.9991E-05 0.0119612 0.157087 0.0720706 0.00443205 0.107991
0.0687939 9.9991E-05 0.516184 0.036469 0.110456 0.0486472 0.0555347 0.0731831 0.00224228 0.08839
9.9982E-05 0.142295 0.49638 0.00847514 0.0656806 0.0374672 0.111479 0.020945 9.9982E-05 0.117078
0.106576 0.0159269 0.502544 9.9991E-05 0.0550664 0.0475636 0.0180907 0.101721 0.0245066 0.127905
9.9946E-05 0.798545 0.158455 9.9946E-05 0.0387363 0.0036637 9.9946E-05 9.9946E-05 9.9946E-05 9.9946E-05
9.9964E-05 0.834801 0.0773666 0.0328858 0.0298136 0.0167782 9.9964E-05 9.9964E-05 0.00795474 9.9964E-05
0.00529014 0.774211 0.0308087 0.019862 0.0316252 0.109417 9.9973E-05 0.0284863 9.9973E-05 9.9973E-05
9.9973E-05 0.728557 0.00568372 0.0767375 0.0689176 9.9973E-05 0.0306117 0.0391254 0.0500672 9.9973E-05
9.9955E-05 0.769859 0.12291 9.9955E-05 0.00563989 0.0296152 9.9955E-05 9.9955E-05 0.0714769 9.9955E-05
0.0910364 0.00950998 0.0897068 9.9973E-05 0.0457346 9.9973E-05 0.0401071 0.138557 9.9973E-05 0.585048
0.0618671 0.050025 0.483224 0.10533 0.0293456 9.9991E-05 0.0987501 0.0292967 0.0209745 0.121088
0.163511 0.0964998 0.423467 0.0334889 0.105441 0.071182 0.0207358 0.065192 0.020382 9.9991E-05
9.9973E-05 9.9973E-05 0.648757 0.0140452 0.00854608 9.9973E-05 0.00913487 0.0512747 0.0378356 0.230106
0.0156907 0.0305547 0.464035 0.0131302 9.9982E-05 9.9982E-05 0.130686 0.117577 0.034573 0.193554
0.0937682 9.9973E-05 0.320307 0.118978 9.9973E-05 9.9973E-05 0.00455314 0.137236 0.00930517 0.315553
0.0349772 0.121546 9.9973E-05 9.9973E-05 9.9973E-05 0.0199151 0.0643924 0.186395 0.0109562 0.561518
0.0180274 9.9982E-05 0.525185 0.0273206 9.9982E-05 0.00855772 0.0772727 0.199749 0.0453582 0.0983298
9.9982E-05 0.0532287 0.0763585 0.107207 0.0452893 9.9982E-05 0.0804992 0.174138 0.0277096 0.435369
0.0820342 0.0177216 0.405545 0.0493261 0.0441846 0.0783093 0.104533 0.131074 9.9991E-05 0.0871722
9.9964E-05 0.115869 0.107845 0.148516 9.9964E-05 9.9964E-05 0.020883 0.19733 9.9964E-05 0.409157
9.9991E-05 0.072625 0.486128 0.0405399 0.102986 0.00382795 0.075528 0.0953159 0.0158251 0.107124
9.9973E-05 0.0742204 0.0698525 0.0386419 9.9973E-05 0.0425947 9.9973E-05 0.0606425 0.0390908 0.674657
0.0753779 9.9991E-05 0.268103 0.0465241 0.0610821 0.0440563 0.140715 0.129758 0.0355184 0.198766
0.126037 0.0283124 0.48941 0.0224514 0.0472311 0.125755 9.9982E-05 0.132426 0.0281761 9.9982E-05
0.006428 0.00219868 0.167497 0.109908 0.0356373 0.55504 9.9982E-05 0.0576279 9.9982E-05 0.0654627
9.9955E-05 0.0454778 0.529641 9.9955E-05 9.9955E-05 0.361944 9.9955E-05 0.0265387 9.9955E-05 0.0358991
9.9973E-05 0.160264 0.529255 0.0245482 9.9973E-05 0.195018 9.9973E-05 0.0255521 0.017621 0.0474422
0.0311536 9.9955E-05 0.23452 0.0511591 9.9955E-05 0.601708 9.9955E-05 9.9955E-05 9.9955E-05 0.0809595
0.00100645 0.0703292 0.339367 0.0885845 0.0444947 0.145223 0.114908 0.0232765 0.041329 0.131481
0.0723445 9.9964E-05 0.445897 0.018611 9.9964E-05 0.351498 0.0643665 0.0468832 9.9964E-05 9.9964E-05
0.0131136 9.9955E-05 9.9955E-05 0.192217 9.9955E-05 0.649829 0.0855028 0.058837 9.9955E-05 9.9955E-05
0.0915597 9.9964E-05 0.126536 0.0615534 9.9964E-05 0.605225 0.114186 9.9964E-05 0.000540516 9.9964E-05
0.0733302 9.9973E-05 0.404064 0.070259 9.9973E-05 0.333073 0.0129433 0.0639785 0.0420516 9.9973E-05
0.0393576 9.9973E-05 0.0196394 0.0684236 9.9973E-05 0.591982 0.199526 0.00501968 9.9973E-05 0.0757518
0.0218771 9.9964E-05 0.385416 9.9964E-05 9.9964E-05 0.405948 0.0331409 0.00754317 9.9964E-05 0.145676
0.0238592 9.9973E-05 0.0593964 0.0569037 9.9973E-05 9.9973E-05 0.105452 0.222895 0.0118099 0.519384
0.0226655 9.9964E-05 0.247148 0.252261 9.9964E-05 9.9964E-05 0.0718024 0.130955 9.9964E-05 0.274767
9.9973E-05 9.9973E-05 0.185588 0.0157056 0.0741662 9.9973E-05 0.183286 0.241841 0.0130662 0.286047
9.9964E-05 9.9964E-05 0.620733 0.0175011 0.0823108 9.9964E-05 0.0915165 0.125552 9.9964E-05 0.0619868
9.9964E-05 9.9964E-05 0.147986 9.9964E-05 0.0642221 0.0744005 0.124415 0.235124 9.9964E-05 0.353453
0.123456 9.9973E-05 0.456707 0.034281 0.105182 9.9973E-05 0.0715583 0.169993 0.0385234 9.9973E-05
0.076869 9.9982E-05 0.481556 0.024817 0.0863938 9.9982E-05 0.0207816 0.063197 0.013534 0.232652
0.0281339 9.9973E-05 0.476504 0.00190301 0.0286227 9.9973E-05 0.0623438 0.151623 9.9973E-05 0.25057
9.9964E-05 9.9964E-05 0.361035 9.9964E-05 0.179782 9.9964E-05 0.131967 0.121082 0.047383 0.15835
9.9991E-05 0.0323655 0.399628 0.00175692 0.065195 0.120533 0.0326461 0.104717 0.0197634 0.223296
9.9964E-05 9.9964E-05 0.19432 0.0050167 0.0753971 9.9964E-05 0.00975958 0.1972 9.9964E-05 0.517906
0.0120904 9.9982E-05 0.270827 0.0528508 0.0865023 0.000877748 0.0309297 0.255245 9.9982E-05 0.290477
0.0357549 0.0159154 0.588716 0.0615153 0.0140906 9.9982E-05 0.0783501 0.0806671 9.9982E-05 0.124791
0.175022 0.0520494 0.565419 9.9964E-05 9.9964E-05 9.9964E-05 9.9964E-05 0.0986 0.000829153 0.107681
0.153561 9.9982E-05 0.419489 0.0619371 9.9982E-05 0.00900165 0.03885 0.163019 0.0153422 0.1386
0.0258215 9.9973E-05 0.460041 0.118292 0.0401486 9.9973E-05 0.0365207 0.130947 9.9973E-05 0.18793
9.9973E-05 0.0148178 0.230262 9.9973E-05 0.0962297 0.111614 9.9973E-05 0.230554 0.0507815 0.265441
0.0327783 0.0122307 0.547082 9.9973E-05 9.9973E-05 0.0240458 0.0896742 0.114917 9.9973E-05 0.178972
9.9973E-05 0.0757901 0.481493 9.9973E-05 0.0514013 9.9973E-05 0.0511888 0.0531316 0.00716849 0.279527
0.00461673 0.0590615 0.456176 0.11429 0.0496618 0.218686 0.0126977 0.0758677 0.00884219 9.9991E-05
0.00315606 0.291201 0.330046 9.9982E-05 0.154418 0.0199235 0.0680306 9.9982E-05 0.0378543 0.095171
0.0468188 0.116591 0.448581 0.0870337 0.179914 9.9982E-05 0.097015 9.9982E-05 0.0227541 0.0010924
0.019803 0.123968 0.507146 0.0134458 0.153639 0.00104854 0.11887 9.9991E-05 0.00882554 0.0531536
0.0458162 0.0339295 0.553351 0.0816145 0.0636258 0.0293049 9.9991E-05 0.105713 0.0134455 0.0730998
0.103536 0.135736 0.487119 0.0224629 0.11838 9.9973E-05 9.9973E-05 9.9973E-05 0.0385173 0.0939488
0.0129808 9.9982E-05 0.425056 0.184684 0.00560587 0.0369741 0.0119044 0.0399111 9.9982E-05 0.282683
0.015278 0.147895 0.471256 9.9991E-05 0.0781433 0.0406758 0.0501097 0.0579474 0.0149649 0.123629
0.335103 0.163652 0.00318607 9.9973E-05 0.109941 0.131389 0.148163 9.9973E-05 9.9973E-05 0.108266
0.0599999 0.0682666 0.456197 0.0107474 0.0947581 0.000293128 9.9991E-05 0.0321073 0.0152434 0.262287
0.00680956 0.0922201 0.514857 0.105719 0.0978321 9.9991E-05 0.0290951 0.0403306 0.0407163 0.0723206
0.0178477 0.0116359 0.47256 0.0631809 0.208163 0.0458921 9.9991E-05 0.0620537 0.0552377 0.0633296
0.150797 0.13871 0.288617 0.106135 0.105406 0.0775298 0.0180863 0.0260581 0.00033715 0.0883232
0.0915437 0.161533 0.536096 9.9973E-05 0.0728375 0.057566 0.0482365 9.9973E-05 9.9973E-05 0.0318873
0.0729258 0.101308 0.573209 0.0658981 0.123983 9.9982E-05 9.9982E-05 0.0108284 0.0186717 0.0329756
0.473023 0.321749 9.9973E-05 0.0324079 0.126788 0.0171701 0.00823891 9.9973E-05 0.0203235 9.9973E-05
0.00111695 0.158891 0.366825 9.9991E-05 0.229386 0.00821741 0.0645382 0.0520819 0.0525854 0.0662575
0.113834 0.0895792 0.515155 9.9982E-05 0.137619 0.014207 9.9982E-05 0.0697654 0.042044 0.0175967
9.9982E-05 0.106441 0.578399 9.9982E-05 0.0949632 0.0414469 0.0567887 0.044497 0.0292238 0.0480405
0.132125 0.123834 0.550417 9.9964E-05 0.11808 0.0585693 9.9964E-05 0.0165748 9.9964E-05 9.9964E-05
0.00474371 0.118533 0.45379 0.0191119 0.200301 0.0528283 0.00782839 0.0423853 9.9991E-05 0.100378
9.9964E-05 0.0149929 0.485059 0.401304 9.9964E-05 9.9964E-05 0.0390261 0.0129113 0.0463072 9.9964E-05
0.00976663 0.0681646 0.443504 0.138379 0.0436421 0.141135 0.0924857 0.0547537 0.00806903 9.9991E-05
9.9937E-05 9.9937E-05 9.9937E-05 0.813967 9.9937E-05 0.0903748 9.9937E-05 9.9937E-05 9.9937E-05 0.094959
9.99639E-05 0.0333312 9.99639E-05 0.905786 9.99639E-05 0.00933051 0.0141955 0.0271417 9.99639E-05 0.0098156
9.9973E-05 0.0559767 0.458872 0.35629 0.0599702 0.00258225 0.064876 9.9973E-05 0.00113296 9.9973E-05
0.184617 9.9955E-05 0.414831 0.0179886 0.277436 9.9955E-05 9.9955E-05 9.9955E-05 9.9955E-05 0.104629
0.183054 0.0215527 0.312388 0.177689 0.304816 9.9955E-05 9.9955E-05 9.9955E-05 9.9955E-05 9.9955E-05
0.295537 0.0446654 0.135736 0.139984 0.246482 9.9982E-05 9.9982E-05 0.0216491 0.0667158 0.0490316
0.154438 0.0227818 0.321613 0.103748 0.250828 9.9973E-05 9.9973E-05 9.9973E-05 0.0814207 0.0648705
0.129006 0.0424302 0.0417654 0.639931 0.0835647 0.0505425 9.9973E-05 9.9973E-05 0.0124603 9.9973E-05
0.237052 9.9955E-05 0.126791 0.519397 0.0597849 9.9955E-05 9.9955E-05 9.9955E-05 0.056475 9.9955E-05
9.9964E-05 0.00313144 0.513514 0.308838 0.0728398 9.9964E-05 0.0726998 9.9964E-05 0.0285768 9.9964E-05
9.9946E-05 0.0798825 0.462422 0.418843 0.0382533 9.9946E-05 9.9946E-05 9.9946E-05 9.9946E-05 9.9946E-05
0.0358663 0.0326985 0.170875 0.641453 0.0538998 9.9964E-05 9.9964E-05 9.9964E-05 0.0648073 9.9964E-05
0.0181598 0.0162665 0.49035 0.226781 0.0994382 0.0426613 0.0169285 0.0554763 9.9991E-05 0.0338385
0.0795857 0.0256154 0.481718 0.285677 0.0453006 0.0422734 9.9973E-05 0.0395301 9.9973E-05 9.9973E-05
0.047376 0.0139941 0.409807 0.111042 0.157759 0.0940496 0.0467174 0.0754501 0.00638909 0.0374164
9.9964E-05 9.9964E-05 0.241418 0.5261 9.9964E-05 9.9964E-05 0.0652766 0.0592554 0.029777 0.0777728
9.9973E-05 9.9973E-05 0.323902 0.508567 0.0121824 0.00759796 0.0414244 9.9973E-05 0.0571543 0.0488722
0.035475 0.00325145 0.489895 0.264046 0.0209631 0.0928814 0.0464052 9.9982E-05 9.9982E-05 0.0468826
9.9964E-05 0.0879522 0.433821 0.319594 9.9964E-05 0.0385915 9.9964E-05 0.106636 0.0130057 9.9964E-05
0.099577 0.0218992 0.435877 0.164422 0.0166388 0.114898 9.9973E-05 9.9973E-05 9.9973E-05 0.146388
0.107414 9.9955E-05 0.439662 0.31946 9.9955E-05 0.114053 9.9955E-05 9.9955E-05 9.9955E-05 0.0189114
9.9946E-05 9.9946E-05 0.214623 0.695072 9.9946E-05 0.0389599 9.9946E-05 0.050745 9.9946E-05 9.9946E-05
0.0217886 0.0286196 0.579999 0.30146 9.9964E-05 9.9964E-05 0.0637955 0.00393735 9.9964E-05 9.9964E-05
9.9964E-05 9.9964E-05 0.201252 0.65752 0.0392916 9.9964E-05 0.0727957 0.00578487 9.9964E-05 0.0229561
9.9955E-05 9.9955E-05 0.419969 0.498187 0.00201982 0.0495557 9.9955E-05 9.9955E-05 0.0297681 9.9955E-05
0.0120154 0.0318231 0.488681 0.247223 0.0405709 0.0425996 0.0321755 0.0331638 0.0716473 9.9991E-05
9.9982E-05 9.9982E-05 0.501066 0.21028 0.00565362 0.0410728 0.123481 0.0461161 0.0522086 0.0199222
0.014099 0.101773 0.337963 0.041491 0.187153 0.101899 0.0864271 9.9991E-05 0.0128704 0.116225
0.0348314 0.184952 0.486506 0.168721 0.0380016 9.9973E-05 0.0206022 0.0660862 9.9973E-05 9.9973E-05
0.0687872 0.143888 0.272244 0.0438779 0.265935 0.16751 9.9982E-05 0.0302077 0.00734984 9.9982E-05
0.0535605 0.141456 0.244121 0.0363938 0.175946 0.121703 9.9982E-05 9.9982E-05 0.0596896 0.16693
0.088844 0.0819491 0.331765 9.9991E-05 0.21483 0.0465083 0.0624136 0.0032709 0.0121929 0.158126
0.0902724 0.0855517 0.44371 0.0878714 0.119407 0.069203 9.9991E-05 0.029603 0.0622141 0.0120678
0.181379 0.129729 9.9955E-05 0.590401 0.0632556 9.9955E-05 9.9955E-05 9.9955E-05 0.0347351 9.9955E-05
0.0224858 0.0422995 0.584444 0.14906 0.129003 9.9982E-05 9.9982E-05 0.00367158 0.0369539 0.0318826
0.257344 0.253585 9.9955E-05 0.401442 0.0682878 9.9955E-05 9.9955E-05 9.9955E-05 0.0188417 9.9955E-05
0.0408025 0.0353567 0.513157 0.265787 0.144397 9.9955E-05 9.9955E-05 9.9955E-05 9.9955E-05 9.9955E-05
9.9946E-05 9.9946E-05 0.095386 0.731964 9.9946E-05 0.0202537 0.151797 9.9946E-05 9.9946E-05 9.9946E-05
9.9946E-05 0.028423 9.9946E-05 0.868261 9.9946E-05 9.9946E-05 0.094044 9.9946E-05 0.00867257 9.9946E-05
9.9964E-05 9.9964E-05 0.459688 0.44481 9.9964E-05 0.0420237 0.039283 9.9964E-05 0.0121527 0.00164327
