0.0160247 0.920435 9.9964E-05 9.9964E-05 9.9964E-05 0.0631405 9.9964E-05
9.9973E-05 0.911832 0.0337346 0.00873572 9.9973E-05 0.0453978 9.9973E-05
0.116995 0.795362 0.0163074 9.9982E-05 9.9982E-05 0.0382428 0.0328923
0.149983 0.810271 9.9964E-05 9.9964E-05 9.9964E-05 0.0393459 9.9964E-05
0.0782841 0.885108 9.9964E-05 0.0362084 9.9964E-05 9.9964E-05 9.9964E-05
0.076924 0.592904 0.0645593 9.9991E-05 0.117857 0.111372 0.0362835
0.0298252 0.837061 9.9973E-05 9.9973E-05 0.104963 0.0278507 9.9973E-05
0.0240214 0.717469 9.9991E-05 0.0168671 0.104658 0.116298 0.020587
9.99639E-05 0.841528 0.0865191 9.99639E-05 9.99639E-05 0.0715529 9.99639E-05
0.145468 0.730257 9.9973E-05 9.9973E-05 0.0997695 0.024205 9.9973E-05
0.0165751 0.733899 9.9973E-05 9.9973E-05 0.121329 0.127897 9.9973E-05
0.253834 9.9982E-05 0.199438 9.9982E-05 0.0268054 0.428388 0.0913333
0.579381 0.00747321 9.9982E-05 9.9982E-05 0.0614864 0.30399 0.0474693
0.226285 0.0211135 0.0235418 0.164142 0.0555375 0.388063 0.121316
0.299015 0.0671952 0.0434667 0.118426 0.00504811 0.316152 0.150697
0.359629 0.0504759 9.9991E-05 0.112535 0.0657531 0.216249 0.195258
0.573061 0.115426 9.9982E-05 0.163277 9.9982E-05 0.0820471 0.0659888
0.390441 9.9991E-05 0.162898 0.029922 0.113896 0.243536 0.0592063
0.272134 0.085758 0.0928557 0.0569766 0.0210198 0.367353 0.103903
0.0183633 0.0506372 9.9991E-05 0.0943012 0.106745 0.677503 0.0523503
0.480944 9.9991E-05 0.0782028 0.0806253 0.0606616 0.263554 0.0359125
0.491268 0.0126656 0.0542546 0.0966963 0.209961 0.135054 9.9991E-05
0.583914 0.06559 0.00509581 0.0178049 0.12642 0.171277 0.0298986
0.304803 9.9982E-05 0.0771544 9.9982E-05 0.178279 0.358636 0.080928
0.567138 0.0299105 0.0304211 0.110173 9.9991E-05 0.115457 0.146801
0.558006 0.0292084 0.10733 0.0762252 9.9991E-05 0.190396 0.0387336
0.165114 0.0388074 0.108538 0.0877562 0.000376349 0.473053 0.126356
0.207168 0.0411055 0.0419347 9.9991E-05 0.0746032 0.459989 0.175099
0.259778 9.9991E-05 0.0794085 0.114689 0.0604579 0.460298 0.0252689
0.140772 0.825439 9.9964E-05 9.9964E-05 9.9964E-05 9.9964E-05 0.0333884
0.1598 0.831561 9.9964E-05 9.9964E-05 9.9964E-05 9.9964E-05 0.00823878
0.162705 0.805318 9.9973E-05 9.9973E-05 9.9973E-05 0.0117105 0.019967
0.0582037 0.694053 0.119637 9.9982E-05 0.0215359 9.9982E-05 0.10637
0.538782 0.00374929 0.244754 9.9982E-05 0.0622597 0.150256 9.9982E-05
0.463043 0.0786156 0.353867 0.00206287 0.00158769 0.0436502 0.0571734
0.558496 0.0233974 0.401154 0.0166532 9.9973E-05 9.9973E-05 9.9973E-05
0.122059 0.0507099 0.0585929 0.0438232 0.0395188 0.629341 0.0559554
0.22755 0.0306239 0.572244 0.0911172 0.0246925 0.0106192 0.0431527
0.495234 0.0577867 0.274643 0.0223268 9.9991E-05 0.120386 0.0295236
0.676231 0.0414129 0.259828 9.9973E-05 9.9973E-05 9.9973E-05 0.022228
0.593128 0.0491458 0.163319 9.9991E-05 0.123958 0.0629035 0.00744585
0.596008 0.0604478 0.0789635 0.0710023 0.0251532 0.135383 0.0330422
0.0575593 9.9982E-05 0.770258 9.9982E-05 0.019468 0.118001 0.0345136
0.591905 9.9982E-05 0.0438309 9.9982E-05 0.26468 0.0312155 0.0681686
0.481806 0.0268902 0.241194 0.16605 9.9982E-05 9.9982E-05 0.0838607
0.629714 0.0621939 0.215146 9.9982E-05 0.0276988 9.9982E-05 0.065047
0.276029 9.9964E-05 0.675517 0.0480541 9.9964E-05 9.9964E-05 9.9964E-05
0.658539 0.0304989 0.303073 9.9982E-05 9.9982E-05 0.00494646 0.0027422
0.534812 0.0932027 0.12251 0.0627577 0.0285007 0.0537452 0.104473
9.9982E-05 0.0618649 0.617851 0.0168874 0.257165 0.0460322 9.9982E-05
0.18666 9.9982E-05 0.218592 0.028262 0.126613 0.439674 9.9982E-05
0.119704 9.9991E-05 0.106302 0.200188 0.376619 0.180882 0.0162049
0.561355 9.9982E-05 0.041345 9.9982E-05 0.0847452 0.16766 0.144695
0.641055 0.0279991 9.9991E-05 0.0399051 0.209883 0.0202334 0.0608238
0.554728 0.0465784 0.0421598 0.167902 0.00725694 0.0473479 0.134027
0.145415 0.0749642 0.236112 0.0606229 0.153858 0.328929 9.9991E-05
0.593944 9.9991E-05 0.0474018 0.0698156 0.0659051 0.203395 0.0194378
0.641799 0.0426036 0.0349668 9.9991E-05 0.14402 0.0986088 0.0379015
0.258523 0.0687053 0.24265 0.127925 0.0538742 0.168258 0.0800642
0.091125 0.180937 0.0936282 0.0824082 0.172692 0.299616 0.0795939
0.550664 0.094552 0.163375 9.9982E-05 9.9982E-05 0.142586 0.0486227
0.456951 0.0936914 0.122003 0.0873264 0.0359575 0.201052 0.00301822
0.0931492 0.020525 0.12401 0.058196 0.172024 0.531995 9.9991E-05
0.492931 9.9991E-05 0.0260478 0.160046 0.0937396 0.218228 0.00890785
0.568214 0.047341 0.061994 0.131094 0.0622643 0.0181318 0.110961
0.487682 0.0183461 0.0563778 0.0194614 0.0912239 0.242731 0.0841778
0.292583 9.9991E-05 0.143724 0.0968886 0.10351 0.273836 0.089358
0.55486 0.0433809 0.0915483 0.075296 0.0901603 0.144654 9.9991E-05
0.556934 0.0489947 0.0649939 0.0778689 0.00155901 0.160349 0.089301
0.216966 9.9982E-05 0.169038 0.0849106 0.0950113 0.433874 9.9982E-05
0.567923 9.9964E-05 0.404728 9.9964E-05 9.9964E-05 0.0269495 9.9964E-05
0.0817276 0.00606546 0.802206 9.9982E-05 9.9982E-05 0.0778047 0.0319968
0.582075 0.0858589 0.0502996 0.111942 9.9991E-05 0.124754 0.0449704
9.9964E-05 9.9964E-05 0.79878 0.0232165 0.177604 9.9964E-05 9.9964E-05
9.9964E-05 9.9964E-05 0.796043 0.0733357 0.130222 9.9964E-05 9.9964E-05
0.226304 9.9973E-05 0.709814 0.05743 9.9973E-05 9.9973E-05 0.00615201
0.455677 0.0139211 0.525891 9.9973E-05 9.9973E-05 0.00421112 9.9973E-05
0.437004 0.164443 0.12157 0.0545738 0.0425251 0.0789395 0.100944
0.360826 9.9982E-05 0.542405 9.9982E-05 0.0525339 0.00335049 0.0406851
0.141255 0.0100608 0.614612 9.9982E-05 9.9982E-05 0.179624 0.0542479
0.239235 0.0120236 0.480684 9.9973E-05 9.9973E-05 0.267758 9.9973E-05
0.38072 0.101182 0.385563 9.9973E-05 9.9973E-05 9.9973E-05 0.132235
0.243194 0.0264953 0.651437 0.00846865 0.0660004 0.0043049 9.9991E-05
0.368595 0.079829 0.533898 9.9982E-05 9.9982E-05 0.0157557 0.00172187
0.384825 9.9973E-05 0.5045 0.053478 0.0568974 9.9973E-05 9.9973E-05
9.9973E-05 9.9973E-05 0.743559 0.122793 0.131529 0.00181874 9.9973E-05
0.552054 0.0272973 0.271062 9.9991E-05 0.0689433 0.014502 0.0660412
0.0492579 0.832196 9.9982E-05 0.0248006 9.9982E-05 0.0649713 0.0285741
0.100074 0.899426 9.9955E-05 9.9955E-05 9.9955E-05 9.9955E-05 9.9955E-05
0.110538 0.87015 9.9964E-05 9.9964E-05 9.9964E-05 9.9964E-05 0.0189123
9.9964E-05 0.921685 0.0525774 9.9964E-05 9.9964E-05 9.9964E-05 0.0253378
0.0849432 0.885325 9.9973E-05 0.0168482 9.9973E-05 9.9973E-05 0.0125838
9.9973E-05 0.889127 0.026328 0.0594938 9.9973E-05 9.9973E-05 0.0247516
0.0653203 0.93418 9.99611E-05 9.99611E-05 9.99611E-05 9.99611E-05 9.99611E-05
0.424236 0.0639408 0.295038 0.012581 0.0256275 0.0767806 0.101797
0.591192 0.0480553 0.111173 0.0305944 0.0499959 0.0951292 0.0738602
0.0259354 0.004825 0.796386 0.0589532 9.9982E-05 0.113701 9.9982E-05
0.512584 0.0799036 0.0818193 0.132549 9.9991E-05 0.0793047 0.113739
0.381956 0.0442641 0.486347 9.9982E-05 9.9982E-05 0.0651528 0.02208
0.548575 0.0672392 0.321932 0.0211935 0.04086 9.9982E-05 9.9982E-05
0.426014 0.0465441 0.352739 0.0832936 9.9991E-05 0.0145431 0.0767658
0.436576 9.9973E-05 0.467216 9.9973E-05 9.9973E-05 0.000878857 0.0950298
9.9964E-05 0.0402327 0.728505 9.9964E-05 9.9964E-05 0.230863 9.9964E-05
0.607813 0.17527 0.131042 0.0365508 0.0491244 9.9982E-05 9.9982E-05
0.525992 0.0860787 0.190223 0.108774 9.9991E-05 0.0273233 0.0615092
0.424485 0.0611253 0.237207 9.9982E-05 9.9982E-05 0.0942824 0.1827
0.26593 9.9982E-05 0.548059 0.0415343 0.133319 9.9982E-05 0.0109583
0.499259 0.0687105 0.379841 0.0152148 0.0367752 9.9982E-05 9.9982E-05
0.429479 9.9973E-05 0.456304 0.0493326 9.9973E-05 0.064584 9.9973E-05
0.237742 9.9964E-05 0.656813 9.9964E-05 9.9964E-05 9.9964E-05 0.105045
0.407969 0.0912296 0.469279 9.9973E-05 9.9973E-05 0.0312225 9.9973E-05
0.64237 0.114277 0.0396679 0.12475 0.00532487 0.0653462 0.00826402
0.242174 0.0439008 0.0498817 0.333169 0.0725307 0.244605 0.0137382
0.403032 0.103707 9.9982E-05 9.9982E-05 0.0603871 0.367217 0.0654567
0.601683 0.128574 0.0659899 0.0448589 9.9991E-05 0.142578 0.0162166
0.61233 0.0612238 9.9991E-05 0.116234 0.0892387 0.0789682 0.0419054
0.488705 0.0139343 9.9982E-05 0.0654438 0.0600594 0.371658 9.9982E-05
0.619288 9.9973E-05 0.0490591 9.9973E-05 9.9973E-05 0.241763 0.0895899
0.495479 0.0306939 0.0342182 0.0369749 9.9982E-05 0.402434 9.9982E-05
0.539637 0.116497 0.187589 0.0229119 0.0174529 0.115812 9.9991E-05
0.450911 0.0385237 0.046446 9.9991E-05 0.163621 0.142898 0.157501
0.589209 0.0198736 0.0999325 0.0597697 9.9991E-05 0.199905 0.0312099
0.583738 0.0435805 0.0104691 0.018604 9.9982E-05 0.343408 9.9982E-05
0.641537 0.0652529 9.9982E-05 9.9982E-05 0.0714224 0.141426 0.0801622
0.638105 0.0573456 9.9991E-05 0.104906 0.0781474 0.0852388 0.0361578
0.524759 9.9982E-05 0.00240589 0.0529172 9.9982E-05 0.300734 0.118985
0.654423 0.053357 9.9982E-05 0.0889443 0.081003 0.122072 9.9982E-05
0.49408 0.0180583 0.0894619 0.0752392 0.0869999 0.210886 0.0252743
0.385466 0.1037 9.9991E-05 0.159924 0.106774 0.229303 0.0147332
0.582398 0.00577951 0.0500485 0.116464 0.0316751 0.128784 0.0848503
0.637332 9.9982E-05 9.9982E-05 0.171969 0.0674801 0.0932768 0.0297422
0.287419 9.9991E-05 0.120731 0.0814575 0.0356249 0.425827 0.0488409
0.211878 0.0086164 0.0348417 0.223635 0.29551 0.22542 9.9991E-05
0.568409 0.0235625 0.0637525 9.9991E-05 0.104675 0.212473 0.0270279
9.9982E-05 9.9982E-05 0.210227 0.33146 0.0809197 0.288234 0.0889591
0.313054 0.0479659 0.154579 0.0925885 9.9991E-05 0.39147 0.000242828
0.441099 0.00417187 0.148511 0.0672719 9.9982E-05 0.338747 9.9982E-05
0.318991 9.9973E-05 0.156765 0.136332 9.9973E-05 0.387612 9.9973E-05
0.385715 9.9991E-05 0.138837 0.00137512 0.0509736 0.421545 0.0014537
0.579076 0.0176863 0.107627 0.0437677 0.0541409 0.184485 0.013218
0.44892 0.0353455 0.131708 9.9991E-05 0.0973943 0.135941 0.150592
0.59575 0.0282972 0.0564679 0.0757984 0.0404198 0.203167 9.9991E-05
0.156193 9.9991E-05 0.0533847 0.195596 0.197635 0.338903 0.0581877
0.576828 0.138178 0.0956687 0.0417848 0.0589856 0.0884548 9.9991E-05
0.527786 0.0345468 0.126354 0.0804392 0.197396 0.0140865 0.0193921
9.9982E-05 0.124868 0.0818704 0.15416 0.482255 0.156646 9.9982E-05
0.678823 0.0984573 0.0712529 9.9973E-05 0.151167 9.9973E-05 9.9973E-05
0.34741 0.0629232 0.283659 0.0559891 0.249818 9.9982E-05 9.9982E-05
0.555351 0.0745291 0.0779464 0.0372445 0.188078 0.0447314 0.0221192
0.30719 0.0782771 0.139883 0.0100809 0.371375 0.0914456 0.00174826
0.189799 0.0437287 0.0726454 0.115181 0.396874 0.181672 9.9991E-05
0.421156 0.0135427 0.0744179 0.159017 0.188901 0.142866 9.9991E-05
0.509797 0.081662 9.9991E-05 0.149508 0.0946314 0.103944 0.0603569
0.362943 0.11378 0.127707 0.089378 0.0658964 0.129666 0.110629
0.0189767 0.00993092 0.240341 0.0811652 0.3522 0.157252 0.140134
0.563125 0.0841291 9.9991E-05 0.0355448 0.216017 0.0520568 0.0490273
0.340314 9.9982E-05 0.206354 0.0560621 0.328428 0.0686419 9.9982E-05
0.45363 9.9982E-05 0.177957 0.101843 0.238055 0.0283159 9.9982E-05
0.524111 0.118684 0.169993 0.0921281 0.0948836 9.9982E-05 9.9982E-05
0.115824 0.268732 9.9991E-05 0.0366834 0.275201 0.0112086 0.292252
9.9964E-05 0.510024 9.9964E-05 9.9964E-05 0.356539 9.9964E-05 0.133037
9.9973E-05 0.426995 9.9973E-05 0.0279182 0.415132 9.9973E-05 0.129654
0.048644 0.321327 9.9982E-05 9.9982E-05 0.224949 0.0173154 0.387565
0.665293 9.9982E-05 0.0585558 0.0608729 0.211514 9.9982E-05 0.00356436
0.608778 0.108078 0.0860162 0.107496 0.0843803 0.00515059 9.9991E-05
0.271284 9.9964E-05 9.9964E-05 9.9964E-05 9.9964E-05 0.0348225 0.693494
0.42085 0.0579655 0.0180959 0.0915711 9.9982E-05 9.9982E-05 0.411317
0.276316 0.0619618 0.0725199 0.0362061 0.0153861 0.120274 0.417337
0.324467 9.9973E-05 0.0542938 0.197496 0.423443 9.9973E-05 9.9973E-05
0.471774 9.9982E-05 9.9982E-05 0.0133702 0.270461 0.107491 0.136704
0.225737 9.9982E-05 0.025393 0.152536 0.543037 0.0530967 9.9982E-05
0.672657 9.9973E-05 0.0700263 0.0147229 0.242294 9.9973E-05 9.9973E-05
0.414985 0.0294949 9.9991E-05 0.167415 0.225793 0.121946 0.0402662
0.616075 0.0148928 9.9982E-05 0.126583 0.226108 0.0161411 9.9982E-05
0.198828 9.9973E-05 0.111772 0.210767 0.478333 9.9973E-05 9.9973E-05
0.610681 0.0768801 0.0516625 0.0719091 0.112981 0.050373 0.0255131
0.475152 0.0612675 0.0135045 0.0412445 0.262561 0.0424494 0.103821
0.018748 9.9973E-05 0.00436027 0.0218625 9.9973E-05 9.9973E-05 0.954729
0.0430498 9.9964E-05 9.9964E-05 0.0379427 9.9964E-05 9.9964E-05 0.918608
0.194822 9.9973E-05 0.103177 9.9973E-05 9.9973E-05 0.0856564 0.616045
0.317044 0.0281896 9.9964E-05 9.9964E-05 9.9964E-05 9.9964E-05 0.654366
0.0962618 0.0660469 0.0540673 9.9973E-05 9.9973E-05 9.9973E-05 0.783324
9.995E-05 9.995E-05 9.995E-05 9.995E-05 9.995E-05 9.995E-05 0.9994
9.9955E-05 9.9955E-05 0.00923536 9.9955E-05 9.9955E-05 9.9955E-05 0.990265
0.161288 9.9955E-05 9.9955E-05 9.9955E-05 9.9955E-05 9.9955E-05 0.838212
9.9964E-05 9.9964E-05 0.0236579 9.9964E-05 9.9964E-05 0.0108868 0.965055
9.995E-05 9.995E-05 9.995E-05 9.995E-05 9.995E-05 9.995E-05 0.9994
9.995E-05 9.995E-05 9.995E-05 9.995E-05 9.995E-05 9.995E-05 0.9994
0.140736 0.0376932 0.0452436 9.9982E-05 0.0266808 9.9982E-05 0.749446
0.0140979 0.0317681 0.0163535 0.0107927 0.00577972 0.0670896 0.854118
9.995E-05 9.995E-05 9.995E-05 9.995E-05 9.995E-05 9.995E-05 0.9994
0.337063 9.9991E-05 0.079657 0.0193967 0.0287214 0.140862 0.3942
0.12088 9.9982E-05 0.124536 9.9982E-05 0.00118979 0.0596846 0.69351
0.186667 9.9973E-05 9.9973E-05 0.0187319 9.9973E-05 0.0339273 0.760374
0.069579 0.02182 9.9973E-05 9.9973E-05 9.9973E-05 0.0183473 0.889954
9.995E-05 9.995E-05 9.995E-05 9.995E-05 9.995E-05 9.995E-05 0.9994
0.0764956 9.9964E-05 9.9964E-05 0.00266964 9.9964E-05 9.9964E-05 0.920435
9.995E-05 9.995E-05 9.995E-05 9.995E-05 9.995E-05 9.995E-05 0.9994
0.175215 0.126699 0.0165392 0.0544491 9.9982E-05 9.9982E-05 0.626897
9.9973E-05 0.0217907 9.9973E-05 0.0281613 9.9973E-05 0.0477527 0.901995
9.9973E-05 0.290154 9.9973E-05 0.0483585 0.624932 9.9973E-05 0.0362553
0.441308 0.126939 9.9982E-05 9.9982E-05 0.248997 0.147334 0.0352224
0.357616 0.215201 0.138138 9.9982E-05 0.22087 9.9982E-05 0.0679754
0.193072 0.15502 0.0559686 9.9982E-05 0.517339 9.9982E-05 0.0784002
0.486678 0.0962289 0.096636 9.9982E-05 0.23489 9.9982E-05 0.0853673
0.265551 0.282491 0.000604396 0.0367017 0.390211 9.9991E-05 0.0243411
0.440353 0.196386 0.085675 0.101226 0.139561 0.010565 0.0262339
0.29357 0.124637 0.0753746 9.9982E-05 0.323002 9.9982E-05 0.183216
0.361411 0.0648131 0.0766417 9.9991E-05 0.276836 0.0231185 0.19708
0.381167 0.100896 9.9973E-05 9.9973E-05 0.353004 9.9973E-05 0.164633
0.528883 0.149083 0.00357596 0.068247 0.182702 0.0153922 0.0521164
0.0245755 0.814459 9.9982E-05 0.0537131 0.0453727 0.0616796 9.9982E-05
9.9973E-05 0.909191 9.9973E-05 0.025682 0.0265276 9.9973E-05 0.0382998
0.00156044 0.908877 0.0278796 9.9973E-05 9.9973E-05 0.0613834 9.9973E-05
0.00277222 0.932744 9.9973E-05 0.0304247 9.9973E-05 0.0337594 9.9973E-05
0.0320572 0.890876 9.9973E-05 9.9973E-05 0.0472244 0.0295424 9.9973E-05
9.9964E-05 0.908728 9.9964E-05 0.0312044 9.9964E-05 9.9964E-05 0.059668
0.0412543 0.869495 9.9973E-05 9.9973E-05 9.9973E-05 0.0143575 0.0745933
0.0371613 0.877297 0.0331218 9.9973E-05 0.0521194 9.9973E-05 9.9973E-05
0.00850108 0.887161 0.0434558 0.0326041 9.9982E-05 9.9982E-05 0.028078
0.0335645 0.843394 9.9982E-05 9.9982E-05 0.00889088 0.0301873 0.0837635
9.9973E-05 0.614358 0.0843113 0.0473445 9.9973E-05 0.253686 9.9973E-05
9.9982E-05 0.608569 0.0775523 0.0165622 9.9982E-05 0.280451 0.0166656
9.9973E-05 0.536009 9.9973E-05 0.115606 0.0592204 0.288865 9.9973E-05
9.9982E-05 0.492177 0.102051 0.0291635 0.0427319 0.333676 9.9982E-05
0.52758 0.019508 0.231579 0.0434398 9.9991E-05 0.158383 0.0194096
0.492021 9.9982E-05 0.235541 0.165048 9.9982E-05 0.0773406 0.0298492
0.571243 0.0328414 0.100329 0.020909 0.0135447 0.215192 0.0459415
0.417324 0.0436813 0.274603 0.0694752 9.9982E-05 0.194716 9.9982E-05
0.173438 9.9991E-05 0.0795125 0.0417663 0.0433616 0.645026 0.0167961
0.590215 0.0226206 0.115089 0.188864 9.9991E-05 0.0112983 0.0718128
0.497577 9.9991E-05 0.256827 0.0885934 0.076236 0.0191414 0.061525
0.486184 9.9982E-05 0.327814 9.9982E-05 0.0257391 0.132277 0.0277862
0.298972 9.9982E-05 0.509962 0.0669288 0.0607771 9.9982E-05 0.0631602
0.623069 0.0258746 0.0870375 0.0344447 0.0702759 0.101621 0.0576781
0.423363 9.9973E-05 0.432489 0.00415778 9.9973E-05 0.13969 9.9973E-05
9.9973E-05 9.9973E-05 0.632279 0.235602 0.0526505 0.0791685 9.9973E-05
0.569483 0.0357014 0.127686 0.0397091 0.0422437 0.185078 9.9991E-05
0.194863 9.9991E-05 0.486952 0.106981 0.166042 0.0162634 0.0287989
0.541425 9.9982E-05 0.420495 0.0254457 0.0023155 0.0101186 9.9982E-05
0.0625813 0.0522135 0.659491 9.9973E-05 9.9973E-05 0.225414 9.9973E-05
9.9973E-05 0.0912462 9.9973E-05 9.9973E-05 0.165507 0.737686 0.00526091
0.0752249 0.0845519 9.9973E-05 9.9973E-05 0.187003 0.652921 9.9973E-05
9.9973E-05 0.0567835 9.9973E-05 0.0988471 0.0713622 0.772707 9.9973E-05
9.9973E-05 0.102962 9.9973E-05 0.081644 0.0808144 0.73428 9.9973E-05
0.064487 0.0226588 9.9991E-05 0.0395442 0.0990469 0.761886 0.0122771
0.141638 0.0802668 9.9982E-05 0.0182218 0.0304796 0.729194 9.9982E-05
0.100429 0.879457 9.9973E-05 0.0185791 9.9973E-05 9.9973E-05 0.00123493
0.13285 0.815208 9.9964E-05 9.9964E-05 9.9964E-05 0.0515423 9.9964E-05
0.108413 0.781937 9.9964E-05 9.9964E-05 9.9964E-05 9.9964E-05 0.109249
0.0214236 0.767628 9.9973E-05 9.9973E-05 9.9973E-05 0.109989 0.10066
0.0337714 0.784342 9.9982E-05 9.9982E-05 0.0129643 0.0737459 0.0949759
9.9964E-05 0.389063 9.9964E-05 9.9964E-05 0.0751903 0.535347 9.9964E-05
9.9973E-05 0.444232 9.9973E-05 0.0474721 0.0625549 0.445441 9.9973E-05
9.9964E-05 0.435136 9.9964E-05 0.109249 9.9964E-05 0.455215 9.9964E-05
0.108568 0.789499 9.9973E-05 9.9973E-05 9.9973E-05 0.0530105 0.0486221
9.9973E-05 0.362375 0.0719235 0.0455258 9.9973E-05 0.519876 9.9973E-05
0.304305 0.192388 9.9982E-05 0.0363691 0.136648 9.9982E-05 0.33009
0.468147 0.110956 9.9982E-05 0.0483283 9.9982E-05 0.110345 0.262024
0.549776 0.170285 9.9964E-05 9.9964E-05 9.9964E-05 9.9964E-05 0.27954
0.333022 0.252747 0.0555797 9.9991E-05 0.114394 0.0269815 0.217176
0.502766 0.141897 0.11862 0.000512622 0.0177375 0.0845056 0.133962
9.9964E-05 0.418662 9.9964E-05 9.9964E-05 0.25485 9.9964E-05 0.326088
0.484514 9.9973E-05 0.151576 9.9973E-05 0.0387147 0.324896 9.9973E-05
0.375073 9.9991E-05 0.076044 0.247663 0.133682 0.160706 0.00673286
0.3222 0.116414 9.9973E-05 0.0931079 9.9973E-05 0.467978 9.9973E-05
0.474222 0.0205104 0.0882701 0.242554 0.0214256 0.152918 9.9991E-05
9.9973E-05 9.9973E-05 0.110523 0.451492 0.284663 0.153022 9.9973E-05
0.469812 0.0235932 9.9991E-05 0.128717 0.112842 0.130784 0.134152
0.510707 0.0538914 0.15254 0.146147 0.00638107 0.130233 9.9991E-05
0.407586 0.0560797 0.0876633 0.0460946 9.9982E-05 0.402376 9.9982E-05
0.55964 0.055637 0.125415 9.9973E-05 9.9973E-05 0.259008 9.9973E-05
0.133722 9.9982E-05 0.194204 0.134077 0.285074 0.252724 9.9982E-05
0.48038 9.9991E-05 0.0410888 0.18767 0.111045 0.166374 0.0133418
0.544176 9.9982E-05 0.064118 9.9982E-05 0.0745775 0.275629 0.0412997
0.256967 0.106145 0.196859 0.0418355 0.0502689 0.0880682 0.259857
0.386935 9.9982E-05 0.00656887 0.287187 0.0630335 0.256076 9.9982E-05
0.521702 0.0129823 0.0307085 0.17496 9.9982E-05 0.259446 9.9982E-05
0.446033 9.9991E-05 0.0901117 0.144636 0.0948468 0.0985269 0.125746
0.525393 0.0437863 0.0829757 0.147057 9.9982E-05 0.200588 9.9982E-05
0.576878 0.00354579 0.0156551 0.100843 0.0642283 0.170026 0.0688247
0.540468 0.0946923 0.139049 9.9991E-05 0.0327368 0.174301 0.018653
0.590948 0.128862 0.0287514 9.9982E-05 0.14284 0.108399 9.9982E-05
0.128028 0.771658 9.9973E-05 9.9973E-05 0.00329347 9.9973E-05 0.0967208
0.0675386 0.831892 0.0142555 0.0248748 0.00417503 9.9991E-05 0.0571641
0.0495291 0.782357 0.0340751 0.0199446 0.0723153 0.0416791 9.9991E-05
0.0121805 0.812858 0.0470577 0.0229344 9.9991E-05 0.0723406 0.0325291
0.126775 0.867741 9.9964E-05 9.9964E-05 0.00508365 9.9964E-05 9.9964E-05
0.236842 0.000130327 0.0391154 0.0216258 0.0907884 0.611399 9.9991E-05
0.509136 0.0971206 0.0715191 0.176142 0.0259855 0.119997 9.9991E-05
0.335459 0.155402 0.0821697 9.9991E-05 0.181909 0.0187886 0.226171
0.692547 9.9991E-05 0.00403894 0.0388505 0.0777612 0.144272 0.0424307
0.496899 0.0543492 0.130975 0.00457751 0.0221449 0.279334 0.0117213
0.227292 9.9982E-05 9.9982E-05 0.0941196 0.264005 0.36268 0.0517041
0.0257298 0.110723 0.168535 9.9982E-05 0.127729 0.567083 9.9982E-05
0.53447 0.00752877 0.0206751 0.0536102 9.9991E-05 0.316288 0.0673283
0.17492 0.0757018 0.0267694 0.133939 0.043839 0.519483 0.0253468
0.434754 9.9991E-05 0.0288052 0.0825157 0.171543 0.212329 0.0699523
0.154913 0.12507 0.0175858 0.113684 0.0301309 0.558517 9.9991E-05
0.639156 0.133335 0.000482487 0.0130163 9.9991E-05 0.206671 0.007239
0.230061 0.0805373 0.0199219 0.056528 0.0221651 0.590687 9.9991E-05
0.304025 0.0509125 0.0593136 0.0772778 0.176984 0.290691 0.0407953
0.392181 0.0751204 0.0495495 0.014308 0.239452 0.135252 0.0941367
0.359264 9.9973E-05 9.9973E-05 0.0457109 0.523352 0.0713738 9.9973E-05
0.599293 9.9973E-05 0.0299348 9.9973E-05 0.319804 0.050668 9.9973E-05
0.580385 0.00775891 0.0906417 0.0190077 0.282027 0.00539007 0.0147904
0.353988 9.9982E-05 0.0128259 0.0795971 0.420249 0.13314 9.9982E-05
0.509557 0.0517946 0.0431409 9.9991E-05 0.202632 0.107331 0.0854439
0.558802 0.0366409 0.0471521 0.0452736 0.2786 0.0334309 9.9991E-05
0.144669 9.9982E-05 0.0685966 0.0564765 0.655875 0.0741822 9.9982E-05
0.264667 9.9973E-05 0.111896 0.0875103 0.535627 9.9973E-05 9.9973E-05
0.548434 9.9973E-05 9.9973E-05 0.0594828 0.318338 0.0734456 9.9973E-05
0.138876 9.9973E-05 0.217269 9.9973E-05 0.484272 0.159283 9.9973E-05
0.472423 9.9973E-05 0.108326 9.9973E-05 0.264044 0.154907 9.9973E-05
0.0488443 9.9982E-05 0.213401 0.0462304 9.9982E-05 0.613422 0.0779026
0.248926 9.9991E-05 0.153038 0.295029 0.0487336 0.250445 0.00372809
0.274923 9.9982E-05 0.137264 0.0339994 9.9982E-05 0.400033 0.153581
0.549942 9.9991E-05 0.0250708 0.023334 0.102719 0.190212 0.108622
0.1767 9.9982E-05 0.269424 0.0463003 9.9982E-05 0.477154 0.0302215
0.529382 0.117537 0.0254696 0.136562 0.0303037 0.0885569 0.0721883
0.481229 0.0228258 0.0660133 9.9991E-05 0.0109909 0.245722 0.17312
0.457943 0.00389275 0.101639 0.0475323 0.0415772 0.254131 0.0932839
0.429814 9.9982E-05 0.0294331 0.100217 9.9982E-05 0.290823 0.149512
0.433073 0.000551009 0.147189 0.0287017 9.9991E-05 0.337685 0.0527005
0.159359 9.9982E-05 0.149746 0.0446633 9.9982E-05 0.522261 0.123772
0.289231 9.9982E-05 0.0785304 0.0416484 9.9982E-05 0.507302 0.0830882
0.580279 9.9991E-05 0.0084416 0.126137 0.0238216 0.224483 0.0367381
0.544912 0.0910159 0.153043 9.9982E-05 0.0350444 0.175784 9.9982E-05
0.395474 0.057578 0.0889642 0.172883 0.0451974 0.221526 0.018377
0.534172 9.9991E-05 0.0387936 0.143784 0.0104939 0.215557 0.0570994
0.416562 0.045033 0.00095601 0.0284819 0.0523358 0.396795 0.059836
0.637029 0.0418523 0.0147173 0.0695224 0.00640395 0.230375 9.9991E-05
0.567708 0.101273 9.9973E-05 0.123732 9.9973E-05 0.206988 9.9973E-05
0.387039 0.100207 0.106391 0.0851466 0.0218712 0.173697 0.125648
0.406332 0.331807 9.9982E-05 9.9982E-05 0.0769399 0.0657257 0.118995
0.389946 0.154072 0.0958617 0.0968161 0.0463354 9.9991E-05 0.216868
0.475429 0.0899673 0.152214 9.9991E-05 0.0656424 0.035164 0.181483
0.564273 0.0605999 0.0230847 0.0672752 0.0543654 0.114606 0.115796
0.444881 0.191193 0.107927 0.0340507 0.0242956 9.9991E-05 0.197553
0.484695 9.9982E-05 9.9982E-05 0.21964 0.143552 0.131927 0.0199861
0.479957 0.163197 0.0664225 0.0649223 0.0323037 9.9991E-05 0.193098
9.9982E-05 0.198165 0.195502 0.0179993 0.445589 9.9982E-05 0.142544
0.542595 0.0977691 9.9982E-05 9.9982E-05 0.0485694 0.156008 0.154858
0.497282 0.0960981 9.9982E-05 0.148961 9.9982E-05 0.0557794 0.201679
0.428053 0.0581383 0.12905 0.071545 0.0409807 0.0213139 0.25092
0.228871 0.185727 0.137522 0.137601 0.125713 0.0365759 0.147989
0.459695 0.18879 9.9991E-05 0.0877531 0.0497151 0.0285698 0.185377
0.591185 0.132037 9.9982E-05 0.0667955 0.0797121 9.9982E-05 0.130071
9.9973E-05 0.448411 9.9973E-05 0.0455294 0.329915 9.9973E-05 0.175845
0.432622 0.12226 0.0362542 0.0284793 0.0300177 0.0722057 0.278161
0.513631 0.108027 9.9982E-05 0.0876337 0.076389 9.9982E-05 0.214119
0.613004 0.104781 0.0787046 0.0403372 0.0351387 9.9991E-05 0.127935
0.634616 0.230526 9.9991E-05 0.00373118 0.0563946 0.00183453 0.0727975
0.472661 0.133137 0.0170208 0.0818558 0.0707715 0.0548598 0.169694
0.453735 9.9982E-05 0.0953245 0.403497 9.9982E-05 0.0202752 0.0269676
0.479973 0.134071 0.0370539 0.301433 9.9982E-05 0.047269 9.9982E-05
9.9964E-05 9.9964E-05 0.05358 0.870122 9.9964E-05 0.0758986 9.9964E-05
9.99557E-05 9.99557E-05 9.99557E-05 0.925241 9.99557E-05 0.0742593 9.99557E-05
0.464848 0.089822 0.0248794 0.339814 9.9991E-05 0.0164633 0.0640728
0.473487 0.111834 9.9982E-05 0.145894 0.035227 9.9982E-05 0.233359
0.243629 0.0496884 9.9982E-05 0.2469 0.0607209 9.9982E-05 0.398861
0.120702 0.177484 0.000798358 0.189461 0.181526 0.0380462 0.291984
0.378631 0.218508 9.9982E-05 0.126296 0.0589493 9.9982E-05 0.217417
0.080202 0.055885 9.9982E-05 0.568345 0.224786 9.9982E-05 0.0705819
0.190004 0.146716 9.9982E-05 0.645999 0.00578772 9.9982E-05 0.0112937
0.476013 9.9973E-05 0.0564549 0.355442 9.9973E-05 9.9973E-05 0.11179
0.449094 0.0401644 9.9973E-05 0.445163 9.9973E-05 9.9973E-05 0.0652794
0.123804 0.0857618 9.9973E-05 0.664215 9.9973E-05 9.9973E-05 0.125919
0.428609 0.0696138 9.9982E-05 0.264809 9.9982E-05 0.100107 0.136661
0.49327 0.0203644 9.9973E-05 0.368527 9.9973E-05 9.9973E-05 0.117539
0.382568 0.0747824 0.0845095 0.210329 0.0313104 0.0337621 0.182739
0.305878 0.0325378 0.000943836 0.614225 9.9982E-05 0.0462151 9.9982E-05
0.336552 9.9991E-05 0.0641172 0.518646 0.0412518 0.0293859 0.00994629
0.55639 0.03131 0.0327684 0.363774 0.00493649 0.0107206 9.9991E-05
0.433001 0.0205164 0.00390763 0.313628 0.137091 0.0915204 0.000335162
0.394587 0.0585526 0.0622619 0.215479 0.0909749 0.0509131 0.127231
0.460551 9.9973E-05 9.9973E-05 0.407764 0.104314 0.027071 9.9973E-05
0.242985 9.9964E-05 9.9964E-05 0.684794 9.9964E-05 0.0718206 9.9964E-05
0.591851 0.0182894 0.0412654 0.299745 0.0122878 9.9991E-05 0.0364612
0.161905 9.9964E-05 0.0645637 0.773131 9.9964E-05 9.9964E-05 9.9964E-05
0.404487 0.0222416 0.024856 0.545808 0.00133126 9.9991E-05 0.00117632
0.501488 0.064053 0.0555787 0.216814 9.9991E-05 0.072818 0.0891484
0.519456 9.9991E-05 0.00300926 0.347068 0.021366 0.0918406 0.0171602
0.377212 0.118057 0.012659 0.128905 0.109978 0.0284247 0.224765
0.35194 0.141495 0.00747472 0.137014 0.0685016 0.116011 0.177564
0.33266 0.174157 0.0380493 0.0609595 0.0713796 0.0594294 0.263366
0.365709 0.179077 9.9991E-05 0.00980685 0.130156 0.135021 0.180131
0.331843 0.142621 0.138361 9.9982E-05 9.9982E-05 0.132841 0.254134
0.42409 0.14458 0.0030915 0.210539 0.0267177 9.9991E-05 0.190882
9.9973E-05 0.184726 9.9973E-05 0.641138 0.0428572 9.9973E-05 0.130979
0.556585 0.0284519 9.9982E-05 0.190569 9.9982E-05 0.0777963 0.146398
9.9973E-05 0.385463 9.9973E-05 0.445641 0.0715369 9.9973E-05 0.0970596
0.36664 0.0937179 9.9973E-05 0.308588 9.9973E-05 9.9973E-05 0.230754
0.0679727 9.9964E-05 0.122997 0.80863 9.9964E-05 9.9964E-05 9.9964E-05
9.9973E-05 0.00145568 0.0201799 0.960747 0.0173177 9.9973E-05 9.9973E-05
0.418178 9.9973E-05 0.106379 0.427348 9.9973E-05 0.047795 9.9973E-05
0.482204 9.9973E-05 0.0189735 0.413389 9.9973E-05 9.9973E-05 0.0851332
0.328771 9.9964E-05 9.9964E-05 0.667577 9.9964E-05 0.00325213 9.9964E-05
0.48857 9.9973E-05 0.0682144 0.441788 9.9973E-05 0.00112773 9.9973E-05
0.506433 9.9955E-05 9.9955E-05 0.493067 9.9955E-05 9.9955E-05 9.9955E-05
9.9973E-05 0.772928 9.9973E-05 0.109692 9.9973E-05 0.0436924 0.0733872
0.00349239 0.726874 9.9982E-05 9.9982E-05 0.0356797 0.112543 0.12121
9.9964E-05 0.90582 9.9964E-05 9.9964E-05 9.9964E-05 0.0420442 0.0517355
0.0509169 0.940346 9.9964E-05 0.00833771 9.9964E-05 9.9964E-05 9.9964E-05
0.489327 0.0994778 0.410795 9.9964E-05 9.9964E-05 9.9964E-05 9.9964E-05
0.443378 0.0999292 0.367392 0.0344915 9.9982E-05 9.9982E-05 0.0546089
0.440352 0.0166688 0.50358 0.0390994 9.9973E-05 9.9973E-05 9.9973E-05
0.570813 0.076927 0.20376 9.9982E-05 0.0946888 0.053611 9.9982E-05
0.470836 0.079811 0.228954 9.9991E-05 0.0332859 0.0884428 0.0985699
0.225659 0.0302848 0.571723 0.0205887 0.0418943 0.10975 9.9991E-05
0.657305 9.9973E-05 0.296496 0.0321161 9.9973E-05 9.9973E-05 0.0137821
0.330105 0.00193042 0.497708 0.0332571 0.1368 9.9982E-05 9.9982E-05
0.464991 0.230735 0.0622642 9.9991E-05 0.00419345 0.0476631 0.190053
0.351519 9.9982E-05 0.348853 0.223432 9.9982E-05 0.0100907 0.0659053
0.360736 9.9973E-05 0.504519 9.9973E-05 0.0497667 0.0846783 9.9973E-05
0.51196 0.0169341 0.282951 0.183509 9.9982E-05 9.9982E-05 0.00444581
0.378276 0.00683355 0.530332 0.0172555 9.9982E-05 0.0671029 9.9982E-05
0.508732 9.9973E-05 0.352956 0.0830179 9.9973E-05 9.9973E-05 0.0549947
0.584703 0.0615568 0.334359 9.9973E-05 9.9973E-05 9.9973E-05 0.0190812
0.0169227 9.9964E-05 0.900301 0.0823768 9.9964E-05 9.9964E-05 9.9964E-05
0.164681 9.9982E-05 0.617542 0.095906 0.089572 9.9982E-05 0.0320986
0.160506 0.0691953 0.643381 0.0857376 9.9991E-05 0.0122477 0.0288327
9.9964E-05 9.9964E-05 0.73796 0.0791749 0.182466 9.9964E-05 9.9964E-05
0.38739 9.9991E-05 0.399582 0.00201561 0.0286207 0.15225 0.0300416
0.0339442 9.9982E-05 0.642189 0.100109 0.202203 9.9982E-05 0.021355
9.9973E-05 0.00748245 0.683064 0.119861 0.189292 9.9973E-05 9.9973E-05
0.470764 0.0210989 0.406203 0.0106262 0.0158553 9.9991E-05 0.0753527
0.191036 0.0382846 0.637028 9.9973E-05 9.9973E-05 0.133352 9.9973E-05
0.395452 0.00900481 0.395154 9.9991E-05 0.0630645 0.104694 0.032531
0.56212 0.00862931 0.141679 0.148707 0.0320191 9.9991E-05 0.106745
0.564803 0.000206277 0.339142 9.9982E-05 0.0293535 0.0662957 9.9982E-05
0.369162 9.9982E-05 9.9982E-05 0.236112 0.0830537 0.287728 0.0237441
0.543511 0.0456454 0.224792 0.0943822 9.9991E-05 0.0728957 0.0186743
0.500402 0.00832955 0.369109 9.9973E-05 9.9973E-05 0.12186 9.9973E-05
0.247576 9.9973E-05 0.703972 9.9973E-05 0.0326655 0.0154871 9.9973E-05
0.493221 0.0913114 0.212528 0.0687747 0.0247113 0.0589828 0.0504718
9.9964E-05 0.618474 9.9964E-05 9.9964E-05 0.0995601 0.281566 9.9964E-05
0.00967497 0.753069 0.125591 9.9982E-05 9.9982E-05 0.104848 0.00661755
9.9964E-05 0.815123 9.9964E-05 9.9964E-05 0.0372852 0.147192 9.9964E-05
9.9973E-05 0.753438 9.9973E-05 0.00867641 0.0577246 0.179861 9.9973E-05
0.0342064 0.692067 9.9973E-05 9.9973E-05 0.0616491 0.211777 9.9973E-05
0.092779 0.00235845 0.725685 9.9982E-05 9.9982E-05 0.139781 0.0391962
0.104075 0.0920271 0.681683 0.00721684 0.0011124 0.113786 9.9991E-05
0.101728 9.9982E-05 0.786933 0.0647558 0.0384608 9.9982E-05 0.0079228
0.459237 0.106669 0.24146 9.9982E-05 9.9982E-05 0.0520232 0.140411
0.581701 0.178344 0.0267556 0.11778 9.9991E-05 0.0823733 0.0129452
0.245193 0.0218468 0.575659 0.0528905 0.0480223 9.9991E-05 0.0562882
0.566336 9.9973E-05 0.258371 0.0700987 9.9973E-05 9.9973E-05 0.104895
0.358097 0.0699431 0.433981 0.0498341 0.0625194 9.9991E-05 0.0255256
0.608309 0.0191981 0.29002 9.9973E-05 9.9973E-05 0.0821729 9.9973E-05
0.636688 0.101028 0.248825 0.0131597 9.9973E-05 9.9973E-05 9.9973E-05
0.187933 9.9991E-05 0.565931 0.00640692 0.049741 0.140514 0.0493743
0.32993 9.9964E-05 0.620542 9.9964E-05 9.9964E-05 0.0491282 9.9964E-05
0.293373 9.9964E-05 0.513177 9.9964E-05 9.9964E-05 0.193051 9.9964E-05
0.63647 0.081371 0.00242842 9.9982E-05 0.22931 0.050221 9.9982E-05
0.375786 0.0545417 0.558146 9.9973E-05 9.9973E-05 0.0112266 9.9973E-05
0.409862 0.0139974 0.404866 0.0612103 0.0320647 0.0474887 0.0305115
0.417515 0.121485 0.0537192 0.042323 0.0484652 9.9991E-05 0.316393
0.324524 0.11583 0.0560092 0.00213956 0.0295209 0.0229401 0.449036
0.39336 0.110934 9.9982E-05 0.00439068 0.0646063 9.9982E-05 0.426509
0.344579 0.153747 9.9982E-05 0.00696953 0.0725159 9.9982E-05 0.421989
0.462417 0.149466 9.9982E-05 0.15938 9.9982E-05 0.0152207 0.213315
0.461508 0.0112725 0.340875 9.9982E-05 0.184452 9.9982E-05 0.00169231
0.071433 0.223797 9.9973E-05 9.9973E-05 0.10432 9.9973E-05 0.60015
0.264107 0.158217 0.0284479 9.9982E-05 9.9982E-05 0.0436903 0.505338
0.475452 0.190047 9.9982E-05 9.9982E-05 0.224566 0.0428202 0.0669152
0.580943 0.109568 9.9964E-05 9.9964E-05 0.309089 9.9964E-05 9.9964E-05
0.46039 0.0674109 9.9982E-05 0.0419952 0.317991 0.112013 9.9982E-05
0.567627 0.157157 9.9973E-05 9.9973E-05 0.231523 0.0433926 9.9973E-05
0.534341 0.130078 0.0618752 9.9991E-05 0.118456 0.0875861 0.0675631
0.34473 0.186807 9.9973E-05 9.9973E-05 0.0505506 9.9973E-05 0.417612
0.365454 0.166319 9.9991E-05 0.00736525 0.0727219 0.0327468 0.355292
0.398647 0.119351 9.9982E-05 0.00749618 0.0166775 9.9982E-05 0.457629
0.449448 0.129841 9.9991E-05 0.100362 0.00622156 0.0508224 0.263205
0.296072 0.140013 9.9982E-05 0.0191258 0.0715194 9.9982E-05 0.47307
0.412372 0.118929 0.0508341 0.0508654 0.0916384 0.00372439 0.271637
0.232643 0.112643 9.9991E-05 0.0222036 0.0527697 0.0146046 0.565037
0.47165 0.0241458 0.000503064 0.0660357 9.9991E-05 0.108741 0.328825
0.539421 9.9964E-05 0.0673017 9.9964E-05 0.392878 9.9964E-05 9.9964E-05
0.378361 0.180276 9.9991E-05 0.00668398 0.0703172 0.0330818 0.331179
0.152952 0.206984 9.9973E-05 9.9973E-05 0.0166768 9.9973E-05 0.623088
0.263824 0.145796 0.0175105 0.062391 9.9991E-05 0.0858105 0.424569
0.251719 0.0420941 0.014082 9.9982E-05 0.444595 0.247309 9.9982E-05
0.635489 9.9973E-05 9.9973E-05 9.9973E-05 0.278462 0.0452174 0.0405311
0.350499 0.141517 0.0570107 0.0857035 0.0479025 0.00155978 0.315807
0.634896 0.111081 0.0235614 0.0139517 0.0962224 0.120188 9.9991E-05
0.467901 0.10546 0.0474628 9.9991E-05 0.266124 0.093071 0.0198813
0.396664 0.188244 0.0445673 9.9991E-05 0.109936 0.0430827 0.217406
0.330705 0.227701 9.9982E-05 0.180429 0.00894642 9.9982E-05 0.252018
0.485978 0.111781 0.0987992 0.0424956 0.0821586 0.0046506 0.174137
0.311352 0.0191437 0.189645 9.9982E-05 0.0476341 9.9982E-05 0.432025
0.384505 0.118134 9.9973E-05 0.0696672 9.9973E-05 9.9973E-05 0.427394
0.168155 0.237403 9.9973E-05 9.9973E-05 0.0137468 9.9973E-05 0.580395
0.629243 0.078145 9.9982E-05 0.047082 0.0867052 0.158625 9.9982E-05
0.469509 0.0815812 0.055839 9.9982E-05 0.258009 0.134863 9.9982E-05
0.169903 0.0152779 0.00612876 0.015224 0.71977 0.00760569 0.0660905
0.564757 0.0738047 0.0759963 0.00584661 0.164011 9.9991E-05 0.115484
0.42843 0.0999035 9.9982E-05 0.174228 0.126431 0.170808 9.9982E-05
0.49516 0.229224 0.052479 9.9982E-05 0.138552 9.9982E-05 0.084385
0.444783 0.0822657 0.0195782 0.0770417 0.103069 0.156275 0.116987
9.9964E-05 0.237975 9.9964E-05 9.9964E-05 0.56557 9.9964E-05 0.196055
9.9964E-05 0.217455 9.9964E-05 9.9964E-05 0.661027 9.9964E-05 0.121118
0.284088 0.0726275 0.0323573 0.0410451 0.384064 0.0602451 0.125573
9.9982E-05 0.277339 0.0246524 9.9982E-05 0.461082 0.00750777 0.229219
9.9964E-05 0.402573 9.9964E-05 9.9964E-05 0.414571 9.9964E-05 0.182456
0.390016 0.0870339 0.0543999 9.9991E-05 0.274954 0.0472356 0.14626
0.371436 0.236797 0.109488 9.9982E-05 0.12685 9.9982E-05 0.155229
0.113965 0.212946 0.0894949 9.9982E-05 0.412716 9.9982E-05 0.170678
0.0953928 0.225194 9.9973E-05 9.9973E-05 0.534858 9.9973E-05 0.144255
0.451994 0.0523937 0.0399826 0.000400447 0.257296 0.04242 0.155513
0.162337 0.147513 0.109023 9.9982E-05 0.444898 9.9982E-05 0.13603
9.9964E-05 0.345589 9.9964E-05 9.9964E-05 0.604483 9.9964E-05 0.0495282
0.439287 0.150159 0.0478498 0.0279166 0.0218984 0.0951119 0.217776
0.317012 0.135822 0.064046 9.9991E-05 0.232793 0.00324354 0.246983
0.572246 0.329567 0.0152522 9.9982E-05 0.0222758 9.9982E-05 0.0604589
0.513097 0.152087 9.9982E-05 9.9982E-05 0.0320555 0.0194433 0.283117
0.510417 0.231059 9.9982E-05 0.088299 9.9982E-05 0.0181762 0.151848
0.480983 0.176393 9.9982E-05 0.0542887 0.0372028 9.9982E-05 0.250933
0.344182 0.369383 9.9982E-05 9.9982E-05 0.0589036 0.0397173 0.187614
0.550114 0.227593 9.9973E-05 9.9973E-05 9.9973E-05 0.0736054 0.148388
0.42555 0.199698 0.100287 9.9982E-05 9.9982E-05 0.0233189 0.250947
0.270169 0.252899 0.073279 0.0671328 0.0792629 0.036203 0.221055
0.263251 0.164744 0.251469 0.0602356 9.9991E-05 0.115888 0.144313
0.620058 0.157627 0.11138 9.9982E-05 0.065625 9.9982E-05 0.0451098
0.534048 0.138032 0.0978161 0.0853041 0.000637956 9.9991E-05 0.144062
0.579899 0.0854134 0.0605118 0.167635 0.0543309 9.9991E-05 0.0521107
0.405796 0.268613 9.9973E-05 9.9973E-05 0.109086 9.9973E-05 0.216205
0.598446 0.210649 9.9982E-05 0.111893 0.00337927 9.9982E-05 0.0754322
0.134251 0.307023 9.9982E-05 0.0398117 0.278269 9.9982E-05 0.240447
0.416738 0.148977 0.0367961 0.0518452 0.0473216 9.9991E-05 0.298222
0.217418 0.268612 9.9982E-05 0.0265315 0.202504 9.9982E-05 0.284735
9.9991E-05 0.770505 0.0328248 0.0294692 0.0349633 0.120491 0.0116471
0.0407666 0.0346235 0.0666093 0.0320591 9.9991E-05 0.768946 0.0568958
9.995E-05 9.995E-05 9.995E-05 9.995E-05 9.995E-05 0.9994 9.995E-05
9.995E-05 9.995E-05 9.995E-05 9.995E-05 9.995E-05 0.9994 9.995E-05
0.0699262 9.9955E-05 9.9955E-05 9.9955E-05 9.9955E-05 0.929574 9.9955E-05
0.00922194 9.9964E-05 9.9964E-05 9.9964E-05 9.9964E-05 0.956756 0.0336218
0.0515377 9.9964E-05 0.0288868 9.9964E-05 9.9964E-05 0.919176 9.9964E-05
9.9955E-05 0.0622681 9.9955E-05 9.9955E-05 9.9955E-05 0.937232 9.9955E-05
0.00833884 0.196966 9.9964E-05 9.9964E-05 9.9964E-05 0.794295 9.9964E-05
0.0252139 0.853913 9.9982E-05 9.9982E-05 0.0281191 0.0709385 0.0216158
0.049526 0.833824 0.00333493 9.9973E-05 9.9973E-05 0.113015 9.9973E-05
0.0429197 0.861392 0.00460253 0.0111468 9.9991E-05 0.0316811 0.0481576
0.045608 0.81788 9.9982E-05 0.0212476 0.0413409 0.0737239 9.9982E-05
0.017488 0.900805 0.0144116 9.9982E-05 9.9982E-05 0.0164211 0.0506743
9.9973E-05 0.883922 9.9973E-05 0.0302336 9.9973E-05 0.084576 0.000968806
9.9964E-05 0.729424 9.9964E-05 9.9964E-05 9.9964E-05 0.0909661 0.17921
0.0207022 0.833516 0.065535 9.9973E-05 9.9973E-05 9.9973E-05 0.0799469
0.0489963 0.71103 0.0617853 9.9982E-05 9.9982E-05 0.0872505 0.0907383
9.9973E-05 0.895382 0.0093902 0.031901 9.9973E-05 9.9973E-05 0.0630271
9.9955E-05 0.953982 9.9955E-05 0.0455186 9.9955E-05 9.9955E-05 9.9955E-05
0.0141207 0.854814 0.0139314 0.0239141 0.0244877 0.0243371 0.0443946
0.0259556 0.910891 9.9973E-05 9.9973E-05 0.0348027 0.0280505 9.9973E-05
0.0710536 0.917823 9.9964E-05 9.9964E-05 0.0107239 9.9964E-05 9.9964E-05
0.0610516 0.877757 0.0202349 9.9973E-05 9.9973E-05 9.9973E-05 0.040657
0.167672 0.831828 9.9955E-05 9.9955E-05 9.9955E-05 9.9955E-05 9.9955E-05
0.0731288 0.758759 9.9973E-05 9.9973E-05 0.0186139 9.9973E-05 0.149198
0.14616 0.798251 9.9964E-05 9.9964E-05 9.9964E-05 9.9964E-05 0.0551886
0.151177 0.819561 9.9964E-05 9.9964E-05 9.9964E-05 9.9964E-05 0.0288619
0.450649 0.0770485 0.00224412 9.9982E-05 0.363745 0.106113 9.9982E-05
0.678909 0.0515186 0.0734354 9.9973E-05 0.195837 9.9973E-05 9.9973E-05
0.479542 0.0774256 0.112346 9.9991E-05 0.133507 0.085365 0.111715
0.184753 9.9991E-05 0.0193115 0.0601206 0.66922 0.0579967 0.00849831
0.560582 0.0657927 0.0353621 9.9982E-05 0.213185 0.124878 9.9982E-05
0.173263 0.0436734 9.9973E-05 9.9973E-05 0.776153 0.0066112 9.9973E-05
0.67448 0.0667588 9.9973E-05 9.9973E-05 0.2206 0.0378609 9.9973E-05
0.453153 0.0088682 0.0378582 9.9982E-05 0.313343 0.186578 9.9982E-05
0.589982 0.0412476 0.0705135 9.9982E-05 0.201315 0.0967419 9.9982E-05
0.535035 9.9973E-05 0.361037 0.0540073 9.9973E-05 9.9973E-05 0.0496204
0.439963 9.9964E-05 9.9964E-05 9.9964E-05 0.399165 0.160472 9.9964E-05
0.63438 0.0332232 9.9982E-05 0.0529806 0.155711 0.123505 9.9982E-05
0.558037 0.0864984 0.0104629 9.9982E-05 0.189356 0.155446 9.9982E-05
0.0453272 9.9991E-05 0.192916 0.183177 0.0730586 0.437193 0.0682285
9.9964E-05 9.9964E-05 9.9964E-05 0.149196 0.81742 0.0329838 9.9964E-05
0.180895 9.9964E-05 9.9964E-05 9.9964E-05 0.762791 0.0559146 9.9964E-05
0.647497 0.0729884 9.9982E-05 9.9982E-05 0.202996 0.0571128 0.0192058
0.547907 0.0770588 9.9982E-05 0.0225014 0.326693 0.0256396 9.9982E-05
0.56196 0.0697645 0.0143445 9.9982E-05 0.315265 0.0384653 9.9982E-05
0.626345 0.115611 0.112234 0.123066 0.0225447 9.9982E-05 9.9982E-05
