0.0554543 0.812648 0.0226068 9.9973E-05 9.9973E-05 9.9973E-05 0.0510228 0.0579676
0.00680035 0.928163 0.0137669 0.047653 9.9973E-05 9.9973E-05 0.00331726 9.9973E-05
0.00840918 0.738887 9.9964E-05 9.9964E-05 9.9964E-05 0.157575 0.0947284 9.9964E-05
0.0972814 0.740294 9.9973E-05 9.9973E-05 9.9973E-05 0.0524002 0.0603281 0.0493967
9.9973E-05 0.837076 9.9973E-05 0.0554507 9.9973E-05 0.0365504 0.0116241 0.0589991
0.0306382 0.610415 9.9973E-05 9.9973E-05 0.209396 0.0932651 9.9973E-05 0.0559851
9.9955E-05 0.779158 9.9955E-05 9.9955E-05 0.171563 9.9955E-05 0.0487795 9.9955E-05
0.130622 0.693638 0.0271374 0.0268083 0.0577147 0.0286379 0.0353413 9.9991E-05
0.0470453 0.796243 0.0736439 9.99729E-05 0.0588274 9.99729E-05 0.0239402 9.99729E-05
9.9982E-05 0.667237 9.9982E-05 0.0918239 0.0576089 0.126666 0.0236717 0.0327923
0.0936359 0.685229 9.9973E-05 9.9973E-05 0.144948 0.0544568 0.0214304 9.9973E-05
0.470415 9.9973E-05 0.218004 9.9973E-05 0.0201972 0.182519 9.9973E-05 0.108565
0.248815 9.9991E-05 0.0305017 0.0182463 0.0407986 0.532565 0.0718494 0.0571236
0.400047 0.00500542 0.0867752 0.105686 0.0327633 0.230542 0.0529935 0.0861866
0.323647 9.9982E-05 0.0572261 0.194492 9.9982E-05 0.245139 0.00769946 0.171596
0.179463 0.0838291 0.0482998 0.0345033 0.127401 0.415626 0.00609545 0.104783
0.147945 0.0256305 9.9991E-05 0.0558678 0.047396 0.60489 0.0194574 0.0987137
0.196883 9.9991E-05 0.171903 0.0160457 0.0672475 0.365753 0.0277828 0.154285
0.268762 0.127255 0.176957 9.9991E-05 0.00636895 0.242347 0.0276466 0.150564
0.618938 9.9991E-05 0.0299929 0.0343585 0.1753 0.0522296 0.0565422 0.0325382
0.278683 9.9982E-05 0.174943 0.0851107 9.9982E-05 0.304886 0.0399714 0.116205
0.130527 9.9991E-05 0.0868692 0.0982054 0.222895 0.339272 0.0423371 0.0797936
0.0807201 0.0664416 0.173046 0.101064 0.0181977 0.553248 9.9991E-05 0.00718253
0.368793 9.9991E-05 0.201662 0.0353511 0.0213701 0.257417 0.0217672 0.0935394
0.1241 0.0762651 9.9982E-05 9.9982E-05 0.104648 0.624839 0.0462944 0.0236529
0.230226 0.00639821 0.0244444 9.9991E-05 0.0797483 0.504425 0.00221004 0.152448
0.475329 9.9991E-05 0.181576 0.00552649 0.0439465 0.119599 0.036508 0.137416
0.40784 9.9982E-05 0.145144 9.9982E-05 0.057049 0.166118 0.026564 0.197085
0.422103 9.9982E-05 0.116264 0.158543 0.0625721 0.175001 9.9982E-05 0.0653166
9.994E-05 9.994E-05 9.994E-05 9.994E-05 9.994E-05 9.994E-05 0.9993 9.994E-05
9.994E-05 9.994E-05 9.994E-05 9.994E-05 9.994E-05 9.994E-05 0.9993 9.994E-05
9.9964E-05 0.484499 0.0757457 9.9964E-05 9.9964E-05 0.0656598 0.373696 9.9964E-05
9.9973E-05 0.569182 0.0203029 9.9973E-05 9.9973E-05 0.121699 0.264242 0.0242746
0.0833038 0.0385249 0.223196 0.0258376 0.0219235 0.573271 9.9991E-05 0.0338439
0.0039016 0.139676 0.194447 9.9973E-05 9.9973E-05 0.62897 0.0327054 9.9973E-05
9.9964E-05 9.9964E-05 0.362226 9.9964E-05 0.0313522 0.584854 9.9964E-05 0.0211671
0.588349 0.077603 0.103784 9.9982E-05 0.0549873 0.132369 0.0427081 9.9982E-05
0.0251271 0.0303461 0.556541 0.019115 9.9991E-05 0.283185 0.0479684 0.0376168
0.018578 0.0250021 0.157775 0.0859971 0.0274677 0.532481 0.061744 0.0909542
9.9973E-05 9.9973E-05 0.116118 0.103124 0.0252862 0.684328 9.9973E-05 0.0708434
0.00241863 0.0884774 0.0427224 0.112675 0.110674 0.614502 0.0284307 9.9991E-05
0.0785454 0.0545621 0.106532 9.9982E-05 0.0332051 0.658838 0.0681174 9.9982E-05
0.104405 0.0116319 0.619234 9.9991E-05 0.065982 0.148536 0.0478835 0.00222709
0.0101101 0.0394014 0.117578 9.9982E-05 0.204224 0.589895 9.9982E-05 0.0385916
0.0376054 0.0399811 0.134675 0.0450586 0.0992383 0.63018 0.0066475 0.0066137
9.9982E-05 0.0555895 0.212652 9.9982E-05 0.0629713 0.532168 0.0158395 0.120579
9.9973E-05 9.9973E-05 0.588711 0.0791931 0.0072571 0.321895 0.00264359 9.9973E-05
9.9973E-05 9.9973E-05 0.184047 0.0536981 0.0481904 0.660108 9.9973E-05 0.0536558
0.0549271 0.000660497 0.0861698 9.9991E-05 0.14567 0.61665 0.0444794 0.0513437
9.9955E-05 0.0726064 0.721363 9.9955E-05 0.205531 9.9955E-05 9.9955E-05 9.9955E-05
0.418633 9.9973E-05 0.223078 0.0986284 0.108063 0.151297 9.9973E-05 9.9973E-05
0.261038 9.9982E-05 0.176311 0.119221 0.325439 0.0880946 9.9982E-05 0.0296966
0.16703 0.0198988 9.9991E-05 0.0548067 0.0572502 0.59902 0.0354812 0.066413
0.0110253 0.126501 9.9991E-05 0.00215705 0.0991167 0.707664 0.00640017 0.0470361
0.0872815 0.0570489 9.9973E-05 0.132028 0.0891743 0.634167 9.9973E-05 9.9973E-05
0.293136 0.0837773 0.279095 0.0811661 0.0191341 0.19175 0.0518407 9.9991E-05
0.168974 9.9982E-05 0.0359707 0.138478 0.0846001 0.551405 0.0203721 9.9982E-05
0.138953 0.0423228 0.0368673 0.0277552 0.0619623 0.669602 9.9991E-05 0.0224381
0.166413 0.0772806 0.0633174 0.110047 0.122342 0.361719 0.0127889 0.0860928
0.328886 0.161245 0.184596 0.020276 0.122952 0.107973 0.0446297 0.0294421
0.146112 9.9991E-05 0.0801098 0.0509167 0.0491721 0.458669 0.0800568 0.134863
0.3184 0.0412837 0.0738236 0.0137404 0.0841506 0.411622 9.9991E-05 0.0568805
0.532104 9.9973E-05 0.220729 9.9973E-05 0.0881029 0.0747653 0.083998 9.9973E-05
0.158425 9.9991E-05 0.105232 0.147779 0.046124 0.498598 0.0112931 0.0324483
0.104707 0.0549632 9.9991E-05 0.0946277 0.0211205 0.648133 0.0169348 0.0594135
0.171851 9.9982E-05 9.9982E-05 0.107909 0.142956 0.473211 0.10307 0.000802732
0.293376 0.0421611 0.0928834 0.1093 0.10334 0.298214 0.0282871 0.0324386
0.191428 9.9991E-05 0.162505 0.0480243 0.0167972 0.440928 0.0726926 0.0675247
0.29197 9.9982E-05 0.127709 0.0367598 9.9982E-05 0.499366 0.0274749 0.0165197
0.370449 9.9982E-05 0.185545 0.0938444 0.0826762 0.170619 0.0966666 9.9982E-05
0.0235023 9.9964E-05 0.396929 9.9964E-05 9.9964E-05 0.559834 0.0193354 9.9964E-05
0.0827225 9.9973E-05 0.697061 9.9973E-05 9.9973E-05 0.172066 0.0300344 0.0178161
0.0446398 0.107609 0.212187 0.0689924 0.0429566 0.414715 0.00767415 0.101226
9.9946E-05 9.9946E-05 0.853558 9.9946E-05 0.145842 9.9946E-05 9.9946E-05 9.9946E-05
9.9955E-05 9.9955E-05 0.84915 0.109193 0.0411572 9.9955E-05 9.9955E-05 9.9955E-05
9.9964E-05 9.9964E-05 0.706625 0.0170517 9.9964E-05 0.256025 9.9964E-05 0.0198988
0.0554409 0.0057095 0.425008 9.9973E-05 9.9973E-05 0.471533 0.0420087 9.9973E-05
9.9991E-05 0.123804 0.171259 0.0374884 0.0336985 0.483368 0.0314773 0.118805
0.0440098 0.0357344 0.406991 0.0178683 0.013426 0.458051 0.0198154 0.00410343
0.172332 0.0595137 0.607981 9.9973E-05 9.9973E-05 0.128692 9.9973E-05 0.0311809
0.240276 0.0473775 0.484027 9.9964E-05 9.9964E-05 0.22792 9.9964E-05 9.9964E-05
0.0909435 9.9982E-05 0.205011 0.0233912 9.9982E-05 0.514118 0.0934878 0.072848
0.00279809 0.0191725 0.712289 9.9973E-05 9.9973E-05 0.1839 9.9973E-05 0.0815401
0.0226579 0.0416417 0.413662 9.9982E-05 0.0182601 0.411462 0.0921158 9.9982E-05
9.9964E-05 9.9964E-05 0.498955 9.9964E-05 0.0610736 0.427363 0.0122078 9.9964E-05
0.00224707 0.0323941 0.671204 0.0969268 0.196928 9.9973E-05 9.9973E-05 9.9973E-05
0.0398637 9.9982E-05 0.254755 9.9982E-05 0.0418641 0.548236 0.00473514 0.110347
0.049981 0.753637 9.9973E-05 9.9973E-05 9.9973E-05 0.123348 0.0352129 0.0375212
9.9955E-05 0.79192 9.9955E-05 9.9955E-05 9.9955E-05 0.0736177 0.133962 9.9955E-05
9.9964E-05 0.746707 9.9964E-05 9.9964E-05 9.9964E-05 0.0518651 0.124936 0.0760918
9.9973E-05 0.783416 9.9973E-05 9.9973E-05 0.0453937 0.0234957 0.1437 0.00369505
9.9964E-05 0.791957 9.9964E-05 0.00185018 9.9964E-05 0.110092 0.0957004 9.9964E-05
9.9982E-05 0.836499 9.9982E-05 0.0431224 0.00672253 0.0326866 0.0673289 0.0134405
9.99551E-05 0.877491 9.99551E-05 9.99551E-05 9.99551E-05 0.0641217 0.0578876 9.99551E-05
0.0257961 0.0960521 0.280405 0.0407273 9.9991E-05 0.47549 0.0531719 0.0282572
0.0306311 0.00988573 0.216423 9.9991E-05 0.00111165 0.512029 0.0564336 0.173385
0.0770096 0.0546813 0.78022 0.0376181 0.00998201 0.0402893 9.9982E-05 9.9982E-05
9.9991E-05 0.0505376 0.213383 0.0482689 0.0850495 0.430204 0.0803637 0.092093
0.123934 0.0484955 0.398549 9.9973E-05 9.9973E-05 0.396348 0.0323732 9.9973E-05
0.016166 0.0374676 0.324272 0.0361605 9.9982E-05 0.561577 0.0241572 9.9982E-05
0.00170472 0.000503903 0.210843 0.110312 0.0644698 0.542578 9.9991E-05 0.0694879
9.9964E-05 9.9964E-05 0.371084 9.9964E-05 9.9964E-05 0.508121 0.0236838 0.0967111
0.216369 0.0682684 0.713496 0.00146687 9.9964E-05 9.9964E-05 9.9964E-05 9.9964E-05
0.157025 0.0918925 0.0647096 0.159735 9.9982E-05 0.387651 9.9982E-05 0.138787
9.9973E-05 0.0603309 0.126889 0.0843346 9.9973E-05 0.691341 0.0368043 9.9973E-05
0.111681 9.9991E-05 0.14464 0.00909895 0.0815441 0.502534 0.0628007 0.0876014
9.9982E-05 9.9982E-05 0.475517 0.00912961 0.13885 0.291171 0.0313327 0.0537998
9.9964E-05 9.9964E-05 0.351442 0.0486998 9.9964E-05 0.544381 0.0550779 9.9964E-05
0.183221 9.9973E-05 0.279015 9.9973E-05 0.00479111 0.498168 0.0345051 9.9973E-05
9.9964E-05 9.9964E-05 0.593813 0.0165331 9.9964E-05 0.268062 9.9964E-05 0.121192
0.0917387 0.0615699 0.378077 9.9973E-05 9.9973E-05 0.456062 0.0122528 9.9973E-05
0.0485388 0.0948012 0.242319 9.9982E-05 9.9982E-05 0.500337 0.0891461 0.0246581
0.309975 0.0694501 0.0685722 0.214423 0.0989741 0.233808 0.00381425 0.000982998
0.229172 0.103201 0.0304006 0.136698 0.0346903 0.448109 0.0176292 9.9991E-05
0.0948728 0.063577 0.00171656 0.164204 9.9982E-05 0.557226 0.118204 9.9982E-05
0.149346 0.0956243 0.160439 0.00600584 0.0106977 0.503768 0.00513216 0.068987
0.232539 0.0593651 0.0993431 0.0896707 0.027011 0.422952 0.0690193 9.9991E-05
0.196729 0.0135231 9.9982E-05 0.0392854 0.0810472 0.611867 9.9982E-05 0.0573479
0.239333 0.113295 9.9964E-05 0.132052 9.9964E-05 0.51492 9.9964E-05 9.9964E-05
0.118863 9.9982E-05 0.095427 0.0452629 0.101237 0.617317 0.0216934 9.9982E-05
0.164673 0.0265178 9.9982E-05 0.119566 0.0396959 0.584611 9.9982E-05 0.0647357
0.134836 0.0360413 0.0626832 0.0720571 0.0356636 0.622443 0.0361758 9.9991E-05
0.318812 9.9982E-05 0.056822 0.0668123 0.000124182 0.533856 0.023373 9.9982E-05
0.165266 9.9982E-05 0.109315 0.0691745 0.064115 0.523473 9.9982E-05 0.0684563
0.0846385 0.131243 0.0908472 0.0879257 9.9982E-05 0.482432 9.9982E-05 0.122714
0.201682 9.9973E-05 0.0462566 0.112626 9.9973E-05 0.610956 9.9973E-05 0.0281794
0.157722 0.0977351 0.000460499 9.9991E-05 0.0805445 0.589562 0.0207461 0.0531301
0.222227 9.9991E-05 0.0721226 0.0457439 0.0376743 0.472913 0.00739664 0.141822
0.215552 0.109895 9.9982E-05 0.114003 0.183347 0.366692 0.0103108 9.9982E-05
0.244761 9.9982E-05 0.000558086 0.104257 0.00439721 0.567889 9.9982E-05 0.0779367
0.103174 9.9964E-05 9.9964E-05 0.08581 0.0968305 0.713785 9.9964E-05 9.9964E-05
0.431275 0.0107559 0.178001 0.101135 9.9991E-05 0.165131 0.0205078 0.0930941
0.273578 9.9991E-05 0.0478337 0.248683 0.188754 0.187253 0.0418186 0.0119805
0.278276 9.9991E-05 0.0224919 0.0811382 0.0265856 0.512113 0.0333084 0.0459871
0.31776 9.9982E-05 0.149399 0.284827 0.129477 0.0818502 9.9982E-05 0.0364864
0.345288 0.0699787 0.106287 0.135313 0.00506634 0.310919 0.0270485 9.9991E-05
0.329726 0.0451153 0.162443 0.0203496 9.9973E-05 0.442067 9.9973E-05 9.9973E-05
0.43048 0.0156758 0.207177 9.9973E-05 9.9973E-05 0.282352 0.0640155 9.9973E-05
0.429713 9.9973E-05 0.103468 0.0895753 9.9973E-05 0.364008 9.9973E-05 0.0129352
9.9982E-05 0.0524498 0.123577 0.0920718 0.0314154 0.645508 0.0547784 9.9982E-05
0.108136 0.0579882 9.9982E-05 0.137828 0.0479897 0.503047 9.9982E-05 0.14481
0.143268 0.049852 0.128122 0.109547 0.00916876 0.55711 0.00283279 9.9991E-05
0.330678 9.9982E-05 0.157356 0.0733213 0.24086 0.145422 9.9982E-05 0.0521615
0.12117 0.134505 0.0480162 0.0800055 0.119259 0.496844 9.9982E-05 9.9982E-05
0.084718 9.9973E-05 0.0440124 9.9973E-05 0.304589 0.482542 9.9973E-05 0.0838385
0.0922748 0.0793001 0.230501 0.140039 0.414715 9.9982E-05 0.0429696 9.9982E-05
9.9991E-05 0.105666 0.0554769 0.0746273 0.123136 0.510472 0.0209582 0.109564
9.9982E-05 0.10066 0.213503 0.109939 0.25197 0.314242 9.9982E-05 0.009485
0.031542 0.0885422 0.135536 0.104001 0.171392 0.360632 9.9991E-05 0.108255
0.0826488 0.0138782 0.169336 0.021769 0.443529 0.214411 9.9991E-05 0.0543281
0.172496 0.0478211 0.034646 0.109775 0.414482 0.198902 0.0217774 9.9991E-05
0.188745 9.9973E-05 0.0821778 0.146198 0.132699 0.449879 9.9973E-05 9.9973E-05
0.0212217 0.129564 0.0927738 0.160069 0.0873589 0.423374 9.9991E-05 0.0855383
0.0935189 0.168589 0.118204 0.120729 0.0641502 0.37671 9.9991E-05 0.0579989
0.108534 0.0033157 0.269041 0.0230464 0.395672 9.9991E-05 0.0294704 0.170821
0.0229409 0.00050279 0.00906277 0.166607 0.104058 0.606904 0.0553804 0.0345443
0.102052 9.9973E-05 0.207748 0.0277762 0.280116 0.382007 9.9973E-05 9.9973E-05
0.0437813 9.9973E-05 0.0755605 0.146694 0.256255 0.47741 9.9973E-05 9.9973E-05
0.102932 0.0954282 9.9982E-05 0.0903406 0.0579669 0.606319 0.0468127 9.9982E-05
0.00551096 0.242481 0.0409035 0.0669412 0.208296 0.0858649 0.0690872 0.280916
9.9964E-05 0.475803 9.9964E-05 9.9964E-05 0.387295 9.9964E-05 0.00926749 0.127234
9.9973E-05 0.381011 9.9973E-05 0.00869399 0.456487 9.9973E-05 0.0122693 0.141239
0.0134878 0.34704 9.9982E-05 9.9982E-05 0.225238 0.0687522 0.0247326 0.32055
9.9955E-05 9.9955E-05 0.0557014 9.9955E-05 0.283437 0.660362 9.9955E-05 9.9955E-05
9.9982E-05 0.116231 0.0358673 0.143864 0.108591 0.488157 9.9982E-05 0.107089
9.9955E-05 9.9955E-05 9.9955E-05 9.9955E-05 9.9955E-05 0.293079 0.000248261 0.706173
0.126866 0.00500959 0.0479435 0.0682048 9.9991E-05 0.357071 0.00526088 0.389543
0.0294487 0.0891953 0.077631 0.0896146 9.9982E-05 0.331736 9.9982E-05 0.382175
9.9973E-05 9.9973E-05 0.101932 0.197843 0.31023 0.353804 0.0358902 9.9973E-05
9.9982E-05 0.0179843 0.113806 0.155667 0.149907 0.467303 9.9982E-05 0.0951322
9.9973E-05 9.9973E-05 0.106561 0.166002 0.492848 0.227752 9.9973E-05 0.00653697
0.00834906 0.022498 0.0117457 0.0845202 0.230068 0.630535 0.0121838 9.9991E-05
0.102633 0.0183244 0.0755945 0.104589 0.188985 0.480981 9.9991E-05 0.0287931
0.0279083 0.0622044 9.9982E-05 0.0279333 0.286438 0.543865 9.9982E-05 0.0514506
0.0351022 9.9973E-05 0.180843 0.09816 0.436235 0.24936 9.9973E-05 9.9973E-05
9.9973E-05 0.0188417 0.0939534 9.9973E-05 0.152507 0.680925 9.9973E-05 0.053473
0.0435703 0.0849729 0.130063 0.0235511 0.168373 0.539129 9.9991E-05 0.01024
9.9964E-05 9.9964E-05 0.0210258 0.0119314 9.9964E-05 0.0246529 9.9964E-05 0.94199
9.9946E-05 9.9946E-05 9.9946E-05 9.9946E-05 9.9946E-05 0.100973 9.9946E-05 0.898427
9.9973E-05 0.0410725 0.0806596 9.9973E-05 9.9973E-05 0.230463 0.00460072 0.642904
0.0255684 9.9964E-05 9.9964E-05 9.9964E-05 9.9964E-05 0.288406 0.0122706 0.673355
0.0147884 0.0311874 0.0266814 9.9973E-05 9.9973E-05 0.126722 9.9973E-05 0.800321
9.994E-05 9.994E-05 9.994E-05 9.994E-05 9.994E-05 9.994E-05 9.994E-05 0.9993
0.0125723 9.9964E-05 0.00854076 9.9964E-05 9.9964E-05 9.9964E-05 0.00381795 0.974669
9.9946E-05 9.9946E-05 9.9946E-05 9.9946E-05 9.9946E-05 0.151896 9.9946E-05 0.847504
0.0283852 9.9946E-05 9.9946E-05 9.9946E-05 9.9946E-05 9.9946E-05 9.9946E-05 0.971015
9.994E-05 9.994E-05 9.994E-05 9.994E-05 9.994E-05 9.994E-05 9.994E-05 0.9993
9.9946E-05 9.9946E-05 9.9946E-05 9.9946E-05 9.9946E-05 9.9946E-05 0.0230104 0.97639
9.9964E-05 9.9964E-05 9.9964E-05 0.00986163 9.9964E-05 0.185543 0.0959003 0.708295
0.0424841 0.0782057 9.9964E-05 9.9964E-05 9.9964E-05 0.183047 9.9964E-05 0.695863
9.9946E-05 9.9946E-05 9.9946E-05 9.9946E-05 9.9946E-05 9.9946E-05 0.0298538 0.969546
0.0111867 0.101714 0.0285957 0.039832 0.0780933 0.345634 9.9991E-05 0.394844
0.0285015 0.0455914 0.00236859 9.9982E-05 9.9982E-05 0.247625 0.0446475 0.631066
0.0453823 9.9973E-05 9.9973E-05 9.9973E-05 0.0195075 0.180355 0.0291393 0.725316
0.01947 0.0243542 9.9964E-05 9.9964E-05 9.9964E-05 0.0704761 9.9964E-05 0.8853
9.9955E-05 9.9955E-05 0.0231121 9.9955E-05 9.9955E-05 0.0097017 9.9955E-05 0.966686
9.9955E-05 0.0571973 9.9955E-05 9.9955E-05 9.9955E-05 0.117714 9.9955E-05 0.824589
9.9946E-05 9.9946E-05 9.9946E-05 9.9946E-05 9.9946E-05 9.9946E-05 0.00903092 0.990369
0.111969 0.0054644 9.9973E-05 0.0346547 9.9973E-05 0.197848 9.9973E-05 0.649764
0.0493942 9.9964E-05 0.0465947 9.9964E-05 9.9964E-05 9.9964E-05 0.0148116 0.8888
9.9973E-05 0.262034 0.0147717 0.0805052 0.587295 9.9973E-05 9.9973E-05 0.0550943
0.0899165 0.118428 9.9991E-05 0.0211321 0.246651 0.381835 0.0432323 0.0987054
9.9973E-05 0.184743 0.0417672 9.9973E-05 0.266557 0.465686 9.9973E-05 0.0409479
9.9982E-05 0.167648 0.106519 9.9982E-05 0.446859 0.090036 0.0318806 0.156857
9.9973E-05 0.147651 9.9973E-05 0.0289809 0.178919 0.528763 9.9973E-05 0.115386
9.9991E-05 0.135387 0.0926141 0.0210568 0.431444 0.13044 0.0661266 0.122832
0.118668 0.206202 0.0182901 0.0189394 0.113862 0.431174 0.00597359 0.0868909
9.9982E-05 0.095039 0.00938468 9.9982E-05 0.407805 0.268092 0.0161154 0.203364
9.9991E-05 0.00481396 0.0631679 0.0846044 0.245867 0.340455 0.0850825 0.175908
9.9982E-05 0.0853643 9.9982E-05 0.0064666 0.327038 0.38537 0.0598486 0.135712
9.9973E-05 0.180195 9.9973E-05 0.104447 0.15367 0.464407 9.9973E-05 0.096981
0.035112 0.843775 9.9973E-05 0.0251434 0.0247885 0.0708811 9.9973E-05 9.9973E-05
9.9982E-05 0.828731 0.00161867 0.00244346 9.9982E-05 0.0147425 0.0970273 0.0552373
0.0186566 0.907727 0.0243922 9.9964E-05 9.9964E-05 9.9964E-05 0.0488244 9.9964E-05
0.0444072 0.88109 9.9964E-05 9.9964E-05 9.9964E-05 0.0319646 0.042138 9.9964E-05
0.0633568 0.782342 9.9973E-05 9.9973E-05 0.011403 9.9973E-05 0.109167 0.0334318
9.9973E-05 0.774853 0.00676188 0.0445255 9.9973E-05 9.9973E-05 0.107065 0.0664951
9.9964E-05 0.801279 9.9964E-05 9.9964E-05 9.9964E-05 0.0202343 0.105445 0.0726422
0.0292279 0.827297 9.9982E-05 0.0346596 0.0502024 0.00671477 0.0516984 9.9982E-05
9.9982E-05 0.875907 0.0174682 0.0242427 9.9982E-05 0.0519351 0.0184486 0.0117984
0.0390429 0.817653 9.9982E-05 9.9982E-05 0.0118731 0.0395677 0.0330792 0.0585838
0.174943 0.611878 0.0818619 0.0878358 9.9973E-05 9.9973E-05 0.0431806 9.9973E-05
0.285153 0.583417 0.0816232 0.00663319 9.9973E-05 9.9973E-05 0.042874 9.9973E-05
0.251871 0.486111 0.0788332 9.9973E-05 0.13815 9.9973E-05 0.0447342 9.9973E-05
0.274218 0.54735 0.144093 9.9964E-05 0.0339396 9.9964E-05 9.9964E-05 9.9964E-05
0.128749 0.0703678 0.301907 9.9973E-05 9.9973E-05 0.472184 0.0264925 9.9973E-05
0.0793381 0.00628108 0.287529 0.0995097 9.9982E-05 0.48525 9.9982E-05 0.0418921
0.173154 0.0236414 0.0961067 0.00551434 0.110568 0.567481 0.0234349 9.9991E-05
0.220946 0.0183657 0.20008 9.9982E-05 0.0763171 0.418824 0.065267 9.9982E-05
0.663024 9.9964E-05 0.165421 9.9964E-05 9.9964E-05 0.152699 0.0184562 9.9964E-05
9.9982E-05 0.0468964 0.216405 0.0594401 9.9982E-05 0.646591 0.0127795 0.0176877
0.0559624 0.0339264 0.271209 0.0240114 9.9982E-05 0.597717 9.9982E-05 0.0169734
0.0734559 0.010697 0.240551 0.0295119 0.0706037 0.574981 9.9982E-05 9.9982E-05
9.9964E-05 9.9964E-05 0.529682 0.0532695 9.9964E-05 0.296161 9.9964E-05 0.120487
0.127555 0.104054 0.0729284 0.00463812 0.0304331 0.660192 9.9982E-05 9.9982E-05
0.112377 0.022689 0.42168 0.0776068 9.9973E-05 0.365348 9.9973E-05 9.9973E-05
0.0309933 9.9973E-05 0.707539 0.244823 0.0161679 9.9973E-05 0.00017645 9.9973E-05
0.119993 0.114754 0.163224 0.0360079 0.0371628 0.528658 9.9982E-05 9.9982E-05
9.9964E-05 9.9964E-05 0.532643 0.0536227 0.133081 0.280254 9.9964E-05 9.9964E-05
0.047771 9.9982E-05 0.281619 0.0798036 0.040431 0.547945 9.9982E-05 0.00223066
0.205924 0.0575246 0.67172 9.9973E-05 9.9973E-05 0.0515896 9.9973E-05 0.0129421
0.710025 0.12883 9.9955E-05 9.9955E-05 0.160645 9.9955E-05 9.9955E-05 9.9955E-05
0.702291 0.120934 9.9964E-05 9.9964E-05 0.0880332 0.0883413 9.9964E-05 9.9964E-05
0.84917 0.0601812 9.9955E-05 0.0901493 9.9955E-05 9.9955E-05 9.9955E-05 9.9955E-05
0.8074 0.116094 0.0534233 9.9964E-05 0.0226829 9.9964E-05 9.9964E-05 9.9964E-05
0.881584 9.9955E-05 9.9955E-05 9.9955E-05 0.0901204 9.9955E-05 9.9955E-05 0.0277957
0.818655 0.0775875 9.9982E-05 9.9982E-05 0.00887788 0.0653494 0.0228431 0.00648687
9.9982E-05 0.75816 0.00252811 0.0308789 9.9982E-05 0.0605413 0.085723 0.0619682
0.0686151 0.781991 9.9964E-05 9.9964E-05 9.9964E-05 0.11842 9.9964E-05 0.0305736
0.00226588 0.678016 9.9973E-05 9.9973E-05 9.9973E-05 0.130627 0.0974089 0.0913824
0.0825864 0.700815 9.9973E-05 9.9973E-05 9.9973E-05 0.0433254 0.0366714 0.136302
0.0255203 0.753104 9.9982E-05 9.9982E-05 0.0110953 0.0956972 0.0135277 0.100856
0.534985 0.389746 0.00963432 9.9973E-05 0.0536212 9.9973E-05 0.0117135 9.9973E-05
0.328554 0.463408 0.0781241 0.0458768 0.0837378 9.9973E-05 9.9973E-05 9.9973E-05
0.430844 0.452966 0.00764981 0.0843242 9.9973E-05 9.9973E-05 0.0239163 9.9973E-05
9.994E-05 9.994E-05 9.994E-05 9.994E-05 9.994E-05 9.994E-05 0.9993 9.994E-05
0.50506 0.347885 0.0416911 0.00755033 0.0688136 9.9982E-05 0.0287992 9.9982E-05
9.9973E-05 0.221419 9.9973E-05 0.0180575 0.174665 0.216577 9.9973E-05 0.368982
9.9973E-05 0.101548 9.9973E-05 9.9973E-05 0.0933151 0.559344 0.017676 0.227817
9.9964E-05 0.127613 9.9964E-05 9.9964E-05 9.9964E-05 0.465647 0.0730237 0.333316
0.031432 0.196189 0.025739 9.9982E-05 0.100467 0.397948 9.9982E-05 0.248026
0.0733934 0.178823 9.9982E-05 9.9982E-05 0.0696439 0.586603 0.0170189 0.0743182
9.9964E-05 0.442271 9.9964E-05 0.0272074 0.222613 9.9964E-05 9.9964E-05 0.307508
0.298064 9.9973E-05 0.0663433 9.9973E-05 0.151984 0.481615 9.9973E-05 0.00169374
0.14545 0.0307108 0.0754812 0.214541 0.140551 0.346507 0.0424904 0.00426844
0.502631 0.0230108 0.00652411 0.0792969 0.0280345 0.240144 0.0543891 0.0659687
0.119451 9.9973E-05 0.118872 0.277136 0.0419925 0.442249 9.9973E-05 9.9973E-05
0.148532 9.9964E-05 0.187685 0.374517 0.288866 9.9964E-05 9.9964E-05 9.9964E-05
0.137997 0.0840393 0.0267964 9.9991E-05 0.0654267 0.591028 0.0236515 0.0709606
0.185172 0.0218465 0.133253 0.102787 0.0678283 0.479691 0.00932293 9.9991E-05
0.443337 9.9982E-05 0.0497238 0.0532295 0.0593671 0.372938 0.0212051 9.9982E-05
0.116996 0.0924585 0.0476003 0.0906027 0.0121185 0.623299 9.9991E-05 0.0168255
0.215767 9.9973E-05 0.232306 0.172772 0.255699 0.123155 9.9973E-05 9.9973E-05
0.201316 9.9982E-05 0.00175749 0.112435 0.117828 0.530361 9.9982E-05 0.0361028
0.299533 9.9991E-05 0.0477675 0.0346466 0.000545904 0.513402 0.0414496 0.0625547
0.0917785 0.10942 0.0872826 0.0527996 0.103337 0.384908 9.9991E-05 0.170375
0.24157 9.9973E-05 0.0179839 0.240859 0.0782571 0.42103 9.9973E-05 9.9973E-05
0.184714 0.0663529 0.0698125 0.172655 0.0103281 0.495938 9.9982E-05 9.9982E-05
0.0591019 9.9982E-05 0.102596 0.176182 0.12802 0.462453 9.9982E-05 0.071448
0.133986 0.0240241 0.123737 0.0970734 0.121136 0.499844 9.9982E-05 9.9982E-05
0.106542 0.0531413 0.0193587 0.062886 0.043913 0.562626 0.0568414 0.0946923
0.145262 0.0397677 0.109664 0.0731296 9.9991E-05 0.521221 0.0245085 0.0863472
0.140397 9.9991E-05 0.108178 0.00501936 0.140591 0.526369 0.0669374 0.0124078
9.9955E-05 0.768383 9.9955E-05 9.9955E-05 9.9955E-05 0.121766 9.9955E-05 0.109352
9.9964E-05 0.827361 9.9964E-05 0.0422573 9.9964E-05 0.10159 0.0283923 9.9964E-05
0.0708842 0.79478 9.9964E-05 9.9964E-05 0.0163353 0.1176 9.9964E-05 9.9964E-05
0.0250162 0.806909 0.0579593 0.00900902 9.9991E-05 0.0454459 0.0367023 0.018858
9.9964E-05 0.775772 9.9964E-05 9.9964E-05 9.9964E-05 0.114067 0.0845626 0.0251979
0.582424 9.9982E-05 0.0555037 0.0798033 0.0404942 0.195926 9.9982E-05 0.0456482
0.0593424 0.0547272 0.107397 0.144097 0.0759876 0.463499 0.0220823 0.0728668
0.0424696 0.143638 0.00343592 0.0556836 0.183376 0.373053 9.9991E-05 0.198244
0.141706 0.046378 0.00250798 0.0370452 0.0637621 0.627505 0.0279278 0.0531682
0.170479 0.0598667 0.155324 0.0344685 9.9982E-05 0.559109 0.0205525 9.9982E-05
0.347779 9.9982E-05 9.9982E-05 0.133379 0.222792 0.270518 0.017501 0.00783079
0.543826 0.0896867 0.146213 9.9973E-05 0.182252 9.9973E-05 0.0377221 9.9973E-05
0.251255 9.9982E-05 0.00713652 0.082321 0.0410808 0.567356 0.0506505 9.9982E-05
0.461666 0.0123844 0.130017 0.157684 9.9991E-05 0.115454 0.0609863 0.0617085
0.206964 0.0572943 0.0674889 9.9982E-05 0.175983 0.488678 0.0033922 9.9982E-05
0.464537 0.161354 0.112475 0.147491 9.9991E-05 0.108109 0.00225148 0.00368236
0.190296 0.0492551 0.0525082 0.0272042 0.00348596 0.510791 0.0466019 0.119859
0.563009 0.0589926 0.169918 0.0251354 9.9991E-05 0.136219 0.0377238 0.00890293
0.273372 0.00083592 0.0569244 0.138804 0.0680213 0.316942 0.0602738 0.0848261
0.135424 0.014721 0.0610502 0.176459 0.0486034 0.408303 0.00618177 0.149258
0.104687 9.9964E-05 9.9964E-05 0.158789 0.422503 0.313621 9.9964E-05 9.9964E-05
0.0864292 0.0177719 0.0333978 9.9973E-05 0.265183 0.596918 9.9973E-05 9.9973E-05
9.9982E-05 0.0537186 0.0579281 9.9982E-05 0.251691 0.493064 0.0377873 0.105611
0.0396325 9.9973E-05 0.0455668 0.0862413 0.436593 0.391666 9.9973E-05 9.9973E-05
0.0987947 0.0554985 0.0221402 0.112748 0.113153 0.545745 0.0033519 0.0485694
9.9973E-05 0.0312747 0.066667 0.136721 0.251052 0.513985 9.9973E-05 9.9973E-05
0.0807845 9.9973E-05 0.130531 0.0859497 0.595586 0.106849 9.9973E-05 9.9973E-05
0.0452824 9.9973E-05 0.059296 0.0934118 0.532656 0.269054 9.9973E-05 9.9973E-05
0.0434236 0.0186768 0.0383988 0.0668048 0.314954 0.505711 0.0119303 9.9991E-05
0.0446595 9.9982E-05 0.158334 0.107301 0.477849 0.211216 0.000440288 9.9982E-05
0.131354 9.9964E-05 0.0331862 9.9964E-05 0.348903 0.486158 9.9964E-05 9.9964E-05
0.64133 0.0260627 0.165029 0.0176521 9.9991E-05 0.141228 0.00695723 0.00164181
0.327638 9.9982E-05 0.0300146 0.343227 0.0538822 0.244711 9.9982E-05 0.000327292
0.342033 9.9982E-05 0.0848206 0.173295 9.9982E-05 0.282492 0.000300562 0.116859
0.207485 9.9973E-05 0.0384999 9.9973E-05 9.9973E-05 0.616525 0.055704 0.0814862
0.481003 9.9991E-05 0.186272 0.0477516 0.0181513 0.213401 0.00736236 0.0459597
0.147702 0.0354744 9.9982E-05 0.247804 9.9982E-05 0.374102 0.052478 0.14224
0.216805 0.0821958 0.0254409 9.9982E-05 9.9982E-05 0.565832 0.0325778 0.0769488
0.265605 9.9973E-05 0.0839016 0.0749572 9.9973E-05 0.474428 9.9973E-05 0.100808
0.288122 0.0388931 0.0602787 0.0668905 0.0419077 0.412904 0.00332107 0.087683
0.294872 0.0200609 0.187572 0.0224582 9.9991E-05 0.369613 0.0412631 0.0640599
0.499163 9.9964E-05 0.201053 9.9964E-05 9.9964E-05 0.178314 9.9964E-05 0.12107
0.46368 9.9973E-05 0.0313056 0.0716175 9.9973E-05 0.305842 9.9973E-05 0.127255
0.202924 9.9973E-05 0.0106065 0.129083 9.9973E-05 0.613994 9.9973E-05 0.043092
0.125984 0.094133 0.181191 9.9982E-05 9.9982E-05 0.507994 0.020318 0.0701802
0.122625 0.079373 0.134635 0.0709337 0.143439 0.413624 0.035271 9.9991E-05
0.218863 9.9973E-05 9.9973E-05 0.207503 0.0353865 0.467193 9.9973E-05 0.070755
0.36043 0.0765341 9.9982E-05 9.9982E-05 0.0603792 0.364686 0.0374577 0.100312
0.285981 0.040215 0.00131079 0.038736 9.9982E-05 0.609816 9.9982E-05 0.0237412
0.267963 0.0070726 9.9982E-05 0.144014 9.9982E-05 0.512312 0.0447057 0.0237327
0.167755 0.0490632 0.00855968 0.0938451 0.000268169 0.48512 0.00610881 0.189279
9.9982E-05 0.312175 0.0296104 9.9982E-05 0.0794774 0.427227 0.0489817 0.102328
9.9982E-05 0.0565275 0.0719762 9.9982E-05 0.142649 0.440233 0.081338 0.207077
0.113496 0.0806135 0.0539591 0.0364533 0.100652 0.455129 0.0285213 0.131175
0.0451507 0.0679304 0.0626215 0.0912042 9.9991E-05 0.534873 0.0501515 0.147968
9.9982E-05 0.17887 0.0602915 0.0591003 9.9982E-05 0.463088 0.0342748 0.204175
0.154147 9.99767E-05 9.99767E-05 0.208076 0.14097 0.482111 9.99767E-05 0.014396
0.0290483 0.112203 0.0692531 0.00806629 0.137058 0.506724 0.00910918 0.128538
9.9982E-05 0.234319 0.171955 0.0683146 0.373927 0.0257203 9.9982E-05 0.125565
0.125299 0.0524806 9.9982E-05 9.9982E-05 0.130721 0.507153 0.00315678 0.18099
0.135019 0.0813239 9.9973E-05 9.9973E-05 9.9973E-05 0.546143 0.0974548 0.13976
0.0579207 0.0298209 0.120534 0.0461712 0.0559447 0.426504 0.0229594 0.240144
0.0641858 0.161229 0.0850958 0.0473924 0.206876 0.266524 0.0342441 0.134453
9.9973E-05 0.157356 0.016463 9.9973E-05 0.154356 0.498976 9.9973E-05 0.172549
9.9982E-05 0.0747192 9.9982E-05 0.0705037 0.0882776 0.532595 0.0331245 0.20058
9.9964E-05 0.419636 9.9964E-05 9.9964E-05 0.31197 9.9964E-05 0.0635918 0.204402
9.9973E-05 0.145151 9.9973E-05 9.9973E-05 0.151913 0.444013 0.0810982 0.177525
0.00206583 0.132786 0.131892 9.9991E-05 0.0291964 0.395247 0.0275312 0.281182
0.0274369 0.0937415 0.042117 0.0171253 0.141053 0.558836 9.9991E-05 0.119591
9.9973E-05 0.12807 9.9973E-05 9.9973E-05 0.121528 0.548583 0.0283955 0.173124
0.0453042 0.108279 0.0841945 0.0516789 0.0783501 0.514881 0.0353035 0.0820089
0.0839472 9.9982E-05 0.0678699 0.417428 9.9982E-05 0.364087 0.0278532 0.0386144
0.0258166 0.0739541 9.9982E-05 0.241151 0.0533663 0.5282 0.0773117 9.9982E-05
0.0821913 9.9955E-05 0.0426237 0.874685 9.9955E-05 9.9955E-05 9.9955E-05 9.9955E-05
0.0756831 9.9964E-05 0.0147874 0.892522 0.016608 9.9964E-05 9.9964E-05 9.9964E-05
0.0487071 0.00154011 0.0209693 0.384796 9.9991E-05 0.421807 0.041746 0.0803349
0.0303602 0.0896967 0.00786154 0.0536347 0.10578 0.401369 9.9991E-05 0.311198
9.9982E-05 0.10398 9.9982E-05 0.261761 0.0161512 0.276274 0.00877935 0.332855
0.0442851 0.153863 9.9991E-05 0.180956 0.140704 0.137338 0.028744 0.314011
9.9982E-05 0.165959 9.9982E-05 0.260071 0.0137153 0.220027 0.0311497 0.308878
9.9973E-05 0.0623007 9.9973E-05 0.70537 0.149896 0.0502542 9.9973E-05 0.0318791
9.9982E-05 0.10616 9.9982E-05 0.636832 0.0439852 0.131628 0.00552313 0.0756709
9.9964E-05 9.9964E-05 0.0600063 0.368877 9.9964E-05 0.414221 9.9964E-05 0.156497
9.9964E-05 0.0817402 9.9964E-05 0.472148 9.9964E-05 0.335626 9.9964E-05 0.110086
0.017647 0.0408895 9.9982E-05 0.661507 9.9982E-05 0.169359 0.0181683 0.0922298
0.0756293 0.024578 9.9982E-05 0.298818 9.9982E-05 0.466599 0.00356716 0.130608
0.0337883 0.0135838 0.0243245 0.313834 9.9982E-05 0.495903 9.9982E-05 0.118367
9.9991E-05 0.0935097 0.0914435 0.262086 0.0253542 0.376867 0.00597942 0.14466
0.0996697 9.9973E-05 0.0592042 0.554872 9.9973E-05 0.252697 0.0332577 9.9973E-05
0.0712904 0.0355612 9.9973E-05 0.60156 9.9973E-05 0.243217 0.0480713 9.9973E-05
0.0341604 9.9991E-05 0.127988 0.229475 0.00421035 0.452164 0.0993132 0.0525888
0.0612151 9.9991E-05 0.00385367 0.40309 0.0933471 0.345159 0.0465552 0.0466794
0.068708 0.0188737 9.9991E-05 0.112977 0.188581 0.430455 0.0471021 0.133204
9.9964E-05 0.000267118 9.9964E-05 0.461041 0.0613389 0.476953 9.9964E-05 9.9964E-05
0.0647164 9.9955E-05 9.9955E-05 0.782475 9.9955E-05 0.152309 9.9955E-05 9.9955E-05
9.9973E-05 0.0264838 0.0300521 0.366172 0.00943394 0.567558 9.9973E-05 9.9973E-05
0.0558408 9.9973E-05 0.0696043 0.731761 9.9973E-05 0.120457 9.9973E-05 0.022037
0.0251456 0.0190137 9.9973E-05 0.620217 9.9973E-05 0.319467 0.0158563 9.9973E-05
9.9982E-05 0.0112342 0.0158204 0.337582 9.9982E-05 0.486004 0.0905869 0.0585727
9.9964E-05 9.9964E-05 0.0879532 0.39197 9.9964E-05 0.47515 0.0445276 9.9964E-05
9.9982E-05 0.0941028 9.9982E-05 0.0883244 0.0855572 0.523992 0.0384947 0.169329
0.0219129 0.141548 0.0312095 0.109109 0.112091 0.489151 9.9991E-05 0.0948791
0.0168673 0.166425 0.0163381 0.0787893 0.122002 0.318949 9.9991E-05 0.280529
0.114194 0.158877 9.9991E-05 0.0461626 0.101074 0.317278 0.0600063 0.202308
0.0496681 0.148373 0.255487 9.9982E-05 9.9982E-05 0.295107 0.00543308 0.245731
0.0434785 0.130527 0.0182217 0.212717 0.0254732 0.373228 0.0202118 0.176143
9.9973E-05 0.160992 9.9973E-05 0.612393 0.0682598 9.9973E-05 0.0255398 0.132516
9.9982E-05 0.0377773 9.9982E-05 0.121978 0.0398901 0.568235 0.00356404 0.228356
9.9964E-05 0.37291 9.9964E-05 0.483095 0.0721428 9.9964E-05 9.9964E-05 0.0714516
9.9964E-05 0.0215389 9.9964E-05 0.281225 9.9964E-05 0.448864 9.9964E-05 0.247972
9.9955E-05 9.9955E-05 0.137471 0.816882 9.9955E-05 0.0451467 9.9955E-05 9.9955E-05
9.9955E-05 9.9955E-05 0.116285 0.872027 9.9955E-05 9.9955E-05 0.0111885 9.9955E-05
9.9964E-05 9.9964E-05 0.0474324 0.494542 9.9964E-05 0.423401 0.0342248 9.9964E-05
9.9973E-05 9.9973E-05 9.9973E-05 0.377165 0.0233779 0.497968 0.0240577 0.0771315
9.9955E-05 9.9955E-05 0.00812123 0.595902 9.9955E-05 0.395477 9.9955E-05 9.9955E-05
9.9973E-05 9.9973E-05 0.0721386 0.437876 9.9973E-05 0.460742 0.0192548 0.00968939
9.9955E-05 9.9955E-05 9.9955E-05 0.451647 9.9955E-05 0.532983 0.0148707 9.9955E-05
9.9982E-05 0.735221 0.000379905 0.088775 9.9982E-05 0.0609653 0.0964072 0.0180515
0.098682 0.734385 9.9973E-05 0.0315378 9.9973E-05 9.9973E-05 0.0120359 0.123059
0.019469 0.838136 9.9964E-05 9.9964E-05 9.9964E-05 9.9964E-05 0.0601762 0.081819
9.9964E-05 0.825482 9.9964E-05 0.00530944 9.9964E-05 0.0195051 0.149303 9.9964E-05
0.020292 0.0191456 0.272515 0.0288933 0.0856691 0.472362 0.0646325 0.0364907
0.154258 0.0978151 0.216481 9.9973E-05 9.9973E-05 0.515523 9.9973E-05 0.0156224
0.0324232 9.9973E-05 0.411009 0.00941137 9.9973E-05 0.507119 0.0397382 9.9973E-05
9.9973E-05 0.10298 0.221399 9.9973E-05 9.9973E-05 0.618682 0.0408325 0.0158063
0.0356644 0.124706 0.0926284 9.9982E-05 0.160947 0.524524 9.9982E-05 0.0613302
0.0233366 0.0315078 0.622441 0.0458432 0.0378132 0.232757 9.9991E-05 0.00620074
9.9964E-05 9.9964E-05 0.354772 0.0382267 9.9964E-05 0.556014 0.0505874 9.9964E-05
9.9973E-05 9.9973E-05 0.452174 0.0412167 0.134208 0.361195 0.0109062 9.9973E-05
9.9982E-05 0.203028 9.9982E-05 0.082632 0.0144303 0.478713 0.0209838 0.200014
0.0492694 9.9973E-05 0.371818 0.140085 9.9973E-05 0.361367 9.9973E-05 0.0771608
0.127888 9.9973E-05 0.544583 0.00774904 9.9973E-05 0.295455 0.0240256 9.9973E-05
0.0422531 9.9964E-05 0.288963 0.123116 9.9964E-05 0.545268 9.9964E-05 9.9964E-05
0.0945429 9.9955E-05 0.460086 9.9955E-05 9.9955E-05 0.444871 9.9955E-05 9.9955E-05
9.9964E-05 9.9964E-05 0.304402 0.0750737 0.0816912 0.538433 9.9964E-05 9.9964E-05
0.0121362 0.0240682 0.303884 0.0512042 9.9982E-05 0.560249 0.048259 9.9982E-05
9.9955E-05 9.9955E-05 0.881605 0.0725169 9.9955E-05 0.0453786 9.9955E-05 9.9955E-05
0.00139364 9.9991E-05 0.635642 0.0284983 0.0492397 0.237575 0.00280277 0.0447478
0.154839 9.9982E-05 0.452899 0.0625944 0.00652714 0.311835 0.0111061 9.9982E-05
9.9946E-05 9.9946E-05 0.8361 9.9946E-05 0.163301 9.9946E-05 9.9946E-05 9.9946E-05
0.120903 0.0325775 0.308769 9.9991E-05 0.0282209 0.459059 0.0409843 0.00938698
9.9964E-05 9.9964E-05 0.611435 0.0132588 0.239042 0.135864 9.9964E-05 9.9964E-05
9.9955E-05 9.9955E-05 0.67689 0.0906199 0.231991 9.9955E-05 9.9955E-05 9.9955E-05
9.9982E-05 0.0499372 0.357722 0.0142934 9.9982E-05 0.527599 0.017141 0.033108
0.0612036 0.0518565 0.673636 9.9973E-05 9.9973E-05 0.202376 0.0106284 9.9973E-05
0.0995917 9.9973E-05 0.398167 9.9973E-05 0.0412833 0.310087 9.9973E-05 0.150571
0.000344838 9.9991E-05 0.135602 0.0341157 0.147318 0.581707 0.00216303 0.0986495
0.0857518 0.0421422 0.34303 9.9973E-05 9.9973E-05 0.510803 9.9973E-05 0.0179728
0.271929 9.9982E-05 0.0478514 0.170649 0.129697 0.33992 9.9982E-05 0.0397534
0.087405 9.9991E-05 0.254352 0.0123334 0.00727563 0.542543 0.0209527 0.0750381
0.0156251 0.0599589 0.421288 9.9982E-05 9.9982E-05 0.422832 0.034778 0.0453186
9.9964E-05 9.9964E-05 0.644703 9.9964E-05 0.0274715 0.314838 0.0125885 9.9964E-05
0.0890337 0.11995 0.24265 0.0107341 0.0104498 0.477592 0.0494911 9.9991E-05
0.261772 0.591202 9.9973E-05 9.9973E-05 0.0797776 0.0109217 0.0560269 9.9973E-05
0.102011 0.69647 0.054367 0.0106457 0.0281364 0.023781 0.0844891 9.9991E-05
0.122461 0.694412 9.9964E-05 9.9964E-05 0.0786432 9.9964E-05 0.104085 9.9964E-05
0.106913 0.721864 0.00716426 0.0437885 0.0173854 9.9982E-05 0.102685 9.9982E-05
0.197168 0.653356 9.9973E-05 9.9973E-05 0.0608108 0.0114655 0.0768997 9.9973E-05
0.105575 0.0720619 0.704512 9.9973E-05 9.9973E-05 0.106345 9.9973E-05 0.0112064
0.0857194 0.0321888 0.628666 0.0266903 0.0606125 0.135305 0.0307188 9.9991E-05
9.9973E-05 9.9973E-05 0.80989 0.0699521 0.0117498 0.075505 9.9973E-05 0.0326033
9.9982E-05 0.0653325 0.0844224 0.0385208 0.139075 0.548025 9.9982E-05 0.124425
0.0880839 0.176576 0.149994 0.0820601 9.9991E-05 0.486314 0.00137752 0.0154946
9.9973E-05 9.9973E-05 0.613289 0.000571543 0.0682267 0.286007 9.9973E-05 0.0316054
9.9982E-05 9.9982E-05 0.277439 0.0256497 0.016089 0.593505 0.0229316 0.0641852
9.9982E-05 0.025718 0.464674 0.0911363 0.0189838 0.372636 9.9982E-05 0.0266522
0.0567224 0.0598111 0.172991 9.9973E-05 0.084793 0.625382 9.9973E-05 9.9973E-05
0.0111993 0.018957 0.303774 0.0406419 0.0246564 0.541068 0.0129091 0.0467949
0.125082 9.9964E-05 0.613149 9.9964E-05 9.9964E-05 0.205692 9.9964E-05 0.0556767
0.0444098 9.9964E-05 0.628035 9.9964E-05 9.9964E-05 0.28223 0.0449251 9.9964E-05
0.144541 9.9955E-05 0.540976 9.9955E-05 9.9955E-05 0.313984 9.9955E-05 9.9955E-05
0.0192211 0.0644 9.9973E-05 0.000433014 0.23328 0.682366 9.9973E-05 9.9973E-05
0.0856489 9.9964E-05 0.478946 9.9964E-05 9.9964E-05 0.410458 0.0245473 9.9964E-05
0.100132 0.0316106 0.316959 0.0231186 9.9982E-05 0.50426 0.0237201 9.9982E-05
0.00545379 0.0403591 9.9991E-05 0.0359646 0.0604946 0.547507 0.00113909 0.308982
9.9973E-05 0.049559 9.9973E-05 9.9973E-05 0.109419 0.365507 0.0796004 0.395615
9.9982E-05 0.077134 0.00497583 0.0239506 0.00839797 0.414049 9.9982E-05 0.471292
9.9991E-05 0.100428 0.0298804 0.0120075 0.0981201 0.222614 0.0369981 0.499853
0.00409274 0.108087 9.9982E-05 0.0533435 0.0907751 0.47433 9.9982E-05 0.269172
9.9982E-05 0.0201235 0.315189 0.0280419 0.13206 0.453578 9.9982E-05 0.0508083
0.00227223 0.205716 0.0279461 9.9991E-05 0.00756966 0.0343772 0.0538265 0.668192
0.0137143 0.111165 9.9982E-05 0.0755077 9.9982E-05 0.329237 0.0461114 0.424065
0.00816233 0.0353089 0.0413391 9.9991E-05 0.327124 0.422889 0.0558862 0.10919
0.0583155 0.0641467 9.9982E-05 0.0356185 0.212156 0.570141 0.0594228 9.9982E-05
0.0697448 0.0418206 0.103012 9.9982E-05 0.31509 0.425143 0.0449896 9.9982E-05
9.9973E-05 0.103132 0.02864 9.9973E-05 0.241344 0.46215 9.9973E-05 0.164435
0.128653 0.00135241 9.9982E-05 0.00256258 0.176826 0.618349 0.0720576 9.9982E-05
9.9973E-05 0.191679 9.9973E-05 9.9973E-05 0.00345164 0.289877 0.0822122 0.432479
0.119116 0.0809553 0.0501802 9.9973E-05 9.9973E-05 0.351982 9.9973E-05 0.397467
9.9964E-05 0.0840235 9.9964E-05 9.9964E-05 9.9964E-05 0.400328 0.029905 0.485344
0.0427674 0.070925 9.9982E-05 0.0679488 9.9982E-05 0.397874 0.0666249 0.35366
9.9982E-05 0.0463063 9.9982E-05 0.0215598 0.0999882 0.264271 0.043207 0.524468
9.9991E-05 0.0928794 0.0875901 0.02325 0.0081354 0.343343 0.0893194 0.355383
9.9973E-05 0.111214 9.9973E-05 9.9973E-05 0.073392 0.248427 0.0319959 0.534671
0.0732472 0.0975218 9.9982E-05 0.0626031 0.00426908 0.409913 9.9982E-05 0.352246
9.9982E-05 0.0414593 0.0636379 9.9982E-05 0.279509 0.542989 0.016541 0.0556632
0.0269965 0.156961 0.0882994 9.9991E-05 0.0378913 0.332739 0.0479808 0.309032
9.9964E-05 0.162333 9.9964E-05 9.9964E-05 0.0480814 0.176069 9.9964E-05 0.613117
9.9982E-05 0.111819 0.105599 0.0965178 9.9982E-05 0.252588 0.0673774 0.365899
0.213547 0.116617 0.0966949 9.9982E-05 0.303709 0.24923 0.0200028 9.9982E-05
0.0327994 9.9973E-05 9.9973E-05 9.9973E-05 0.306172 0.581465 0.0126544 0.0666099
9.9973E-05 0.146574 9.9973E-05 9.9973E-05 0.0853264 0.442263 0.0420146 0.283522
0.0895023 0.0808176 9.9973E-05 9.9973E-05 0.152874 0.615584 0.060922 9.9973E-05
0.0210217 0.106695 0.0206672 0.00829364 0.281921 0.561201 9.9982E-05 9.9982E-05
0.0577896 0.171228 0.0927322 0.0107096 0.084772 0.381063 0.00131979 0.200385
9.9982E-05 0.218973 0.0308157 0.114127 0.0583624 0.312833 9.9982E-05 0.264689
0.0106286 9.9991E-05 0.0919154 0.0434647 0.164688 0.543104 0.0797117 0.0663876
9.9982E-05 0.0997104 0.135568 9.9982E-05 0.00528422 0.319284 0.00874461 0.431208
9.9973E-05 0.0561957 9.9973E-05 0.0787581 0.0228784 0.392396 9.9973E-05 0.449472
9.9973E-05 0.158184 9.9973E-05 0.0119123 0.0437531 0.168299 9.9973E-05 0.617551
0.0652217 0.0136325 9.9991E-05 0.0257253 0.202707 0.612508 0.0271551 0.0529503
0.0684431 0.0933137 0.0543884 9.9982E-05 0.277781 0.489941 0.0159329 9.9982E-05
0.0219388 0.0248459 0.0739862 0.0341804 0.575068 0.223302 0.0465782 9.9991E-05
0.0198403 0.0536087 0.0262581 9.9991E-05 0.280026 0.574807 0.0329624 0.0123976
0.173617 0.0477592 0.031726 0.0714596 0.180258 0.454648 9.9991E-05 0.0404316
0.0138199 0.165787 0.0345957 9.9991E-05 0.166991 0.445222 0.0262963 0.147188
0.136723 0.0369841 0.00865802 0.193191 0.132728 0.354575 0.0566407 0.0805004
9.9955E-05 0.241841 9.9955E-05 9.9955E-05 0.592664 9.9955E-05 9.9955E-05 0.164996
9.9964E-05 0.139566 9.9964E-05 9.9964E-05 0.684203 9.9964E-05 0.0939764 0.0818542
