9.9964E-05 0.897354 9.9964E-05 9.9964E-05 0.0151474 0.0421999 0.0448991 9.9964E-05
0.0575076 0.918377 9.9964E-05 0.000670338 0.0230453 9.9964E-05 9.9964E-05 9.9964E-05
0.0215798 0.82284 0.0103896 9.9973E-05 0.031542 0.113348 9.9973E-05 9.9973E-05
9.9964E-05 0.79143 0.0979177 9.9964E-05 0.0600409 0.0502115 9.9964E-05 9.9964E-05
9.9973E-05 0.853442 0.0485669 0.033886 9.9973E-05 0.0137709 9.9973E-05 0.0500344
9.9973E-05 0.592373 0.0612503 0.342592 0.00175069 9.9973E-05 9.9973E-05 0.00173345
9.9946E-05 0.816154 9.9946E-05 0.183246 9.9946E-05 9.9946E-05 9.9946E-05 9.9946E-05
9.9964E-05 0.693114 0.0328999 0.175651 0.0979349 9.9964E-05 9.9964E-05 9.9964E-05
0.0469381 0.784002 9.99639E-05 9.99639E-05 0.0903697 9.99639E-05 0.0782906 9.99639E-05
9.9973E-05 0.650874 0.081953 0.214381 9.9973E-05 0.0288195 9.9973E-05 0.0236727
9.9955E-05 0.684337 9.9955E-05 0.253917 0.0612461 9.9955E-05 9.9955E-05 9.9955E-05
0.206096 0.00499006 0.07792 0.042087 0.426696 0.214712 0.0274 9.9991E-05
0.00625158 0.00164234 0.0535061 0.0474434 0.292418 0.526811 0.0718275 9.9991E-05
0.0596663 0.0359498 0.0632896 9.9991E-05 0.364954 0.292552 0.0789949 0.104493
0.10411 0.0170407 0.0769434 0.00134637 0.327743 0.338134 0.12086 0.0138227
0.0636506 0.0880951 0.137395 0.133693 0.185463 0.349525 0.0198696 0.0223083
0.0757586 0.00494535 0.107418 0.0607142 0.0572694 0.590262 0.0563885 0.0472436
0.168258 9.9991E-05 0.17593 0.0795427 0.281093 0.274995 0.0135567 0.00652392
0.197392 0.149558 0.0460737 9.9982E-05 0.257276 0.290094 0.0594066 9.9982E-05
0.0925753 0.0634685 0.0220388 0.180781 0.579611 9.9991E-05 0.00857307 0.0528521
0.164071 0.0306566 0.0893327 0.0845581 0.207663 0.350575 0.00307961 0.0700638
0.0820702 9.9982E-05 9.9982E-05 0.0859182 0.113216 0.471905 0.244454 0.00223687
0.100793 0.0937619 9.9982E-05 0.0781064 0.137081 0.552557 9.9982E-05 0.0375006
0.120161 0.013422 0.111406 0.228609 0.291815 0.230665 0.00382232 9.9991E-05
0.0694291 0.0433818 0.124859 0.0654519 0.0762481 0.521574 0.0700282 0.0290278
0.0442885 9.9991E-05 0.0786146 0.081403 0.193095 0.536766 0.057583 0.00814964
0.171196 0.0874916 0.124362 0.0189222 0.44666 0.150266 0.00100229 9.9991E-05
0.175683 9.9982E-05 0.175833 0.0616136 0.393257 0.118532 0.0748821 9.9982E-05
0.160518 0.00761435 9.9982E-05 0.113589 0.453313 0.204516 9.9982E-05 0.060249
9.9955E-05 0.829151 0.0299195 9.9955E-05 9.9955E-05 0.140429 9.9955E-05 9.9955E-05
9.9946E-05 0.836439 9.9946E-05 9.9946E-05 9.9946E-05 0.162961 9.9946E-05 9.9946E-05
9.9955E-05 0.795231 0.0233018 9.9955E-05 9.9955E-05 0.180968 9.9955E-05 9.9955E-05
0.0441778 0.682136 0.0636702 9.9973E-05 9.9973E-05 0.1196 0.0901163 9.9973E-05
0.250827 9.9973E-05 9.9973E-05 0.174085 0.0665637 0.502711 9.9973E-05 0.00551382
0.319484 0.0877153 0.0762174 9.9973E-05 0.0169615 0.499321 9.9973E-05 9.9973E-05
0.349338 0.030007 0.00843857 9.9973E-05 9.9973E-05 0.610297 9.9973E-05 0.00162005
0.115587 0.114823 9.9982E-05 0.039888 0.514471 0.193563 9.9982E-05 0.0214687
0.53652 9.9982E-05 9.9982E-05 0.0354007 0.0564269 0.329602 0.021535 0.0203145
0.206212 0.0667898 9.9991E-05 0.0294164 0.0401612 0.527222 0.0602344 0.0698645
0.283882 0.0399127 0.0288073 9.9973E-05 9.9973E-05 0.618088 0.0290105 9.9973E-05
0.10949 0.0436676 0.0675842 0.332363 0.0508645 0.39583 9.9982E-05 9.9982E-05
0.185711 0.143478 9.9973E-05 0.163908 0.0273619 0.479241 9.9973E-05 9.9973E-05
0.725236 9.9964E-05 9.9964E-05 9.9964E-05 0.114394 0.103719 0.0562502 9.9964E-05
0.0643045 9.9964E-05 0.156536 0.345828 9.9964E-05 0.432932 9.9964E-05 9.9964E-05
0.196856 9.9982E-05 0.0537609 0.0589695 0.0114337 0.571 9.9982E-05 0.10778
0.16584 0.11983 0.0974881 0.0339698 0.0579067 0.486246 0.0386186 9.9991E-05
0.697536 9.9973E-05 0.0101732 9.9973E-05 9.9973E-05 0.279528 0.00250904 0.00995347
0.274552 0.0847924 9.9964E-05 9.9964E-05 0.0397223 0.600533 9.9964E-05 9.9964E-05
0.185131 0.053766 0.11023 9.9982E-05 9.9982E-05 0.530681 0.101638 0.0183535
0.697889 0.00848639 9.9973E-05 9.9973E-05 0.0388806 9.9973E-05 0.231566 0.0228785
0.23594 9.9982E-05 9.9982E-05 0.0892708 0.369658 0.183856 0.0935761 0.0274991
0.21753 9.9982E-05 9.9982E-05 0.159115 0.186613 0.0726306 0.216386 0.147525
0.00941518 0.110001 0.0118129 0.0914403 0.189056 0.556568 9.9991E-05 0.0316069
9.999E-05 0.0335193 0.0697257 0.163319 0.0808982 0.512109 0.0374174 0.102912
0.0688103 0.0557187 0.00990108 0.12128 0.159533 0.562698 9.9991E-05 0.0219594
0.254557 0.0646672 9.9982E-05 9.9982E-05 0.283208 0.180482 0.0749822 0.141904
0.136338 9.9982E-05 9.9982E-05 0.00153937 0.303133 0.481719 0.0547852 0.0222855
0.0580477 9.9991E-05 0.040321 0.0045855 0.131787 0.531973 0.168466 0.0647197
0.153862 0.0855774 0.0270944 0.127177 0.210157 0.283878 0.033048 0.0792064
0.157835 0.147703 0.00907773 0.0800662 0.314004 0.128804 0.162409 9.9991E-05
0.134593 0.0612077 9.9991E-05 0.0932494 0.0851994 0.52366 0.0878256 0.0141649
0.0432034 0.00657037 0.00822529 9.9991E-05 0.263568 0.463487 0.114549 0.100297
0.199706 0.0482729 9.9982E-05 0.124754 0.449998 9.9982E-05 0.0876317 0.0894374
0.0964695 9.9973E-05 9.9973E-05 9.9973E-05 0.287908 0.510794 0.100785 0.00374391
0.0447451 9.9991E-05 0.0224072 0.0681882 0.0735 0.611135 0.106495 0.0734291
0.0935724 0.0814682 0.0120828 9.9991E-05 0.208576 0.503977 0.050218 0.0500061
0.148938 9.9991E-05 0.0838865 0.096911 0.231619 0.197646 0.0313759 0.209525
0.0852088 0.000156168 0.0169707 9.9991E-05 0.183488 0.499733 0.0786907 0.135652
0.0464073 0.097438 0.000119211 9.9991E-05 0.140379 0.622724 0.0490111 0.0438214
0.205659 0.00242119 9.9982E-05 9.9982E-05 0.352127 0.223714 0.118053 0.0978249
0.38614 9.9955E-05 9.9955E-05 9.9955E-05 0.0858547 0.527506 9.9955E-05 9.9955E-05
0.688118 9.9964E-05 9.9964E-05 0.0232562 0.0860995 0.202127 9.9964E-05 9.9964E-05
0.186869 0.0502619 0.0202296 9.9991E-05 0.0933196 0.504976 0.084795 0.0594491
0.912039 9.9946E-05 9.9946E-05 9.9946E-05 9.9946E-05 9.9946E-05 0.0873617 9.9946E-05
0.908733 9.9964E-05 9.9964E-05 0.00434161 9.9964E-05 9.9964E-05 0.0418818 0.0446437
0.707102 9.9955E-05 9.9955E-05 9.9955E-05 0.0152585 0.27714 9.9955E-05 9.9955E-05
0.499946 9.9973E-05 9.9973E-05 0.0438389 0.0709685 0.383014 0.00193215 9.9973E-05
0.094721 0.135114 9.9982E-05 9.9982E-05 0.0205175 0.612868 0.0802091 0.0563701
0.425259 0.0167065 0.0351756 0.0253571 9.9982E-05 0.443996 0.0533051 9.9982E-05
0.658475 0.00731006 0.0814939 9.9973E-05 0.132813 0.119608 9.9973E-05 9.9973E-05
0.468221 0.0458485 9.9973E-05 9.9973E-05 0.2273 0.218305 9.9973E-05 0.040025
0.240767 0.0795328 0.047203 9.9991E-05 0.0518271 0.406058 0.0742124 0.1003
0.577613 0.026216 0.0770353 0.126343 9.9982E-05 0.1816 9.9982E-05 0.0109927
0.48622 0.0436437 9.9982E-05 0.0638107 0.0193982 0.374462 9.9982E-05 0.0122655
0.60894 0.026549 9.9964E-05 0.0556472 9.9964E-05 0.308464 9.9964E-05 9.9964E-05
0.760145 9.9973E-05 9.9973E-05 0.0158623 0.0200701 9.9973E-05 0.0852724 0.11835
0.163865 0.00976487 9.9982E-05 0.0344119 0.106468 0.643464 0.0418258 9.9982E-05
0.0108776 0.819227 0.0335635 9.9973E-05 0.0537999 0.0822321 9.9973E-05 9.9973E-05
9.9946E-05 0.915671 9.9946E-05 9.9946E-05 9.9946E-05 0.0837295 9.9946E-05 9.9946E-05
9.9964E-05 0.838056 0.0750855 9.9964E-05 9.9964E-05 0.0725242 0.0139348 9.9964E-05
9.9955E-05 0.841864 9.9955E-05 9.9955E-05 9.9955E-05 0.049572 0.108064 9.9955E-05
9.9955E-05 0.872 9.9955E-05 9.9955E-05 9.9955E-05 0.075636 0.0518645 9.9955E-05
0.065136 0.847685 0.0580218 9.9964E-05 9.9964E-05 9.9964E-05 0.0287577 9.9964E-05
9.9964E-05 0.881468 9.9964E-05 0.0289591 9.9964E-05 0.0558433 0.0333299 9.9964E-05
0.265638 0.0934737 0.0214885 0.176758 9.9991E-05 0.384513 0.0314047 0.0266248
0.28447 0.0833518 0.0958045 0.000753292 9.9982E-05 0.472528 9.9982E-05 0.0628929
0.752876 0.0420025 9.9982E-05 0.00922279 0.0600183 0.0915101 9.9982E-05 0.0441699
0.189579 0.0393344 0.0825775 0.147772 0.0677814 0.463125 9.9991E-05 0.00973051
0.42548 0.0615905 0.0228829 0.100275 0.0390826 0.350489 9.9982E-05 9.9982E-05
0.288506 0.0643692 9.9973E-05 0.0139772 0.0364105 0.596437 9.9973E-05 9.9973E-05
0.244217 0.0343101 0.0377378 0.106501 9.9982E-05 0.509324 9.9982E-05 0.0677099
0.466689 0.0168209 0.0933355 0.0259771 9.9973E-05 0.396877 9.9973E-05 9.9973E-05
0.804242 0.0974231 9.9955E-05 9.9955E-05 0.0978348 9.9955E-05 9.9955E-05 9.9955E-05
0.201531 0.155921 9.9982E-05 0.0191594 9.9982E-05 0.55083 0.0292636 0.0430947
0.230022 0.0157101 0.0195746 0.051661 0.0320301 0.633723 9.9991E-05 0.0171789
0.11254 0.0801877 0.0655224 0.162568 0.0902542 0.441492 9.9991E-05 0.047335
0.545245 0.00204578 0.00638116 0.119803 9.9991E-05 0.225494 0.0823095 0.0186209
0.382338 0.0457919 0.0168704 0.00756966 9.9982E-05 0.463332 9.9982E-05 0.0838988
0.420963 0.0567888 0.0199949 0.0613218 0.0719042 0.368827 9.9982E-05 9.9982E-05
0.606381 9.9964E-05 0.103602 0.0115973 9.9964E-05 0.27802 9.9964E-05 9.9964E-05
0.441642 0.0410304 9.9964E-05 9.9964E-05 0.0719176 0.44501 9.9964E-05 9.9964E-05
0.105449 0.153151 0.0388487 0.0353372 0.0917162 0.520707 0.05469 9.9991E-05
9.9973E-05 0.016399 9.9973E-05 9.9973E-05 0.336735 0.288779 0.140713 0.217074
0.0789763 0.139968 0.0269349 0.0602868 0.291663 0.401972 9.9982E-05 9.9982E-05
0.00543444 0.0597844 0.000212506 0.00833116 0.264166 0.566879 0.00865481 0.0865377
0.118254 0.0907986 0.0533368 0.0451404 0.103617 0.492403 0.0963505 9.9991E-05
0.069559 0.0516924 9.9982E-05 9.9982E-05 0.359864 0.481915 0.019541 0.0172284
0.0185456 9.9982E-05 0.0248528 0.00735754 0.271313 0.647066 0.0306649 9.9982E-05
0.038016 0.00681653 0.0456097 9.9991E-05 0.377858 0.46359 0.0131861 0.0548242
0.164248 0.11611 9.9982E-05 9.9982E-05 0.119247 0.47784 0.042752 0.079603
0.114248 0.0176382 0.0708229 0.123292 0.180727 0.493071 9.9982E-05 9.9982E-05
0.0361758 0.0407903 9.9991E-05 0.0158622 0.243757 0.570456 0.0348037 0.0580555
0.0742184 9.9973E-05 9.9973E-05 9.9973E-05 0.381707 0.523341 0.00461967 0.0158143
0.130467 9.9991E-05 0.0167895 0.0593846 0.102959 0.586749 0.0939377 0.00961401
9.9991E-05 0.0474939 0.00579221 0.0806176 0.180742 0.566904 0.10686 0.0114903
0.0685879 9.9973E-05 0.0537086 9.9973E-05 0.238396 0.560328 9.9973E-05 0.0786794
0.0219712 0.024356 9.9982E-05 0.0514833 0.102679 0.669358 0.129953 9.9982E-05
9.9964E-05 9.9964E-05 0.0651857 9.9964E-05 0.259142 0.591379 9.9964E-05 0.0838936
9.9973E-05 9.9973E-05 9.9973E-05 0.056588 0.3857 0.39265 0.131832 0.0329296
0.0407241 9.9991E-05 0.0228814 0.071343 0.213652 0.610015 0.0156612 0.0256239
9.9973E-05 0.0065847 9.9973E-05 9.9973E-05 0.177517 0.691624 0.0464789 0.077496
0.171521 9.9982E-05 0.0494207 9.9982E-05 0.471846 0.285526 0.0193636 0.00212165
0.0486477 9.9982E-05 9.9982E-05 0.0219444 0.35168 0.155533 0.244681 0.177315
0.0573715 0.0154964 0.00540134 0.0871897 0.188941 0.498642 0.102737 0.0442213
0.177658 9.9991E-05 0.0175295 0.0256733 0.294768 0.0849098 0.0627136 0.336648
0.116431 0.026206 9.9973E-05 9.9973E-05 0.466605 0.289983 9.9973E-05 0.100475
0.220596 0.00191951 9.9973E-05 9.9973E-05 0.325643 0.425308 9.9973E-05 0.0262334
0.194244 0.0467129 9.9973E-05 9.9973E-05 0.402456 0.342667 9.9973E-05 0.01362
0.120878 9.9973E-05 9.9973E-05 0.10169 0.442799 0.300403 9.9973E-05 0.0339291
0.109858 0.0980616 9.9982E-05 0.0987284 0.0922261 0.587845 0.0130815 9.9982E-05
0.12347 0.0347451 0.0210019 0.0325634 0.121 0.540847 0.0882601 0.0381119
0.120923 0.000294959 9.9982E-05 9.9982E-05 0.196557 0.53436 0.0933371 0.0543282
0.195063 9.9982E-05 9.9982E-05 0.0116579 0.312627 0.176387 0.230216 0.0738493
0.0360481 0.099668 9.9991E-05 0.0017481 0.160885 0.556426 0.129876 0.0152495
0.106721 0.0154425 0.106998 0.240462 0.0492466 0.384253 9.9991E-05 0.0967771
0.158303 0.0409128 9.9982E-05 0.30014 0.131675 9.9982E-05 0.20596 0.162809
0.0258832 0.130335 9.9982E-05 0.123813 9.9982E-05 0.618897 0.0612823 0.0395895
0.196792 0.032021 0.0421246 0.10957 0.0673385 0.236144 0.153052 0.162957
0.00108152 0.0261422 0.0642083 0.131404 0.114334 0.421695 0.130838 0.110298
0.0455467 9.9982E-05 9.9982E-05 0.247737 0.111958 0.268249 0.261382 0.064927
0.0486062 0.0540474 9.9991E-05 0.42958 0.120278 0.126334 0.042504 0.17855
0.0283702 0.022466 9.9991E-05 0.21981 0.131185 0.38257 0.0338779 0.181621
0.0712218 0.0532787 0.0287798 0.158896 0.0931856 0.44589 0.0874152 0.0613321
0.249557 0.0709775 0.0291514 0.0642707 0.124057 0.306465 0.155421 9.9991E-05
0.261098 9.9982E-05 0.0979563 0.180181 0.142314 9.9982E-05 0.242036 0.0762161
0.0504887 0.0632018 9.9991E-05 0.224198 0.0816927 0.452866 0.0443617 0.0830907
0.23311 9.9982E-05 9.9982E-05 0.354873 0.0165192 0.25981 0.0106811 0.124808
0.0704149 9.9982E-05 9.9982E-05 0.162743 0.119335 0.498919 0.0275485 0.120839
0.138888 0.0947194 0.0225235 0.0162008 0.1848 0.533629 9.9991E-05 0.0091398
9.9991E-05 0.254867 0.24305 0.172042 0.0389279 0.084296 0.159994 0.0467232
9.9964E-05 0.402038 0.0612314 0.0381291 9.9964E-05 9.9964E-05 0.498202 9.9964E-05
9.9973E-05 0.30778 0.0580039 0.0714345 9.9973E-05 9.9973E-05 0.471669 0.0908126
9.9982E-05 0.249975 0.321975 0.106859 0.026709 0.0260124 0.268269 9.9982E-05
0.057077 9.9973E-05 9.9973E-05 0.403223 9.9973E-05 0.474964 0.0100427 0.0543939
9.9991E-05 0.0484916 0.0753814 0.142382 0.114068 0.498828 0.0359237 0.0848252
0.0412516 9.9973E-05 0.768028 9.9973E-05 0.0222035 0.164909 9.9973E-05 0.00330839
0.126439 0.0600889 0.35669 9.9991E-05 0.0828492 0.303044 0.0219808 0.0488093
9.9973E-05 0.0729162 0.374409 0.0251966 9.9973E-05 0.393104 9.9973E-05 0.134074
0.0866373 9.9964E-05 9.9964E-05 0.496658 9.9964E-05 0.182798 9.9964E-05 0.233506
0.140914 0.0820753 0.0154077 0.10037 0.0606637 0.462134 0.0826284 0.0558068
0.0322815 9.9982E-05 9.9982E-05 0.568338 0.0175447 0.0869717 0.0773627 0.217301
0.0701343 9.9982E-05 0.00700149 0.232496 0.00219255 0.53444 9.9982E-05 0.153535
0.113843 0.0613224 0.0151765 0.201878 9.9991E-05 0.403184 0.0109728 0.193523
0.0117484 0.0274815 0.0383676 0.19966 0.0276407 0.513033 0.0312293 0.15084
0.217747 9.9982E-05 9.9982E-05 0.434703 0.0264708 0.088969 0.0757885 0.156122
0.0187557 0.0545261 0.0781861 0.160951 0.0515459 0.541772 0.0157961 0.078467
0.133146 9.9991E-05 0.000966255 0.234838 0.0206806 0.5437 0.0379334 0.0286362
9.9955E-05 9.9955E-05 0.928475 9.9955E-05 9.9955E-05 0.0336095 9.9955E-05 0.0374158
0.0298438 9.9973E-05 0.935637 0.0300693 0.00316577 0.000984469 9.9973E-05 9.9973E-05
0.0548696 0.0979811 0.542151 9.9982E-05 0.00972881 0.271544 9.9982E-05 0.023526
9.9955E-05 9.9955E-05 0.66241 9.9955E-05 9.9955E-05 0.330016 9.9955E-05 0.00707416
0.0438284 0.0380126 0.777289 0.0570391 9.9973E-05 0.0835312 9.9973E-05 9.9973E-05
9.994E-05 9.994E-05 0.9993 9.994E-05 9.994E-05 9.994E-05 9.994E-05 9.994E-05
9.99461E-05 9.99461E-05 0.987552 9.99461E-05 0.0118487 9.99461E-05 9.99461E-05 9.99461E-05
9.9955E-05 9.9955E-05 0.873358 9.9955E-05 9.9955E-05 0.118383 9.9955E-05 0.00775936
9.9955E-05 9.9955E-05 0.966526 0.0102302 0.0227443 9.9955E-05 9.9955E-05 9.9955E-05
0.00661676 0.00126495 0.991619 9.9955E-05 9.9955E-05 9.9955E-05 9.9955E-05 9.9955E-05
9.994E-05 9.994E-05 0.9993 9.994E-05 9.994E-05 9.994E-05 9.994E-05 9.994E-05
9.9955E-05 0.0814802 0.728389 9.9955E-05 9.9955E-05 0.189631 9.9955E-05 9.9955E-05
9.9982E-05 0.00534989 0.736767 0.00402274 0.00524791 0.149321 0.0990918 9.9982E-05
0.00513011 0.033772 0.960165 0.000532839 9.9964E-05 9.9964E-05 9.9964E-05 9.9964E-05
0.121059 9.9982E-05 0.46266 0.0414696 0.0942973 0.266548 9.9982E-05 0.0137663
0.0315799 0.0885361 0.607941 9.9973E-05 0.0197296 0.251914 9.9973E-05 9.9973E-05
9.9973E-05 0.0312224 0.774472 9.9973E-05 0.0293686 0.0904911 0.0741459 9.9973E-05
9.9973E-05 0.0396472 0.852282 0.000655866 0.0271192 0.0799957 9.9973E-05 9.9973E-05
9.9946E-05 9.9946E-05 0.972207 9.9946E-05 9.9946E-05 9.9946E-05 0.0271931 9.9946E-05
0.0180602 0.0417067 0.923755 9.9973E-05 9.9973E-05 0.0103608 0.00581705 9.9973E-05
9.9946E-05 9.9946E-05 0.997037 0.00236365 9.9946E-05 9.9946E-05 9.9946E-05 9.9946E-05
9.9973E-05 0.0367157 0.632386 9.9973E-05 0.0446673 0.210695 9.9973E-05 0.0752361
0.0302921 0.00525683 0.936983 9.9964E-05 9.9964E-05 9.9964E-05 9.9964E-05 0.0270681
9.9964E-05 0.177598 9.9964E-05 0.425434 9.9964E-05 9.9964E-05 0.312285 0.0842837
9.9973E-05 0.107753 9.9973E-05 0.27162 0.123175 0.407877 0.0892741 9.9973E-05
9.9982E-05 0.199465 0.00465461 0.245295 9.9982E-05 0.465227 0.0497922 0.0353666
9.9982E-05 0.155121 0.0479985 0.387728 9.9982E-05 0.154705 0.215069 0.0391788
9.9991E-05 0.0610144 0.151364 0.14389 0.0340428 0.329802 0.192154 0.0876329
0.147203 0.18739 0.101764 0.24318 9.9982E-05 0.0872542 0.233009 9.9982E-05
0.135961 0.110039 0.0561561 0.149132 0.0918343 0.38087 0.0759079 9.9991E-05
9.9982E-05 0.0318144 0.163102 0.379604 9.9982E-05 0.226132 0.106754 0.0923938
9.9982E-05 0.0697613 0.154118 0.307292 9.9982E-05 0.361997 0.0881439 0.0184877
9.9982E-05 0.114045 0.222628 0.290228 9.9982E-05 0.198597 0.129213 0.0450882
0.0578374 0.176498 0.0521752 0.208148 0.0182963 0.408137 0.0788079 9.9991E-05
0.0102985 0.820931 9.9973E-05 0.0919335 9.9973E-05 0.0411448 9.9973E-05 0.0353921
9.9955E-05 0.918906 0.0648308 9.9955E-05 9.9955E-05 9.9955E-05 9.9955E-05 0.0157636
0.00167113 0.915177 9.9964E-05 9.9964E-05 0.0234042 9.9964E-05 0.059348 9.9964E-05
9.9955E-05 0.932149 9.9955E-05 9.9955E-05 0.0245547 0.0427965 9.9955E-05 9.9955E-05
9.9973E-05 0.860866 9.9973E-05 9.9973E-05 0.00269478 0.0317816 0.0735853 0.0307724
9.9955E-05 0.814306 0.0274255 9.9955E-05 9.9955E-05 9.9955E-05 0.157769 9.9955E-05
0.0230699 0.823715 0.0999175 9.9964E-05 9.9964E-05 9.9964E-05 0.0528981 9.9964E-05
9.9964E-05 0.826523 9.9964E-05 9.9964E-05 9.9964E-05 0.015472 0.138076 0.0195297
0.055549 0.865618 0.012895 9.9973E-05 9.9973E-05 0.0241971 0.041441 9.9973E-05
9.9964E-05 0.728786 0.0689708 9.9964E-05 9.9964E-05 0.00119396 0.20065 9.9964E-05
0.0897101 0.611162 9.9964E-05 9.9964E-05 0.245228 9.9964E-05 9.9964E-05 0.0535001
0.0678243 0.609707 0.00297838 9.9973E-05 0.294028 9.9973E-05 0.0251619 9.9973E-05
0.0768102 0.481813 9.9973E-05 0.00601062 0.33419 9.9973E-05 0.100876 9.9973E-05
0.137674 0.492274 9.9973E-05 0.0544809 0.243008 9.9973E-05 9.9973E-05 0.0722622
0.160805 9.9973E-05 9.9973E-05 0.0654829 0.12625 0.555653 9.9973E-05 0.0915091
0.298126 9.9982E-05 0.0879047 0.0983022 0.0588071 0.434258 9.9982E-05 0.0224023
0.0324667 9.9973E-05 0.00701901 0.115278 0.223128 0.621808 9.9973E-05 9.9973E-05
0.299582 0.0615921 9.9982E-05 9.9982E-05 0.239616 0.358749 0.0328666 0.00739495
0.118412 9.9982E-05 0.0548398 0.0410603 0.612283 0.135185 9.9982E-05 0.0380209
0.296733 0.014396 0.0855731 9.9982E-05 0.0376912 0.512691 9.9982E-05 0.0527156
0.257723 9.9964E-05 9.9964E-05 9.9964E-05 0.113475 0.570475 0.0579277 9.9964E-05
0.449602 9.9964E-05 9.9964E-05 0.0284211 9.9964E-05 0.456921 9.9964E-05 0.0646563
0.572452 9.9973E-05 0.0670793 0.0966626 9.9973E-05 0.255964 9.9973E-05 0.00754228
0.0163779 0.0222884 9.9973E-05 0.20277 0.119534 0.63873 9.9973E-05 9.9973E-05
0.413109 9.9964E-05 9.9964E-05 9.9964E-05 0.151285 0.409802 9.9964E-05 0.0254047
0.713171 9.9955E-05 9.9955E-05 9.9955E-05 0.0565088 9.9955E-05 9.9955E-05 0.229821
0.147048 9.9964E-05 9.9964E-05 9.9964E-05 0.164184 0.586543 0.101825 9.9964E-05
0.596153 9.9982E-05 9.9982E-05 0.0160513 0.0134454 0.234797 0.0809057 0.0584474
0.415864 0.0497417 9.9964E-05 0.0315981 9.9964E-05 0.502397 9.9964E-05 9.9964E-05
0.693925 0.0276539 0.0251433 9.9973E-05 0.197177 0.0558006 9.9973E-05 9.9973E-05
9.9964E-05 0.0900993 9.9964E-05 0.19818 0.708736 9.9964E-05 0.00258503 9.9964E-05
9.9964E-05 0.118256 0.00818749 0.230513 0.642643 9.9964E-05 9.9964E-05 9.9964E-05
9.9964E-05 0.0135924 9.9964E-05 0.181628 0.764959 9.9964E-05 9.9964E-05 0.0394204
0.0468351 0.105858 9.9973E-05 0.126825 0.66175 9.9973E-05 9.9973E-05 0.0584309
9.9964E-05 0.00912349 0.0368109 0.171062 0.782604 9.9964E-05 9.9964E-05 9.9964E-05
9.9982E-05 0.0338345 0.0565786 0.0741118 0.732917 0.0618985 9.9982E-05 0.0404594
9.9964E-05 0.873877 0.00385076 9.9964E-05 9.9964E-05 0.0957731 0.0260992 9.9964E-05
9.9964E-05 0.798349 9.9964E-05 9.9964E-05 0.0436686 0.115723 0.0418595 9.9964E-05
9.9973E-05 0.743618 0.123161 0.0247042 0.00615756 0.102059 9.9973E-05 9.9973E-05
9.9982E-05 0.729175 0.145345 0.00104657 0.112367 0.00932442 0.00254209 9.9982E-05
9.9982E-05 0.780296 0.0564216 0.0400746 0.0309594 0.0795693 0.0124796 9.9982E-05
9.9964E-05 0.419836 9.9964E-05 0.0755948 0.503504 9.9964E-05 0.000664465 9.9964E-05
0.0575962 0.425881 9.9973E-05 0.0497467 0.420892 9.9973E-05 9.9973E-05 0.0455838
0.00771947 0.460708 9.9964E-05 9.9964E-05 0.41731 9.9964E-05 9.9964E-05 0.113862
9.9964E-05 0.820435 0.00513272 9.9964E-05 0.01638 0.157653 9.9964E-05 9.9964E-05
0.0298244 0.375767 9.9973E-05 0.0582553 0.46563 9.9973E-05 9.9973E-05 0.0702235
9.9973E-05 0.140011 0.274653 0.0592903 9.9973E-05 0.309703 0.216044 9.9973E-05
9.9973E-05 0.0154858 0.268767 9.9973E-05 0.109183 0.474926 0.131339 9.9973E-05
9.9955E-05 0.183724 0.257244 9.9955E-05 9.9955E-05 0.558532 9.9955E-05 9.9955E-05
0.0363734 0.20067 0.188141 0.0981568 9.9982E-05 0.378599 0.09786 9.9982E-05
0.0310187 0.13457 0.193514 9.9973E-05 0.13712 0.503477 9.9973E-05 9.9973E-05
9.9964E-05 0.35153 0.241317 0.0519873 9.9964E-05 9.9964E-05 0.354766 9.9964E-05
0.0881991 0.00874463 9.9973E-05 9.9973E-05 0.306645 0.510595 9.9973E-05 0.0855164
0.155665 9.9982E-05 9.9982E-05 0.0142363 0.179655 0.36498 0.109204 0.17606
0.0489334 0.0782847 9.9991E-05 0.0108715 0.486857 0.265837 0.0350435 0.0740728
0.057452 9.9982E-05 9.9982E-05 0.0832753 0.132797 0.469118 0.0148236 0.242334
0.211645 9.9973E-05 9.9973E-05 0.0298177 0.237101 9.9973E-05 0.130458 0.390679
0.000690167 0.0717322 0.00167507 0.0371775 0.202918 0.580021 0.0973917 0.00839378
0.0616738 9.9982E-05 9.9982E-05 0.017073 0.189094 0.485409 0.132764 0.113786
0.104189 0.0597206 9.9991E-05 0.00676244 0.397998 0.381172 0.00857794 0.0414793
0.0543157 0.109558 9.9991E-05 0.0199639 0.136786 0.529109 0.101513 0.0486555
0.291387 9.9982E-05 9.9982E-05 0.0460175 0.255905 0.120884 0.235564 0.0500424
0.104865 9.9991E-05 0.0380847 0.0313582 0.126612 0.468699 0.0754447 0.154836
0.0439045 9.9973E-05 9.9973E-05 0.0069489 0.298892 0.602623 9.9973E-05 0.047331
0.112711 0.0639663 0.148789 0.0240254 0.124012 0.356649 0.169748 9.9991E-05
0.0519148 9.9973E-05 9.9973E-05 9.9973E-05 0.306543 0.408505 0.0318144 0.200923
0.0713555 9.9982E-05 0.0197545 9.9982E-05 0.28664 0.477744 0.0520728 0.092234
0.170628 9.9991E-05 0.0690782 0.0980627 0.154064 0.414255 0.00664974 0.0871634
0.098943 9.9973E-05 9.9973E-05 0.116045 0.190579 0.531385 9.9973E-05 0.0627485
0.0657769 0.0258942 0.0746982 0.0267264 0.191923 0.574198 9.9991E-05 0.0406835
0.0829522 0.0356482 0.0364541 9.99936E-05 0.165417 0.510699 0.078968 0.0897615
0.0615065 0.130833 0.040589 9.9991E-05 0.149362 0.474081 0.0635409 0.0799877
9.9955E-05 0.780027 0.0978071 9.9955E-05 9.9955E-05 0.121667 9.9955E-05 9.9955E-05
9.9973E-05 0.835588 0.0329938 0.0205853 9.9973E-05 0.0612797 9.9973E-05 0.0492535
9.9982E-05 0.75953 0.00180199 0.150958 0.0257632 0.0346635 0.0270831 9.9982E-05
0.064806 0.811354 0.034815 9.9982E-05 0.0504779 0.022671 9.9982E-05 0.015676
9.9964E-05 0.820249 0.0569832 0.0342933 9.9964E-05 0.0880745 9.9964E-05 9.9964E-05
0.0294949 9.9973E-05 0.0104235 9.9973E-05 0.599214 0.229197 0.13137 9.9973E-05
0.0497465 0.0337014 9.9991E-05 0.00556024 0.177288 0.511934 0.162895 0.058776
9.9991E-05 0.188942 0.170592 0.156176 0.0168177 0.414146 0.0415999 0.0116267
9.9973E-05 0.00140404 9.9973E-05 0.0569095 0.186222 0.667103 0.0880609 9.9973E-05
0.119362 9.9973E-05 9.9973E-05 9.9973E-05 0.193894 0.585411 0.0390246 0.0620074
0.0130167 9.9973E-05 9.9973E-05 9.9973E-05 0.340272 0.297603 0.211399 0.13741
0.0853631 0.0475422 9.9973E-05 9.9973E-05 0.635923 0.0501849 0.180687 9.9973E-05
9.9973E-05 0.0454617 9.9973E-05 0.0469403 0.345412 0.547607 9.9973E-05 0.0142793
0.0380016 0.0902441 0.0325537 9.9982E-05 0.487732 0.153485 9.9982E-05 0.197784
0.25276 0.00340193 0.0235368 0.0105015 0.172555 0.3924 0.110697 0.0341462
9.9973E-05 0.0658522 9.9973E-05 9.9973E-05 0.549587 0.193215 0.108097 0.0829485
9.9991E-05 0.0675057 0.04791 0.00781084 0.212071 0.576478 0.019828 0.0682967
0.0323796 0.0377473 0.00175037 0.149998 0.520163 0.191745 0.0192401 0.046976
0.12336 9.9991E-05 0.0447831 0.0545225 0.231358 0.34436 0.0627663 0.138749
0.0239532 0.0354455 0.0339095 0.142422 0.112186 0.489322 0.0883016 0.0744605
9.9964E-05 9.9964E-05 0.00763708 0.697814 9.9964E-05 0.146243 9.9964E-05 0.147906
9.9955E-05 9.9955E-05 9.9955E-05 0.499524 0.0618898 0.438087 9.9955E-05 9.9955E-05
0.206296 0.12211 9.9982E-05 0.230241 0.00195568 0.402653 0.0365451 9.9982E-05
9.9973E-05 9.9973E-05 9.9973E-05 0.600858 0.0322971 0.180759 0.0316768 0.154109
0.106662 0.0996774 0.0101687 0.0857448 0.0664472 0.505006 9.9991E-05 0.126194
0.00381612 9.9973E-05 9.9973E-05 0.366832 9.9973E-05 0.484212 0.0533453 0.0914945
0.118924 9.9964E-05 9.9964E-05 0.657797 0.0317847 9.9964E-05 9.9964E-05 0.191095
0.0552975 9.9973E-05 9.9973E-05 0.599698 9.9973E-05 0.114204 0.100628 0.129872
9.9973E-05 9.9973E-05 9.9973E-05 0.37016 0.0603404 0.448038 0.0123171 0.108845
0.179562 9.9973E-05 9.9973E-05 0.608538 0.0561002 0.0141357 9.9973E-05 0.141364
0.151735 9.9964E-05 9.9964E-05 0.4035 0.119452 0.324913 9.9964E-05 9.9964E-05
0.224747 9.9973E-05 0.0300441 9.9973E-05 0.570873 0.0899866 0.0840487 9.9973E-05
0.110557 9.9973E-05 9.9973E-05 9.9973E-05 0.31354 0.243397 0.0846002 0.247606
0.0833066 9.9982E-05 0.0226005 9.9982E-05 0.430429 0.353332 0.0887561 0.0213764
9.9982E-05 0.00215971 0.00636247 9.9982E-05 0.280985 0.607238 0.0897098 0.0133451
0.17937 9.9973E-05 9.9973E-05 0.0858796 0.492127 0.223842 9.9973E-05 0.0184814
0.0591691 9.9991E-05 0.0591707 0.0164464 0.133129 0.463459 0.0752268 0.193299
0.039287 9.9973E-05 0.0476769 9.9973E-05 0.226903 0.595525 0.0903079 9.9973E-05
0.08134 9.9991E-05 0.0720718 0.00972525 0.28566 0.506243 0.0362372 0.00862265
0.0834574 0.0278876 0.0981289 0.0147268 0.194064 0.514692 9.9991E-05 0.0669436
0.177597 0.0350285 0.0896796 9.9973E-05 0.322015 0.37538 9.9973E-05 9.9973E-05
0.210192 9.9964E-05 0.0957279 9.9964E-05 0.515327 0.178353 9.9964E-05 9.9964E-05
0.140309 9.9982E-05 0.0664778 0.00702883 0.437539 0.320491 9.9982E-05 0.0279541
0.0666472 9.9982E-05 0.0392931 0.040607 0.172808 0.548208 9.9982E-05 0.132237
0.0843957 0.040333 9.9982E-05 0.00543888 0.174587 0.615576 0.0794702 9.9982E-05
0.0432232 9.9973E-05 9.9973E-05 9.9973E-05 0.26269 0.418745 0.0650134 0.210029
0.0528728 9.9982E-05 0.0820276 9.9982E-05 0.255466 0.453714 0.0586587 0.0970603
0.049105 0.0032469 9.9982E-05 0.0635613 0.424374 0.404331 0.0551821 9.9982E-05
0.143542 9.9964E-05 0.020615 9.9964E-05 0.227731 0.607712 9.9964E-05 9.9964E-05
0.0824428 0.01264 0.0891458 0.0282549 0.231669 0.453444 9.9991E-05 0.102303
0.000571943 0.151543 0.0530666 0.05706 0.138604 0.535316 9.9991E-05 0.0637383
0.0643658 0.367687 0.0692637 0.00131405 9.9982E-05 0.431108 0.0660619 9.9982E-05
0.0412853 0.125315 0.216333 0.0859218 9.9982E-05 0.435901 0.0950439 9.9982E-05
0.0403127 0.0420829 0.0357086 0.0879866 0.0775848 0.564951 0.151274 9.9991E-05
0.0382066 0.115393 0.100606 0.0376073 9.9991E-05 0.600054 0.0260549 0.0819784
0.0677109 0.168746 0.158168 9.9982E-05 9.9982E-05 0.432231 0.105718 0.0672255
0.0109993 9.9982E-05 0.0380368 0.167071 0.204456 0.424985 9.9982E-05 0.154253
0.102672 0.120189 0.105596 9.9991E-05 0.10409 0.490412 0.0682639 0.00867714
0.120433 0.0844467 0.0573096 0.199058 0.0107138 0.0576446 0.414827 0.0555678
0.048895 0.0404153 0.112908 9.9991E-05 0.105051 0.534371 0.149358 0.00890107
9.9982E-05 0.150096 0.134235 9.9982E-05 0.0276978 0.499117 0.0674133 0.121242
0.134653 0.0722256 0.127491 9.9991E-05 0.0173168 0.536848 0.0630359 0.0483303
0.0344886 0.133873 0.0107996 0.0295189 0.102746 0.359329 0.270704 0.0585402
9.9973E-05 0.109368 0.12343 0.0351498 9.9973E-05 0.57166 0.160093 9.9973E-05
0.0368607 0.141832 0.126453 9.9973E-05 9.9973E-05 0.5765 0.118054 9.9973E-05
9.9964E-05 0.323449 0.114695 9.9964E-05 9.9964E-05 9.9964E-05 0.46498 0.0964759
0.110205 0.224715 0.170485 0.0211197 9.9982E-05 0.426026 0.0472495 9.9982E-05
9.9973E-05 0.111971 0.207338 0.0541411 9.9973E-05 0.531884 0.0943654 9.9973E-05
0.0800531 0.0702383 0.108556 9.9991E-05 0.0365898 0.568686 0.104869 0.0309082
9.9973E-05 0.115753 0.0717593 9.9973E-05 0.0259383 0.604729 0.18152 9.9973E-05
0.0138379 0.140516 0.117406 0.123976 0.0306049 0.463316 9.9991E-05 0.110243
0.0664849 0.0216128 0.0145052 0.0236409 0.0989622 0.409168 9.9991E-05 0.365526
0.0834832 0.167762 0.0241652 0.0169595 0.0196341 0.423448 9.9991E-05 0.264448
0.0921423 9.9964E-05 9.9964E-05 0.0380306 0.0805253 9.9964E-05 9.9964E-05 0.788902
0.0215149 9.9964E-05 9.9964E-05 0.00406985 0.0452108 9.9964E-05 9.9964E-05 0.928805
0.0973289 0.119564 9.9982E-05 9.9982E-05 0.0415394 0.472737 0.0544722 0.214158
9.9991E-05 0.0609647 0.228442 0.0361756 0.00544908 0.423664 0.195929 0.0492753
9.9973E-05 0.00125399 0.352499 9.9973E-05 9.9973E-05 0.282797 0.0945106 0.26864
0.0536173 0.120808 0.309811 9.9982E-05 9.9982E-05 0.0773673 0.222542 0.215654
9.9982E-05 0.16457 0.188524 0.0169772 9.9982E-05 0.32391 0.132253 0.173565
9.9973E-05 0.0039954 0.00449251 9.9973E-05 9.9973E-05 0.113229 0.246759 0.631223
9.9964E-05 0.0290717 9.9964E-05 9.9964E-05 9.9964E-05 0.189426 0.186863 0.59424
9.9973E-05 9.9973E-05 0.0545101 0.0337236 9.9973E-05 0.553123 0.0472564 0.311087
0.00349786 0.0279034 0.0908329 9.9973E-05 9.9973E-05 0.382739 9.9973E-05 0.494727
9.9973E-05 0.0667731 0.0750255 9.9973E-05 9.9973E-05 0.186406 0.0511682 0.620328
9.9982E-05 0.0288945 0.0175795 9.9982E-05 0.0674903 0.491957 0.0999185 0.29396
9.9973E-05 0.00231841 0.144508 9.9973E-05 0.048915 0.438839 9.9973E-05 0.36512
0.0766846 0.0356946 0.167341 0.187514 9.9982E-05 0.32958 9.9982E-05 0.202986
0.0809934 0.039443 9.9982E-05 0.0583211 0.0292585 0.283593 9.9982E-05 0.508191
0.12123 9.9973E-05 0.0498984 9.9973E-05 0.0532274 0.315523 9.9973E-05 0.459821
0.13711 0.0070354 0.0470483 0.0909685 0.0176101 0.400696 0.0356533 0.263879
0.05762 0.059912 9.9982E-05 0.101207 0.0654278 0.351976 9.9982E-05 0.363658
0.10693 0.00620904 0.195587 0.140013 0.123861 0.272039 0.00134416 0.154017
9.9964E-05 9.9964E-05 9.9964E-05 0.100864 9.9964E-05 0.417174 0.00647018 0.475093
9.9964E-05 9.9964E-05 9.9964E-05 0.0173212 0.0585516 0.213428 9.9964E-05 0.7103
0.116962 0.0069991 0.0316755 9.9973E-05 9.9973E-05 0.527086 9.9973E-05 0.316977
0.162745 9.9955E-05 9.9955E-05 9.9955E-05 9.9955E-05 0.191681 9.9955E-05 0.645074
0.0508933 0.0187708 9.9982E-05 0.0736143 0.0119036 0.385446 9.9982E-05 0.459172
0.0811034 0.0793607 9.9982E-05 0.00673971 0.0101562 0.589464 9.9982E-05 0.232976
0.100205 9.9982E-05 0.0844611 0.110906 0.0307609 0.365048 9.9982E-05 0.308418
9.9991E-05 0.138686 0.126284 0.0185346 0.033278 0.517649 0.106925 0.0585443
9.9982E-05 0.133597 9.9982E-05 0.00629676 0.0563226 0.424511 0.166541 0.212532
0.0142812 0.129465 0.267237 0.148809 0.0436439 0.274086 0.0646153 0.0578616
0.0787216 0.158055 0.210434 0.0974901 0.124811 0.262499 0.0467719 0.0212177
0.0598994 0.160997 0.21125 0.105453 0.106362 0.355839 9.9982E-05 9.9982E-05
9.9991E-05 0.234259 0.0838118 0.0402776 0.0117675 0.426665 0.0440331 0.159086
9.9964E-05 0.122629 0.109119 9.9964E-05 9.9964E-05 9.9964E-05 0.163646 0.604206
9.9991E-05 0.0996503 0.15834 0.0252808 0.0540653 0.563148 0.027953 0.0714624
9.9964E-05 0.296336 0.0582998 9.9964E-05 9.9964E-05 9.9964E-05 0.218696 0.426267
9.9964E-05 0.0627314 0.136634 9.9964E-05 9.9964E-05 0.510456 9.9964E-05 0.289778
0.131335 9.9964E-05 9.9964E-05 0.0036936 9.9964E-05 0.11708 9.9964E-05 0.747491
0.0656119 9.9955E-05 9.9955E-05 9.9955E-05 0.00894035 9.9955E-05 9.9955E-05 0.924948
0.0492444 9.9982E-05 9.9982E-05 0.0353553 0.0192512 0.441635 0.0447992 0.409515
9.9955E-05 0.0472984 9.9955E-05 9.9955E-05 9.9955E-05 0.560927 9.9955E-05 0.391275
0.0291272 9.9955E-05 9.9955E-05 9.9955E-05 9.9955E-05 0.33953 9.9955E-05 0.630843
0.0562236 0.000440749 9.9973E-05 9.9973E-05 0.0238526 0.484201 9.9973E-05 0.434982
9.9946E-05 9.9946E-05 9.9946E-05 9.9946E-05 9.9946E-05 0.506665 9.9946E-05 0.492735
9.99719E-05 0.802274 0.0298781 9.99719E-05 9.99719E-05 0.0714047 9.99719E-05 0.096043
9.9973E-05 0.699556 0.101528 0.0359688 0.113864 9.9973E-05 9.9973E-05 0.0487838
9.9955E-05 0.890016 0.0797084 9.9955E-05 0.0297754 9.9955E-05 9.9955E-05 9.9955E-05
9.9964E-05 0.931343 9.9964E-05 9.9964E-05 9.9964E-05 0.0524507 0.012942 0.00286495
0.237177 9.9982E-05 0.0209776 9.9982E-05 0.0886492 0.505399 0.0816068 0.0659913
0.371774 0.123726 0.00180431 9.9973E-05 0.0208891 0.481507 9.9973E-05 9.9973E-05
0.434466 0.032762 9.9973E-05 9.9973E-05 0.00159816 0.516928 9.9973E-05 0.0139459
0.236319 0.0812791 9.9991E-05 0.0591159 0.0358047 0.541533 0.0101501 0.0356979
0.208296 0.045053 0.0924156 0.189558 0.050929 0.413548 9.9982E-05 9.9982E-05
0.539181 0.00824309 0.0123531 0.151082 0.0907757 0.143545 0.0280243 0.0267953
0.330812 9.9955E-05 9.9955E-05 9.9955E-05 9.9955E-05 0.612796 9.9955E-05 0.0558925
0.528354 0.000569948 9.9973E-05 0.122313 9.9973E-05 0.322765 0.0256987 9.9973E-05
9.9973E-05 0.243262 0.168201 9.9973E-05 9.9973E-05 0.44967 0.0956322 0.0429349
0.33839 9.9973E-05 9.9973E-05 9.9973E-05 0.00604073 0.486082 0.0594508 0.109737
0.497092 9.9964E-05 9.9964E-05 0.015115 0.135274 0.35212 9.9964E-05 9.9964E-05
0.273239 9.9964E-05 9.9964E-05 9.9964E-05 0.00417153 0.599128 9.9964E-05 0.123062
0.49893 0.0127837 9.9991E-05 0.0313874 0.0359082 0.3882 0.0215832 0.0111074
0.441883 9.9964E-05 9.9964E-05 9.9964E-05 9.9964E-05 0.486623 0.0269746 0.0441193
0.385044 0.0436012 0.0145072 9.9973E-05 9.9973E-05 0.479192 0.0773552 9.9973E-05
0.857616 9.9964E-05 9.9964E-05 0.0103647 9.9964E-05 0.0628144 9.9964E-05 0.0688048
0.604637 9.9991E-05 0.0283706 0.0483108 0.0282529 0.187853 0.029124 0.0733524
0.547356 9.9973E-05 9.9973E-05 9.9973E-05 0.0399011 0.281318 0.100785 0.0303392
0.843415 9.9955E-05 9.9955E-05 9.9955E-05 9.9955E-05 9.9955E-05 0.107898 0.0481873
0.368319 0.0308337 9.9982E-05 9.9982E-05 0.12674 0.415075 0.0287394 0.0300934
0.604886 9.9973E-05 9.9973E-05 0.165896 9.9973E-05 0.10363 0.0728549 0.0524338
0.763251 9.9955E-05 9.9955E-05 9.9955E-05 9.9955E-05 9.9955E-05 0.139588 0.0966612
0.324746 9.9964E-05 9.9964E-05 9.9964E-05 0.0019606 0.571886 0.101008 9.9964E-05
0.578841 0.0583418 9.9973E-05 9.9973E-05 0.126003 0.229208 9.9973E-05 0.00730664
0.420157 9.9973E-05 0.0931553 0.112211 0.0763549 0.297822 9.9973E-05 9.9973E-05
0.172416 0.117958 0.057175 0.0321961 9.9982E-05 0.546978 9.9982E-05 0.0730773
0.322197 0.0128488 9.9982E-05 0.0548979 0.0832984 0.500824 0.0257337 9.9982E-05
0.129257 9.9982E-05 9.9982E-05 0.0407919 0.28926 0.359383 0.0510822 0.130026
0.306401 0.0267129 9.9982E-05 0.0384026 0.0590279 0.53145 9.9982E-05 0.0378058
0.313245 0.0236915 0.0143593 0.0246966 0.136237 0.48757 9.9982E-05 9.9982E-05
0.722701 9.9964E-05 9.9964E-05 0.0267281 0.00164961 0.248521 9.9964E-05 9.9964E-05
0.187192 0.0585805 0.00743526 0.149794 0.0726739 0.478855 9.9991E-05 0.0453699
0.0166615 0.620871 9.9973E-05 0.131379 0.208311 9.9973E-05 0.022478 9.9973E-05
0.0943928 0.740923 9.9982E-05 0.0137066 0.084486 0.013804 0.0524873 9.9982E-05
0.0151411 0.828861 9.9973E-05 0.0434849 0.0967553 9.9973E-05 0.0154576 9.9973E-05
0.0133924 0.747365 9.9973E-05 9.9973E-05 0.160432 9.9973E-05 0.049859 0.0286523
9.9955E-05 0.689691 9.9955E-05 0.173201 0.136608 9.9955E-05 9.9955E-05 9.9955E-05
0.66103 0.015328 0.102171 9.9973E-05 0.161162 0.0600102 9.9973E-05 9.9973E-05
0.669512 0.0833146 9.9982E-05 0.0704399 0.0707357 0.100847 9.9982E-05 0.00495047
0.810196 9.9964E-05 0.00982364 9.9964E-05 9.9964E-05 0.130762 9.9964E-05 0.0488186
0.182922 0.121401 0.0248133 0.0203042 0.0453981 0.525884 0.0438961 0.0353817
0.297763 0.0422402 0.0928415 0.0807774 0.0285752 0.455772 9.9991E-05 0.00193063
0.622846 0.0524049 0.0120747 0.0123203 9.9982E-05 0.286693 0.0134617 9.9982E-05
0.304493 9.9982E-05 0.0170763 0.0883105 0.000408479 0.53959 9.9982E-05 0.0499219
0.48489 0.0452676 0.0561045 0.0961337 9.9973E-05 0.317305 9.9973E-05 9.9973E-05
0.361682 0.070967 9.9973E-05 0.0185987 9.9973E-05 0.519135 9.9973E-05 0.0293174
0.163177 0.00646376 0.0244994 0.14419 0.164022 0.497448 9.9982E-05 9.9982E-05
0.573061 9.9982E-05 0.119617 0.0824278 0.106122 0.117169 9.9982E-05 0.00140239
0.626969 9.9955E-05 9.9955E-05 9.9955E-05 0.0357375 0.336794 9.9955E-05 9.9955E-05
0.5478 0.0261552 9.9973E-05 0.0280195 0.110471 0.287254 9.9973E-05 9.9973E-05
9.9964E-05 0.0762606 9.9964E-05 0.366327 0.0075611 0.549451 9.9964E-05 9.9964E-05
0.563067 0.0169023 9.9955E-05 9.9955E-05 9.9955E-05 0.419531 9.9955E-05 9.9955E-05
0.334847 0.0543125 0.0364268 0.0638101 0.0458521 0.457377 9.9991E-05 0.0072744
9.9982E-05 0.0716322 0.424082 0.0187621 0.0714017 0.344662 0.0692604 9.9982E-05
9.9982E-05 0.122887 0.449705 0.0335062 9.9982E-05 0.337232 0.0198751 0.0365949
9.9973E-05 0.114742 0.387145 0.0670969 9.9973E-05 0.385172 0.0455437 9.9973E-05
9.9973E-05 0.087694 0.352012 0.0183236 9.9973E-05 0.387519 0.154152 9.9973E-05
0.00228626 0.135141 0.266699 0.0592768 0.0250459 0.384485 0.0799138 0.0471514
0.303341 9.9964E-05 0.0758959 0.28822 9.9964E-05 0.332144 9.9964E-05 9.9964E-05
9.9973E-05 0.161607 0.572592 9.9973E-05 9.9973E-05 0.0670431 0.194924 0.00353438
0.092976 0.103116 0.457936 9.9973E-05 9.9973E-05 0.273028 0.0726436 9.9973E-05
0.0305594 0.184452 0.181699 0.314949 9.9982E-05 0.286783 9.9982E-05 0.0013574
9.9964E-05 0.0931083 9.9964E-05 0.375453 0.0181662 0.512873 9.9964E-05 9.9964E-05
9.9973E-05 0.0644039 0.0556344 0.56485 0.0275103 0.287301 9.9973E-05 9.9973E-05
9.9973E-05 0.0488019 0.12587 0.332404 0.0728662 0.419758 9.9973E-05 9.9973E-05
0.104251 0.0537412 0.0461059 0.197188 0.0628628 0.535651 9.9982E-05 9.9982E-05
9.9973E-05 0.168402 0.37301 0.000523921 9.9973E-05 0.356202 0.101562 9.9973E-05
0.138915 0.120546 0.427008 9.9973E-05 9.9973E-05 0.289029 0.0242026 9.9973E-05
9.9973E-05 0.0340044 0.467001 0.0489144 9.9973E-05 0.395072 0.0547084 9.9973E-05
9.9982E-05 0.152619 0.260807 0.12978 0.0712414 0.373135 0.012219 9.9982E-05
0.00968012 0.0945902 0.455085 9.9973E-05 9.9973E-05 0.341871 0.0984735 9.9973E-05
0.047138 0.106776 0.346032 0.0844591 9.9991E-05 0.355823 0.0206931 0.0389786
9.9973E-05 0.086168 0.502529 9.9973E-05 9.9973E-05 0.275909 0.114167 0.0209281
0.0228395 0.119359 0.288399 0.0114992 9.9991E-05 0.459585 0.027296 0.0709217
0.0142635 0.0219078 0.0087811 0.534856 9.9982E-05 0.418117 0.00187504 9.9982E-05
9.9991E-05 0.129254 0.292583 0.0122871 0.0405518 0.423835 0.0746487 0.0267403
0.0198327 0.137736 0.575131 9.9973E-05 9.9973E-05 0.142333 0.124668 9.9973E-05
0.108807 0.10848 0.359432 0.0311763 0.0601282 0.328914 9.9991E-05 0.00296382
9.9973E-05 0.100729 0.00857973 0.708546 0.152292 0.0295535 9.9973E-05 9.9973E-05
9.9955E-05 9.9955E-05 0.135628 0.501896 9.9955E-05 0.361977 9.9955E-05 9.9955E-05
9.9991E-05 0.0909862 0.193163 0.0635559 0.0697587 0.451858 0.096474 0.0341045
9.9973E-05 0.102247 0.016415 0.409006 0.0246239 0.447408 9.9973E-05 9.9973E-05
0.0460799 0.144369 0.0598757 0.387991 0.0811136 0.265009 0.0154619 9.9991E-05
0.0824157 0.201446 0.198154 0.0761573 0.0220018 0.314617 0.086093 0.0191148
0.0100051 0.116454 0.221699 9.9991E-05 0.016376 0.418076 0.162966 0.0543236
9.9973E-05 0.129442 0.0292567 0.231055 0.10208 0.507866 9.9973E-05 9.9973E-05
0.0122461 0.148194 0.297472 0.0376508 0.0191627 0.446731 0.038444 9.9991E-05
9.9973E-05 0.109742 0.416243 0.0618198 9.9973E-05 0.376195 9.9973E-05 0.0357012
9.9973E-05 0.161805 0.500139 0.00383221 9.9973E-05 0.203996 0.129928 9.9973E-05
9.9973E-05 0.0315952 9.9973E-05 0.291965 0.0598622 0.547397 0.0688802 9.9973E-05
0.0156075 0.0713096 9.9973E-05 0.49592 0.0360033 0.38086 9.9973E-05 9.9973E-05
9.9982E-05 0.0203894 0.0172107 0.679051 9.9982E-05 0.0318069 0.170347 0.0809943
9.9991E-05 0.118108 0.0522131 0.186295 0.0569801 0.539961 0.00355162 0.0427912
0.00796657 0.0462827 0.0208948 0.260542 0.268111 0.353814 0.012632 0.0297565
0.114972 0.0884317 0.134477 0.0179551 9.9991E-05 0.45273 0.185125 0.00620833
0.0844652 0.0478373 0.151961 0.106387 0.112584 0.354825 0.14184 9.9991E-05
0.0258681 9.9964E-05 0.0575136 9.9964E-05 0.00392667 9.9964E-05 0.912292 9.9964E-05
9.994E-05 9.994E-05 9.994E-05 9.994E-05 9.994E-05 9.994E-05 0.9993 9.994E-05
