0.00960903 9.9964E-05 9.9964E-05 0.0726496 9.9964E-05 0.0185091 9.9964E-05 0.898832
9.9955E-05 9.9955E-05 0.00849335 9.9955E-05 9.9955E-05 0.0782874 9.9955E-05 0.912719
0.0246415 9.9973E-05 0.00302036 0.0573751 9.9973E-05 9.9973E-05 0.104149 0.810514
0.0181166 9.9973E-05 9.9973E-05 0.124908 9.9973E-05 0.0226629 0.0777375 0.756275
0.0179826 9.9973E-05 9.9973E-05 0.00339226 0.0902659 9.9973E-05 0.0203966 0.867663
0.0671221 0.08721 0.087148 0.0860725 9.9991E-05 0.021254 0.0653763 0.585717
0.014815 0.100388 9.9973E-05 9.9973E-05 0.00744169 0.0795936 9.9973E-05 0.797462
0.0304198 0.100674 0.0274763 0.0709568 0.0141135 0.0522252 9.9991E-05 0.704035
9.99729E-05 0.0723996 0.0540726 0.0364177 9.99729E-05 0.00979445 9.99729E-05 0.827016
0.0230624 0.0626204 9.9982E-05 0.0426405 9.9982E-05 0.0252526 0.115737 0.730488
9.9973E-05 0.118379 9.9973E-05 0.0787863 9.9973E-05 0.0796234 0.0181533 0.704759
0.0606632 9.9964E-05 0.0366333 9.9964E-05 9.9964E-05 0.811803 0.0905002 9.9964E-05
0.08422 9.9964E-05 9.9964E-05 0.0110227 9.9964E-05 0.460196 0.444161 9.9964E-05
0.127309 0.121756 9.9991E-05 0.0130323 0.0171005 0.652497 0.0517219 0.0164833
0.1414 9.9973E-05 9.9973E-05 9.9973E-05 0.0128241 0.646779 0.183792 0.0149056
0.111722 0.0702374 0.0391348 9.9991E-05 0.0228477 0.370065 0.292161 0.0937325
0.109945 0.0268707 9.9982E-05 9.9982E-05 0.00119422 0.34044 0.485265 0.0360855
0.0315114 0.0499242 0.0505782 9.9973E-05 9.9973E-05 0.441266 0.42642 9.9973E-05
0.0830361 9.9964E-05 9.9964E-05 9.9964E-05 9.9964E-05 0.681413 0.152124 0.0830272
9.9964E-05 0.0853034 9.9964E-05 0.0495017 9.9964E-05 0.861652 9.9964E-05 0.00314323
0.0906557 0.0173418 0.0726759 0.0514614 9.9991E-05 0.399878 0.35162 0.0162669
0.0210491 0.208957 0.109461 9.9982E-05 0.0156707 0.258531 0.386132 9.9982E-05
0.0341234 0.0240923 0.104164 0.0466579 9.9991E-05 0.26041 0.47234 0.0581116
0.101262 9.9973E-05 0.0225135 9.9973E-05 9.9973E-05 0.745894 0.105613 0.0244178
0.118723 9.9991E-05 0.0126656 0.108338 0.060468 0.136161 0.508765 0.0547797
0.000614953 9.9955E-05 9.9955E-05 9.9955E-05 9.9955E-05 0.458767 0.540118 9.9955E-05
0.0708756 9.9964E-05 9.9964E-05 9.9964E-05 9.9964E-05 0.833424 0.0648789 0.030422
0.196858 9.9955E-05 9.9955E-05 9.9955E-05 9.9955E-05 0.785092 0.0175503 9.9955E-05
9.9964E-05 0.0139331 9.9964E-05 9.9964E-05 0.0652428 0.80225 0.118174 9.9964E-05
0.0513101 9.9955E-05 9.9955E-05 9.9955E-05 9.9955E-05 9.9955E-05 0.112712 0.835479
9.9946E-05 9.9946E-05 9.9946E-05 9.9946E-05 9.9946E-05 9.9946E-05 0.159786 0.839614
0.0346575 9.9973E-05 0.0156425 0.00201149 9.9973E-05 9.9973E-05 0.151639 0.795749
0.0615104 9.9955E-05 9.9955E-05 9.9955E-05 9.9955E-05 9.9955E-05 0.204733 0.733256
0.0062117 0.0733713 0.206503 0.0873915 0.0652938 0.0454454 0.515683 9.9991E-05
0.0455184 9.9991E-05 0.333773 0.0553624 0.0190697 0.0506844 0.431934 0.0635578
9.9973E-05 9.9973E-05 0.273082 0.0153335 0.0687205 9.9973E-05 0.594433 0.0481316
0.00616498 9.9991E-05 0.0512558 0.151804 0.0123552 0.602153 0.0877435 0.0884238
0.0491829 0.0612234 0.584631 9.9982E-05 0.00665847 0.00383805 0.294266 9.9982E-05
9.9982E-05 9.9982E-05 0.218399 0.0736758 0.0510874 0.10237 0.455757 0.0985104
0.0203691 0.0100719 0.23156 9.9982E-05 9.9982E-05 0.0581824 0.664109 0.0155071
0.0142881 0.156543 0.0501387 0.110017 9.9991E-05 0.0106901 0.606077 0.0521462
9.9982E-05 0.0574508 0.0599006 0.0718093 9.9982E-05 0.101421 0.626232 0.082987
9.9973E-05 9.9973E-05 0.694234 0.0631787 9.9973E-05 0.121931 0.101957 0.0183987
0.0023421 0.17682 0.0483502 0.0409515 9.9991E-05 0.119973 0.591955 0.0195092
0.111806 0.110291 0.171074 0.0526547 9.9991E-05 0.0448135 0.490915 0.0183459
0.170908 0.00962504 0.105547 0.11107 0.101158 0.0193411 0.40986 0.0724901
9.9955E-05 9.9955E-05 0.648675 9.9955E-05 0.0244941 9.9955E-05 0.326331 9.9955E-05
0.00331887 0.030741 0.275029 9.9973E-05 9.9973E-05 9.9973E-05 0.571648 0.118964
0.0707794 0.0820376 0.079478 9.9982E-05 9.9982E-05 0.0713571 0.600142 0.096006
9.9955E-05 0.240114 0.672258 9.9955E-05 9.9955E-05 9.9955E-05 9.9955E-05 0.0871289
9.999E-05 0.117435 0.110769 0.165374 0.0205941 0.469883 0.108504 0.00734153
0.0265813 0.373658 0.134768 9.9973E-05 0.103472 0.36122 9.9973E-05 9.9973E-05
0.075302 9.9982E-05 9.9982E-05 0.12692 0.0859666 0.0954924 0.555667 0.060453
0.0111961 0.106538 9.9982E-05 9.9982E-05 0.0631275 0.107109 0.617926 0.0939038
0.0320341 0.0310115 9.9991E-05 0.0893204 0.0661008 0.0925725 0.5625 0.12636
9.9982E-05 0.135977 0.219139 0.17964 9.9982E-05 0.286085 0.0985301 0.0804288
9.9973E-05 0.0227831 9.9973E-05 0.140578 0.0851546 0.200361 0.550824 9.9973E-05
0.0316961 9.9991E-05 0.0624506 0.0176968 0.0318686 0.207495 0.522367 0.126327
0.00146435 0.113518 0.166401 0.0353944 0.0349445 0.216041 0.299111 0.133127
0.0589696 0.164463 0.0353556 0.0965028 0.0398013 0.438047 0.0104704 0.156391
0.00186275 0.0748467 0.109489 0.102909 0.0130187 0.125667 0.553807 0.0183998
0.106894 0.0195887 0.0649174 0.0866609 0.0658393 0.276852 0.335857 0.0433914
9.9973E-05 0.130946 0.0296063 0.0777425 9.9973E-05 0.740466 9.9973E-05 0.0209388
9.9973E-05 0.0316122 0.0584545 9.9973E-05 0.0592878 0.406833 0.443513 9.9973E-05
0.0230746 0.048715 0.0360158 0.0211402 0.218456 0.0452771 0.607222 9.9991E-05
9.9982E-05 0.112151 9.9982E-05 0.0996074 0.0230524 0.142821 0.570216 0.0519523
0.0794789 0.134393 0.174274 0.0119764 0.0208112 0.410065 0.15823 0.0107714
0.0457022 0.0861085 0.0387467 9.9982E-05 0.0423856 0.341231 0.445626 9.9982E-05
9.9991E-05 0.00614174 0.0369804 0.0671023 0.10828 0.12258 0.552074 0.106742
9.9991E-05 0.068757 0.0909014 0.0373484 0.0786298 0.571817 0.144362 0.00808447
9.9982E-05 0.0231872 0.383185 0.0518639 0.00586866 0.00795296 0.527742 9.9982E-05
9.9964E-05 9.9964E-05 0.588555 0.0223444 9.9964E-05 0.18206 0.206641 9.9964E-05
0.0366175 9.9982E-05 0.0969224 0.0472403 9.9982E-05 0.148977 0.522958 0.147084
9.9946E-05 0.128662 0.870738 9.9946E-05 9.9946E-05 9.9946E-05 9.9946E-05 9.9946E-05
9.9964E-05 0.0927097 0.827336 9.9964E-05 0.0118694 0.0676847 9.9964E-05 9.9964E-05
0.0112753 9.9973E-05 0.753463 0.00246873 9.9973E-05 0.00521034 0.227283 9.9973E-05
0.00353358 9.9982E-05 0.458214 0.0542074 9.9982E-05 0.0052559 0.455766 0.0228232
9.9973E-05 0.0519755 0.121191 0.0272589 9.9973E-05 9.9973E-05 0.613441 0.185834
0.0890065 9.9973E-05 0.413043 0.0380891 9.9973E-05 0.109511 0.350051 9.9973E-05
0.119627 9.9973E-05 0.631203 0.0610321 9.9973E-05 0.147789 0.040049 9.9973E-05
9.9973E-05 9.9973E-05 0.528709 0.170108 9.9973E-05 0.0160298 0.235628 0.0492258
0.0646837 0.016304 0.283146 0.0305088 0.0130367 0.0277755 0.453926 0.11062
0.0203281 0.0204091 0.568599 9.9982E-05 9.9982E-05 0.101823 0.25187 0.036771
9.9964E-05 9.9964E-05 0.431389 9.9964E-05 9.9964E-05 0.159087 0.354114 0.0550107
0.00968018 9.9964E-05 0.576312 9.9964E-05 0.0877797 9.9964E-05 0.325829 9.9964E-05
9.9964E-05 0.193993 0.709911 0.0455025 0.0501929 9.9964E-05 9.9964E-05 9.9964E-05
0.0761862 0.0575061 0.278776 0.0377129 9.9991E-05 0.0215093 0.526596 0.00161388
0.0247755 9.9973E-05 9.9973E-05 0.068913 9.9973E-05 0.0158116 0.0944038 0.795796
9.9946E-05 9.9946E-05 9.9946E-05 9.9946E-05 9.9946E-05 9.9946E-05 0.0959687 0.903432
0.0606295 9.9964E-05 9.9964E-05 0.00365878 9.9964E-05 9.9964E-05 0.0723931 0.862919
9.9964E-05 0.0337622 0.0274181 9.9964E-05 9.9964E-05 9.9964E-05 0.0532397 0.88518
0.00539545 9.9973E-05 0.0140713 9.9973E-05 0.0222082 9.9973E-05 0.0931052 0.86492
0.0197484 0.0275727 0.0378652 0.0424362 9.9982E-05 9.9982E-05 0.0126564 0.859521
0.0106661 0.00361129 9.9964E-05 9.9964E-05 9.9964E-05 9.9964E-05 0.0603899 0.924933
0.0520904 9.9991E-05 0.237671 0.0903173 0.0357181 0.0759715 0.430309 0.0778224
0.0237197 0.0697585 0.198938 0.0384595 0.0892197 9.9991E-05 0.53956 0.040244
9.9973E-05 9.9973E-05 0.697337 9.9973E-05 0.0424981 0.229395 0.0114553 0.0190146
0.0568231 0.0605526 0.171457 9.9991E-05 0.0184816 0.0315181 0.563057 0.0980106
9.9973E-05 9.9973E-05 0.38247 0.0290963 9.9973E-05 0.191451 0.382226 0.0144578
9.9964E-05 9.9964E-05 0.194285 9.9964E-05 0.180826 9.9964E-05 0.584029 0.0404609
0.0257879 0.00592418 0.271326 9.9991E-05 0.0749605 0.0323581 0.51539 0.0741536
0.142402 9.9955E-05 0.4734 9.9955E-05 9.9955E-05 9.9955E-05 0.383698 9.9955E-05
9.9964E-05 0.00410238 0.719905 9.9964E-05 9.9964E-05 0.204333 9.9964E-05 0.07126
9.9982E-05 0.0179491 0.0865031 9.9982E-05 0.148217 0.0579148 0.535689 0.153527
0.00309024 9.9991E-05 0.141305 0.0167654 0.0736279 0.0446125 0.642612 0.0778865
0.0317564 0.042181 0.253656 0.0498782 9.9982E-05 9.9982E-05 0.504762 0.117566
9.9982E-05 0.0608832 0.599469 9.9982E-05 0.041647 0.044385 0.238424 0.0149925
9.9982E-05 0.00429666 0.391537 0.000989729 0.0547318 9.9982E-05 0.522174 0.0260709
9.9991E-05 0.00282396 0.32685 0.0125289 0.0166974 0.173374 0.45122 0.0164058
0.0885537 9.9964E-05 0.582149 9.9964E-05 0.010884 9.9964E-05 0.318014 9.9964E-05
9.9973E-05 9.9973E-05 0.420449 0.0786285 0.0110463 9.9973E-05 0.452056 0.0375208
0.0206731 0.00366003 0.153527 0.0673373 0.0478753 0.0536536 0.507242 0.146032
9.9991E-05 0.0792121 0.0428299 0.0946319 0.24657 0.329624 0.178697 0.0283349
0.0997566 0.0554312 0.0265054 0.149088 9.9991E-05 0.252394 0.34928 0.0674455
0.0191476 9.9973E-05 9.9973E-05 9.9973E-05 0.0824968 0.218883 0.520565 0.158608
9.9982E-05 0.120901 0.0541726 0.0847263 9.9982E-05 0.121864 0.577766 0.0403707
9.9964E-05 9.9964E-05 9.9964E-05 9.9964E-05 0.0587885 0.411181 0.451197 0.0784336
9.9982E-05 0.0464452 9.9982E-05 0.160118 0.0305004 0.160834 0.558147 0.0437555
9.9973E-05 9.9973E-05 0.0560761 0.123461 0.0624553 0.356529 0.401178 9.9973E-05
9.9982E-05 0.0745069 0.151137 0.142041 0.0711603 9.9982E-05 0.475134 0.0858201
0.0513245 0.0695318 0.0393576 0.147292 9.9982E-05 0.116731 0.575564 9.9982E-05
9.9982E-05 9.9982E-05 0.0809948 0.0204086 0.06672 0.262773 0.48996 0.0789437
9.9973E-05 9.9973E-05 0.0727479 0.175701 0.038096 0.243469 0.469686 9.9973E-05
0.025351 0.0446891 0.119279 0.0947401 0.0631251 9.9991E-05 0.636192 0.0165233
9.9982E-05 0.0109654 0.0881055 0.106179 0.039044 9.9982E-05 0.647521 0.107985
0.00381097 9.9991E-05 0.048992 0.0580848 0.0385981 0.223482 0.595493 0.0314389
0.0607319 0.0251425 9.9982E-05 0.180122 0.112982 9.9982E-05 0.558674 0.0621481
0.131876 9.9982E-05 0.151313 0.136315 0.0546596 0.0318743 0.493761 9.9982E-05
9.9982E-05 0.0940235 9.9982E-05 0.157565 0.0818125 0.214697 0.378956 0.0727456
0.0134046 0.0916058 0.0337158 0.0978189 9.9982E-05 0.137271 0.625984 9.9982E-05
0.0191976 0.0630297 9.9982E-05 0.0938138 0.117623 0.00494284 0.701194 9.9982E-05
0.0788037 9.9982E-05 0.0785659 0.101902 0.140619 0.42457 0.17534 9.9982E-05
0.0304181 0.210019 0.0725108 0.111804 0.214736 0.252124 0.108288 9.9991E-05
0.00982345 0.06429 0.00925667 0.200451 9.9982E-05 0.165906 0.550073 9.9982E-05
0.0434882 0.222838 0.119922 0.241367 0.179977 0.133247 0.0590612 9.9991E-05
9.9982E-05 9.9982E-05 0.0512298 0.108393 0.0779717 0.544357 0.178531 0.0393177
9.9973E-05 9.9973E-05 0.138815 0.0730409 0.071037 0.347304 0.369502 9.9973E-05
9.9982E-05 9.9982E-05 0.0617536 0.129899 0.0591227 0.459389 0.281355 0.00827991
9.9982E-05 9.9982E-05 0.0052317 0.112844 0.00913761 0.637044 0.234423 0.00111989
0.0129723 0.0380734 0.073385 9.9982E-05 9.9982E-05 0.22558 0.555088 0.0947013
0.072277 0.0984482 0.0778413 0.121893 0.0263152 0.150356 0.440269 0.0126007
9.9991E-05 0.000956265 0.0297478 0.131448 0.0856907 0.19299 0.501761 0.0573054
0.0498796 0.214862 0.117202 0.236756 0.0967798 0.201161 0.0832603 9.9991E-05
9.9982E-05 0.116519 0.149471 9.9982E-05 0.0325623 0.0437121 0.440555 0.216981
0.0309753 0.186379 0.178599 0.0152604 0.00176982 0.0338809 0.553036 9.9991E-05
9.9982E-05 0.428679 0.157741 0.0291022 0.179636 0.10591 9.9982E-05 0.0987324
9.9973E-05 0.142677 0.0743792 9.9973E-05 0.0578804 9.9973E-05 0.637769 0.0869945
0.00905785 0.248408 0.154971 0.0614415 0.090485 0.00162226 0.374956 0.0590583
9.9991E-05 0.153553 0.0380612 0.0567898 0.0677075 0.0695575 0.531874 0.0823573
9.9982E-05 0.4866 0.0378105 9.9982E-05 0.0182701 0.155471 0.26748 0.034168
9.9991E-05 0.429464 0.131245 0.051752 0.0886844 0.0989308 0.159635 0.0401896
9.9991E-05 0.182674 0.0392308 0.0585162 0.169866 0.13166 0.411757 0.00619641
0.0586273 0.140171 0.04984 0.0661531 0.0844667 0.147806 0.380428 0.0725077
0.17608 0.117698 0.0541666 0.0532478 0.021302 0.208176 0.243374 0.125956
0.166394 0.321465 0.175108 9.9982E-05 0.0763051 0.243354 9.9982E-05 0.0171732
0.0762438 0.0701988 0.163362 0.0438836 0.129545 9.9991E-05 0.442775 0.0738924
9.9982E-05 0.285595 0.153932 0.0100938 0.0128715 0.251803 0.285504 9.9982E-05
9.9982E-05 0.198435 0.140971 0.0204412 0.0167282 0.168319 0.454906 9.9982E-05
9.9982E-05 0.0575279 0.0553321 0.0440108 0.120326 9.9982E-05 0.549296 0.173307
0.199752 0.255408 9.9982E-05 0.00656723 9.9982E-05 0.0437909 0.19279 0.301492
0.120339 0.399785 9.9955E-05 9.9955E-05 9.9955E-05 9.9955E-05 9.9955E-05 0.479376
0.130067 0.447696 9.9964E-05 9.9964E-05 0.00399387 9.9964E-05 9.9964E-05 0.417843
0.348122 0.243962 9.9973E-05 9.9973E-05 9.9973E-05 0.0151642 0.0785102 0.313942
9.9955E-05 0.232988 0.115392 9.9955E-05 9.9955E-05 9.9955E-05 0.651121 9.9955E-05
0.0186819 0.133699 9.9991E-05 0.0423565 0.101306 0.0621075 0.594762 0.046987
0.682289 9.9955E-05 9.9955E-05 9.9955E-05 9.9955E-05 0.0855917 0.23162 9.9955E-05
0.428098 9.9982E-05 0.134002 0.031024 9.9982E-05 0.102944 0.22247 0.0812615
0.329123 9.9982E-05 0.00654801 9.9982E-05 0.0919598 0.00399755 0.461776 0.106395
9.9982E-05 0.345688 0.133878 0.019493 0.102824 0.0734803 0.324436 9.9982E-05
0.0660773 0.148919 0.0658983 0.144202 0.0119032 0.0832147 0.479685 9.9991E-05
9.9973E-05 0.517964 0.104524 9.9973E-05 0.161435 0.0250262 0.190751 9.9973E-05
9.9973E-05 0.213749 0.0922713 9.9973E-05 0.0593536 0.0545532 0.579773 9.9973E-05
9.9982E-05 0.123979 0.143019 9.9982E-05 0.105849 0.232641 0.354514 0.039797
0.0427505 0.237399 0.0300302 0.00413763 0.00724394 0.124618 0.553721 9.9991E-05
9.9982E-05 0.421239 0.148546 0.0237764 0.142936 0.118267 0.145035 9.9982E-05
0.0725727 0.0614345 0.186502 0.0152367 0.0561384 9.9991E-05 0.566931 0.0410839
0.088312 0.171873 0.103923 0.1289 0.0469817 9.9982E-05 0.45981 9.9982E-05
0.941983 9.9955E-05 9.9955E-05 9.9955E-05 0.0459307 9.9955E-05 0.0115868 9.9955E-05
0.863682 0.011429 9.9973E-05 0.0111291 9.9973E-05 0.0199254 0.0935341 9.9973E-05
0.563841 9.9964E-05 9.9964E-05 9.9964E-05 9.9964E-05 0.180945 0.22647 0.028344
0.675579 9.9964E-05 0.0326576 9.9964E-05 0.0213839 9.9964E-05 0.26998 9.9964E-05
0.820375 0.0132821 9.9964E-05 9.9964E-05 9.9964E-05 0.0481346 0.117808 9.9964E-05
0.9993 9.994E-05 9.994E-05 9.994E-05 9.994E-05 9.994E-05 9.994E-05 9.994E-05
0.965841 9.9964E-05 9.9964E-05 0.0158015 0.0101201 9.9964E-05 9.9964E-05 0.0078379
0.832221 9.9955E-05 9.9955E-05 9.9955E-05 0.0171643 9.9955E-05 0.150115 9.9955E-05
0.921384 9.9964E-05 9.9964E-05 0.0245925 9.9964E-05 0.0432506 0.0103727 9.9964E-05
0.9993 9.994E-05 9.994E-05 9.994E-05 9.994E-05 9.994E-05 9.994E-05 9.994E-05
0.9993 9.994E-05 9.994E-05 9.994E-05 9.994E-05 9.994E-05 9.994E-05 9.994E-05
0.759268 9.9982E-05 9.9982E-05 0.00990086 0.0340971 0.00977489 0.145009 0.0417505
0.789149 9.9964E-05 9.9964E-05 0.0266437 9.9964E-05 9.9964E-05 0.13026 0.0535471
0.962423 9.9955E-05 0.00730764 0.0297699 9.9955E-05 9.9955E-05 9.9955E-05 9.9955E-05
0.416373 9.9991E-05 0.134815 0.0973565 0.0224618 0.0968148 0.224908 0.00717144
0.647512 9.9982E-05 0.00427822 0.07026 0.019825 9.9982E-05 0.214603 0.0433226
0.744418 9.9982E-05 9.9982E-05 0.00939534 0.0107884 0.00524737 0.178998 0.0509532
0.900483 9.9973E-05 9.9973E-05 0.0166884 9.9973E-05 0.0623292 0.00976968 0.0104295
0.98454 9.9946E-05 9.9946E-05 0.0148599 9.9946E-05 9.9946E-05 9.9946E-05 9.9946E-05
0.888402 9.9973E-05 9.9973E-05 9.9973E-05 0.00446903 0.0215403 0.0234193 0.0618696
0.9993 9.994E-05 9.994E-05 9.994E-05 9.994E-05 9.994E-05 9.994E-05 9.994E-05
0.599951 9.9973E-05 0.0466894 0.0824175 9.9973E-05 9.9973E-05 0.245561 0.0250812
0.868983 9.9964E-05 0.0581816 9.9964E-05 9.9964E-05 0.0575714 9.9964E-05 0.0148641
0.0218602 0.607664 9.9964E-05 9.9964E-05 0.0751751 9.9964E-05 9.9964E-05 0.294901
9.9982E-05 0.229637 0.0449775 0.0947215 9.9982E-05 0.0314182 0.456439 0.142607
9.9964E-05 0.306577 9.9964E-05 0.0108329 9.9964E-05 9.9964E-05 0.521166 0.161024
0.0935471 0.47192 0.148809 9.9973E-05 9.9973E-05 9.9973E-05 0.135774 0.149651
0.0714209 0.184888 0.105189 0.0662638 9.9991E-05 0.0129845 0.456895 0.102259
0.07567 0.407615 0.0947668 9.9982E-05 9.9982E-05 0.0144751 0.222043 0.185231
0.085875 0.0961075 9.9982E-05 0.00715551 0.177656 9.9982E-05 0.441611 0.191394
0.114003 0.384466 0.0337633 0.00540625 9.9982E-05 9.9982E-05 0.334991 0.12717
0.123991 0.195358 9.9973E-05 9.9973E-05 0.0806302 9.9973E-05 0.462994 0.136727
0.152797 0.349301 9.9964E-05 9.9964E-05 9.9964E-05 9.9964E-05 0.352134 0.145367
0.0885063 0.162001 0.0788752 9.9982E-05 9.9982E-05 0.0212021 0.449212 0.200003
9.9964E-05 0.0619503 9.9964E-05 0.0787821 9.9964E-05 9.9964E-05 0.0763251 0.782543
0.0524728 9.9964E-05 9.9964E-05 9.9964E-05 0.0305447 9.9964E-05 0.0229536 0.893629
9.9964E-05 0.0209742 0.0364625 9.9964E-05 9.9964E-05 9.9964E-05 0.0153479 0.926816
9.9955E-05 9.9955E-05 9.9955E-05 0.0460848 9.9955E-05 9.9955E-05 0.0318609 0.921555
0.00226446 9.9973E-05 9.9973E-05 0.0350918 9.9973E-05 0.0724326 0.00599139 0.88392
0.0587097 9.9955E-05 9.9955E-05 9.9955E-05 0.0413574 9.9955E-05 9.9955E-05 0.899433
0.0850508 9.9964E-05 9.9964E-05 0.0232996 9.9964E-05 9.9964E-05 0.0307048 0.860545
9.9964E-05 0.0904671 9.9964E-05 9.9964E-05 0.00859422 9.9964E-05 0.0404939 0.860045
0.044831 9.9964E-05 0.0479143 9.9964E-05 9.9964E-05 0.0473799 9.9964E-05 0.859475
0.107033 0.0179596 9.9964E-05 9.9964E-05 9.9964E-05 0.0568442 9.9964E-05 0.817764
9.9964E-05 9.9964E-05 9.9964E-05 0.105428 0.106699 0.196092 9.9964E-05 0.591381
9.9964E-05 9.9964E-05 0.0522357 0.243361 9.9964E-05 0.134411 9.9964E-05 0.569593
9.9973E-05 0.0323324 9.9973E-05 0.0783551 0.120024 0.260685 9.9973E-05 0.508303
9.9982E-05 0.0116024 0.0382487 0.0366923 0.0402321 0.379421 9.9982E-05 0.493604
9.9982E-05 9.9982E-05 0.217955 0.0442935 0.0529601 0.190396 0.432794 0.0614008
9.9982E-05 9.9982E-05 0.246173 0.0386229 0.0660956 0.16962 0.444405 0.0348829
0.0444192 9.9991E-05 0.152037 0.0937813 0.0742444 0.120774 0.474225 0.0404196
9.9991E-05 0.0878517 0.154238 0.093857 0.0969508 0.249709 0.302547 0.0147474
9.9964E-05 9.9964E-05 0.0678164 0.322971 9.9964E-05 0.483122 0.125691 9.9964E-05
0.0529309 9.9991E-05 0.182836 0.070724 0.0700882 0.0939359 0.445065 0.0843195
0.0196058 9.9964E-05 0.361653 9.9964E-05 9.9964E-05 0.0948996 0.523442 9.9964E-05
0.0250969 0.0374225 0.289501 0.125327 0.0353383 0.0193915 0.467822 9.9991E-05
0.0458535 0.0396782 0.548471 0.0129402 0.0011354 9.9982E-05 0.351722 9.9982E-05
9.9982E-05 0.0296359 0.218693 0.116953 0.0299254 0.0320164 0.572576 9.9982E-05
0.0153806 9.9982E-05 0.385419 0.0989364 0.0337899 0.0824999 0.383774 9.9982E-05
9.9964E-05 9.9964E-05 0.766519 0.00611289 0.138325 0.0886439 9.9964E-05 9.9964E-05
9.9982E-05 0.0456794 0.204931 9.9982E-05 0.0730068 0.0997314 0.451713 0.124739
0.0511935 0.145653 0.519908 9.9982E-05 0.0151071 0.0786702 0.189268 9.9982E-05
0.00252684 0.0396358 0.407967 0.0445585 9.9982E-05 9.9982E-05 0.47571 0.0294023
9.9982E-05 9.9982E-05 0.69134 0.0449342 0.0284992 0.1646 0.0197616 0.0506657
9.9955E-05 0.131111 9.9955E-05 0.8208 9.9955E-05 9.9955E-05 9.9955E-05 0.0475893
9.9964E-05 0.132371 9.9964E-05 0.816012 9.9964E-05 9.9964E-05 0.0496021 0.00161476
9.9955E-05 0.030937 9.9955E-05 0.952487 0.0160762 9.9955E-05 9.9955E-05 9.9955E-05
9.9964E-05 0.0360211 9.9964E-05 0.864999 0.0339994 9.9964E-05 9.9964E-05 0.0645804
0.00570892 0.0648713 9.9973E-05 0.837271 0.0256179 9.9973E-05 0.0662305 9.9973E-05
0.08625 0.0114058 9.9964E-05 0.881719 9.9964E-05 9.9964E-05 0.0202255 9.9964E-05
0.00698787 9.9973E-05 0.0371294 9.9973E-05 0.00781227 9.9973E-05 0.0770018 0.870769
0.0404871 9.9973E-05 9.9973E-05 0.0697802 9.9973E-05 0.0862246 0.0228572 0.780351
0.140848 0.0152331 9.9973E-05 9.9973E-05 9.9973E-05 0.02044 0.129045 0.694134
0.145161 9.9973E-05 9.9973E-05 0.0369337 9.9973E-05 0.0815979 0.0256064 0.710401
0.0612443 9.9964E-05 9.9964E-05 9.9964E-05 9.9964E-05 0.0695939 0.0900028 0.778759
9.9973E-05 0.0857857 0.024753 0.486244 9.9973E-05 0.0346572 9.9973E-05 0.36826
9.9973E-05 0.0522142 0.0714851 0.373729 0.0926206 9.9973E-05 9.9973E-05 0.409651
0.00859157 9.9973E-05 0.0999047 0.474064 0.0427616 9.9973E-05 9.9973E-05 0.374379
0.00379522 9.9973E-05 9.9973E-05 0.0213531 9.9973E-05 0.00995987 0.158942 0.80565
0.0022222 9.9964E-05 0.114455 0.549031 9.9964E-05 9.9964E-05 9.9964E-05 0.333892
0.349156 0.171487 9.9973E-05 9.9973E-05 0.0027282 9.9973E-05 0.275487 0.200843
0.250466 0.0406788 9.9973E-05 0.065024 9.9973E-05 9.9973E-05 0.536251 0.10728
0.203336 9.9955E-05 9.9955E-05 9.9955E-05 9.9955E-05 9.9955E-05 0.534466 0.261699
0.20215 0.127902 0.00500979 0.019332 0.00937094 0.00983388 0.362882 0.263519
0.118404 0.00854837 0.163016 9.9982E-05 9.9982E-05 0.0337746 0.511864 0.164193
0.311636 0.2767 9.9955E-05 9.9955E-05 9.9955E-05 9.9955E-05 9.9955E-05 0.411164
9.9982E-05 0.0714555 0.0780582 0.168131 0.0311211 0.269459 0.381575 9.9982E-05
9.9991E-05 0.141112 0.102066 0.0857702 0.109216 0.162178 0.359873 0.0396854
0.0112865 0.00703388 9.9991E-05 0.109819 0.00715121 0.6146 0.177079 0.0729302
9.9982E-05 0.0765938 0.0832542 0.0830737 0.232156 0.0818008 0.442922 9.9982E-05
9.9973E-05 0.308095 0.184694 0.0758117 0.240269 0.190831 9.9973E-05 9.9973E-05
0.0264986 0.0848475 9.9982E-05 0.0847084 9.9982E-05 0.212282 0.503164 0.0883001
9.9982E-05 0.0683252 0.00849022 0.177094 0.231868 0.0320829 0.481939 9.9982E-05
9.9991E-05 0.0310149 0.122359 0.120268 0.0358994 0.406419 0.248956 0.0349829
0.0538838 0.090169 0.0489003 0.064375 0.0306658 0.206754 0.447849 0.0574025
9.9982E-05 0.244153 0.0913189 0.00531389 0.0661358 0.550715 0.0421636 9.9982E-05
9.9982E-05 0.154488 0.142793 0.0524195 0.166438 0.0282713 0.45539 9.9982E-05
9.9973E-05 0.00487388 0.0952181 0.256224 9.9973E-05 0.134753 0.508631 9.9973E-05
0.230607 0.0968467 0.106876 0.0928343 9.9991E-05 0.0873389 0.29525 0.0901464
9.9982E-05 0.0666289 0.0691723 0.102662 0.116483 0.348909 0.295945 9.9982E-05
0.0562707 0.00748622 0.0568723 0.0740949 0.113243 0.281012 0.408123 0.0028977
0.0107036 0.115205 0.128175 0.0123245 0.0730297 0.139061 0.519211 0.00229009
9.9982E-05 0.0502964 0.151332 0.0109733 0.130222 0.150666 0.50631 9.9982E-05
0.0587364 9.9982E-05 0.0350002 0.120204 0.116484 0.0666134 0.602762 9.9982E-05
0.00892506 0.0710376 0.0161558 0.0647059 0.112865 0.113505 0.557973 0.0548336
9.9991E-05 0.0844138 0.0738627 0.129747 0.00617643 0.0710255 0.590576 0.0440985
0.0652741 9.9955E-05 9.9955E-05 9.9955E-05 9.9955E-05 9.9955E-05 0.149371 0.784856
9.9973E-05 0.0179366 0.0150164 9.9973E-05 0.0334296 9.9973E-05 0.108127 0.82519
9.9991E-05 0.0624703 0.00415916 0.0544489 0.0310284 0.0225085 0.0880202 0.737264
0.0304454 9.9982E-05 0.0892062 0.014208 0.0406023 9.9982E-05 0.0454539 0.779884
0.00487265 9.9964E-05 0.00998324 9.9964E-05 9.9964E-05 9.9964E-05 0.154621 0.830123
0.055183 9.9982E-05 9.9982E-05 0.16427 0.0458104 0.642279 0.0492821 0.042976
0.0177721 0.00193797 0.140986 0.0566821 0.123175 0.158867 0.43268 0.0678992
0.135842 0.120337 0.0385769 0.000316452 0.0312096 0.100415 0.389719 0.183584
0.106621 0.0642316 0.0223982 0.0827651 0.0321647 0.100627 0.579488 0.0117047
9.9982E-05 0.0214422 0.0535843 0.0623079 9.9982E-05 0.287061 0.504126 0.071278
0.0875385 0.155783 9.9982E-05 0.179536 0.122009 0.217625 0.237309 9.9982E-05
9.9973E-05 0.053243 0.037031 0.222019 9.9973E-05 0.551317 9.9973E-05 0.13609
9.9973E-05 9.9973E-05 0.0915901 0.192197 9.9973E-05 0.0796796 0.546252 0.089981
0.0351427 9.9991E-05 0.0315741 0.183335 0.202793 0.407571 0.0781016 0.0613831
0.0396613 0.0785436 0.0667301 0.200415 0.0619081 0.0558328 0.442779 0.0541298
0.0479354 9.9991E-05 0.00438222 0.130854 0.136851 0.561722 0.00585622 0.1123
0.0381859 9.9982E-05 0.0549399 0.121392 9.9982E-05 0.144058 0.520309 0.120916
9.9982E-05 9.9982E-05 0.00954299 0.0974061 0.0876956 0.641452 0.0693413 0.094362
0.0440236 0.104426 0.076574 0.0725109 0.0338191 0.259158 0.36311 0.0463786
0.0432833 0.095795 9.9991E-05 0.00596684 0.0354466 0.243698 0.50861 0.0671007
9.9973E-05 0.457515 9.9973E-05 0.0289676 0.125844 0.141356 0.246018 9.9973E-05
9.9982E-05 0.206727 9.9982E-05 0.0318652 0.00396363 0.19367 0.542324 0.02125
9.9991E-05 0.228164 0.0766479 0.027249 0.03966 0.0476891 0.513901 0.0665891
9.9982E-05 0.43434 0.0883568 0.019942 0.0607886 0.027843 0.36853 9.9982E-05
0.0685977 0.150132 0.152976 9.9991E-05 0.0588568 0.151683 0.393239 0.0244156
9.9982E-05 0.252229 0.0239991 0.0929683 0.0488119 9.9982E-05 0.552938 0.0288541
9.9982E-05 0.53749 0.217571 0.0808745 0.0487361 0.081058 0.0340712 9.9982E-05
9.9973E-05 0.586524 0.138131 0.00149181 0.0623355 9.9973E-05 0.211218 9.9973E-05
9.9973E-05 0.276846 0.0152592 0.10648 0.0955188 9.9973E-05 0.505596 9.9973E-05
9.9982E-05 0.4599 0.170618 0.095554 0.0408355 0.0835256 0.149366 9.9982E-05
9.9964E-05 0.294181 0.0915761 9.9964E-05 9.9964E-05 0.219185 0.394658 9.9964E-05
0.00723558 9.9982E-05 0.1288 0.254087 0.0157831 0.570247 0.0236473 9.9982E-05
0.0129968 0.0792484 0.147782 0.136978 0.252342 0.194332 0.17622 9.9991E-05
0.0517578 9.9991E-05 0.0276133 0.208002 0.14309 0.288832 0.26617 0.0144356
0.17554 0.00679338 0.040855 0.113806 9.9982E-05 0.146827 0.515979 9.9982E-05
0.0038748 9.9982E-05 0.15116 0.253561 0.00684166 0.363597 0.220766 9.9982E-05
0.0266347 0.0961166 0.0113196 0.181394 0.04629 0.0690342 0.471391 0.0978197
0.128233 9.9973E-05 9.9973E-05 0.0733398 9.9973E-05 0.260018 0.483636 0.0544732
0.104396 9.9973E-05 0.0817996 0.0583444 9.9973E-05 0.295118 0.460042 9.9973E-05
0.126463 9.9982E-05 0.0497856 0.113231 0.143756 0.209035 0.35753 9.9982E-05
0.0389211 9.9991E-05 0.151543 0.140398 0.0111627 0.273872 0.361545 0.0224591
0.0786505 9.9982E-05 0.098222 0.162495 0.0265727 0.4911 0.142759 9.9982E-05
0.106177 9.9982E-05 0.0737738 0.235785 0.0549836 0.303575 0.225505 9.9982E-05
9.9982E-05 0.0617282 0.0148817 0.155486 0.0257493 0.08862 0.653335 9.9982E-05
0.00217073 9.9982E-05 0.0333303 0.0630488 9.9982E-05 0.167555 0.623289 0.110406
9.9991E-05 0.0971221 0.0519928 0.229132 0.145986 0.00209797 0.444336 0.0292334
0.033014 0.022978 0.0129993 0.0881968 0.193244 0.139783 0.4988 0.010986
0.0922303 0.0156557 9.9991E-05 0.23472 0.0504933 0.265403 0.302783 0.0386137
0.0291629 9.9973E-05 0.0423656 0.150954 9.9973E-05 0.183474 0.593744 9.9973E-05
0.103678 9.9982E-05 0.0123013 0.11429 0.00696211 0.332488 0.43008 9.9982E-05
0.160641 0.0501331 0.0163256 0.0207427 0.123778 0.145222 0.40864 0.0745166
0.0912663 0.0779142 0.0448168 9.9982E-05 9.9982E-05 0.00554826 0.420783 0.359472
0.235337 9.9991E-05 0.0358554 0.00320827 0.0474446 0.0618491 0.432463 0.183743
0.0926602 0.0662532 0.0582925 0.126229 9.9991E-05 0.0448778 0.507283 0.104305
0.115864 0.0664639 0.0704335 0.132088 0.051826 9.9991E-05 0.517765 0.0454599
0.153299 9.9982E-05 0.0832952 9.9982E-05 0.0884576 0.0212945 0.443282 0.210172
9.9973E-05 0.125255 0.113535 9.9973E-05 0.106329 0.218201 0.43638 9.9973E-05
0.0926222 9.9982E-05 9.9982E-05 0.0425315 0.0145684 0.127749 0.515225 0.207104
0.122389 0.413735 0.157528 9.9973E-05 9.9973E-05 0.112024 9.9973E-05 0.194023
0.0863413 0.0893913 9.9982E-05 0.0281211 9.9982E-05 0.109094 0.566365 0.120487
0.228676 9.9982E-05 0.161388 0.0900404 9.9982E-05 0.00466757 0.475172 0.0398558
0.24806 0.0471599 0.0394173 0.0887121 9.9991E-05 0.126851 0.438615 0.0110844
0.103688 0.179034 0.0591691 0.040979 0.0154803 0.12598 0.331968 0.143701
0.13334 0.120024 9.9991E-05 0.0115951 0.0112732 0.00680198 0.529763 0.187104
0.145515 0.0751345 0.0418976 9.9982E-05 9.9982E-05 0.0300706 0.559777 0.147406
0.191346 0.376078 9.9955E-05 9.9955E-05 9.9955E-05 9.9955E-05 9.9955E-05 0.432076
0.160484 0.0466301 0.01184 9.9982E-05 9.9982E-05 0.117171 0.518759 0.144916
0.139823 0.125431 9.9982E-05 9.9982E-05 0.0544182 0.0174609 0.583719 0.0789481
0.107002 0.0793027 0.118575 9.9982E-05 0.0263667 9.9982E-05 0.533245 0.135309
0.104673 0.0982498 9.9964E-05 9.9964E-05 9.9964E-05 9.9964E-05 0.624088 0.17259
0.117489 0.0447914 0.0322916 0.00982347 0.0403831 0.0682794 0.513425 0.173517
0.0248247 9.9982E-05 0.0880012 0.0511554 0.401632 9.9982E-05 0.388755 0.0454316
0.0212721 9.9982E-05 0.127239 9.9982E-05 0.258978 0.0444646 0.414634 0.133213
9.9964E-05 0.0393847 0.00172082 9.9964E-05 0.794441 0.164053 9.9964E-05 9.9964E-05
9.9964E-05 0.0699368 9.9964E-05 0.0198283 0.901495 0.00833989 9.9964E-05 9.9964E-05
9.9973E-05 9.9973E-05 0.00418319 9.9973E-05 0.388867 0.14524 0.431917 0.0294934
0.322149 0.128929 9.9973E-05 9.9973E-05 0.104389 0.0824129 0.36182 9.9973E-05
0.339751 0.0727656 9.9973E-05 9.9973E-05 0.239144 9.9973E-05 0.266653 0.0813862
0.27346 0.195788 0.0187059 9.9982E-05 0.160247 9.9982E-05 0.182545 0.169054
0.276169 9.9973E-05 9.9973E-05 9.9973E-05 0.212157 0.0374661 0.28857 0.185337
0.0896326 0.119446 9.9973E-05 9.9973E-05 0.725522 9.9973E-05 0.003918 0.0611809
0.121337 0.122024 9.9973E-05 9.9973E-05 0.577717 9.9973E-05 0.105882 0.0727412
0.0911458 0.018947 0.0194638 9.9973E-05 0.305101 9.9973E-05 0.565043 9.9973E-05
0.077848 9.9973E-05 9.9973E-05 9.9973E-05 0.461056 0.0210331 0.396302 0.0434606
0.0655689 9.9973E-05 9.9973E-05 0.0148837 0.662663 9.9973E-05 0.148201 0.108384
0.0501763 9.9973E-05 9.9973E-05 9.9973E-05 0.280791 0.105769 0.526981 0.0359823
0.0189693 0.0735376 9.9964E-05 9.9964E-05 0.309478 9.9964E-05 0.597616 9.9964E-05
0.142831 0.00588429 0.0698695 0.0147049 0.153628 0.153483 0.353916 0.105683
9.9982E-05 9.9982E-05 0.0542906 0.0843737 0.571706 0.00282998 0.265178 0.0214227
0.0464386 0.00837293 0.0759853 9.9982E-05 0.439187 0.10735 0.322467 9.9982E-05
0.0054448 0.0555363 0.114035 0.138432 0.270682 0.00582684 0.409943 9.9991E-05
9.9982E-05 0.00333585 9.9982E-05 0.135856 0.336888 0.0569366 0.403603 0.0631811
0.13779 0.0732617 0.090391 9.9991E-05 0.0807656 0.229942 0.312831 0.0749194
9.9955E-05 0.145532 9.9955E-05 9.9955E-05 0.40825 9.9955E-05 0.445718 9.9955E-05
9.9973E-05 9.9973E-05 9.9973E-05 0.0805457 0.76188 0.000891947 0.142001 0.014381
0.00270416 0.0276077 9.9973E-05 9.9973E-05 0.352922 9.9973E-05 0.6083 0.00816706
9.9964E-05 9.9964E-05 0.0288796 9.9964E-05 0.718267 0.106686 0.145767 9.9964E-05
9.9982E-05 0.0159439 9.9982E-05 0.0440538 0.557202 0.0172554 0.348175 0.0171709
9.9964E-05 9.9964E-05 0.13333 9.9964E-05 0.25257 9.9964E-05 0.531222 0.082478
9.9982E-05 9.9982E-05 0.0600173 0.0463552 0.33591 0.0865092 0.459505 0.0115032
0.200944 9.9973E-05 0.0300944 9.9973E-05 0.203565 9.9973E-05 0.436682 0.128414
0.144999 0.106271 0.0260182 0.13277 0.116885 9.9991E-05 0.399546 0.0734112
0.233258 0.139804 9.9982E-05 0.0547991 0.0889179 9.9982E-05 0.380844 0.102176
0.170423 0.100088 9.9991E-05 0.0730887 0.0377492 0.0639947 0.350999 0.203557
0.167465 0.0300148 0.097045 0.0365238 9.9991E-05 0.0696823 0.456579 0.14259
0.190665 0.000326808 9.9982E-05 0.0830386 0.169638 9.9982E-05 0.404334 0.151798
0.102628 0.188158 9.9964E-05 9.9964E-05 0.571013 9.9964E-05 9.9964E-05 0.137802
0.079263 9.9982E-05 9.9982E-05 0.0493815 0.128681 0.000408454 0.627293 0.114774
0.087983 0.164044 9.9964E-05 9.9964E-05 0.388862 9.9964E-05 9.9964E-05 0.358711
0.216884 0.0222412 9.9973E-05 9.9973E-05 0.261791 9.9973E-05 0.456881 0.0419026
9.9955E-05 9.9955E-05 0.185051 9.9955E-05 0.788888 9.9955E-05 0.0255617 9.9955E-05
9.9955E-05 9.9955E-05 0.113653 9.9955E-05 0.838499 0.047348 9.9955E-05 9.9955E-05
0.0112234 9.9973E-05 0.00264569 9.9973E-05 0.497577 0.11453 0.373724 9.9973E-05
9.9946E-05 9.9946E-05 9.9946E-05 9.9946E-05 0.372921 9.9946E-05 0.626479 9.9946E-05
9.9982E-05 0.0380765 0.0279158 0.00302449 0.59676 0.0324127 0.30161 9.9982E-05
0.0232107 9.9964E-05 0.0514895 9.9964E-05 0.516764 9.9964E-05 0.408136 9.9964E-05
9.9955E-05 9.9955E-05 9.9955E-05 0.0250998 0.498615 9.9955E-05 0.475785 9.9955E-05
0.0605468 9.9973E-05 9.9973E-05 9.9973E-05 0.0610526 0.0775746 0.0555085 0.745018
0.101381 0.016418 9.9982E-05 0.0448107 0.0557201 0.0871305 9.9982E-05 0.69434
0.0328466 9.9955E-05 9.9955E-05 9.9955E-05 9.9955E-05 0.0607678 9.9955E-05 0.905886
9.9946E-05 9.9946E-05 9.9946E-05 9.9946E-05 9.9946E-05 9.9946E-05 0.0758075 0.923593
0.0049687 9.9991E-05 0.252199 0.00426582 0.120541 0.0812698 0.515448 0.0212067
0.0155176 9.9982E-05 0.493482 0.00578311 9.9982E-05 0.032483 0.387984 0.0645505
9.9955E-05 9.9955E-05 0.454934 9.9955E-05 9.9955E-05 0.123178 0.421389 9.9955E-05
0.00827224 0.0017657 0.282063 0.0164897 9.9982E-05 9.9982E-05 0.538127 0.153082
0.0117122 0.190029 0.14977 0.0930434 9.9982E-05 0.0129433 0.542303 9.9982E-05
0.0298391 0.0801656 0.485344 0.0239723 9.9982E-05 0.205572 0.174907 9.9982E-05
0.044899 9.9973E-05 0.405253 9.9973E-05 9.9973E-05 0.0405567 0.491295 0.0176963
9.9964E-05 0.175554 0.451018 9.9964E-05 0.00823796 9.9964E-05 0.36479 9.9964E-05
0.146621 0.02398 0.0771844 9.9991E-05 0.0366373 0.122248 0.350472 0.242758
0.0606507 9.9973E-05 0.450922 0.0863553 0.0617764 9.9973E-05 0.339996 9.9973E-05
0.00891523 9.9973E-05 0.532161 0.13658 9.9973E-05 0.0354313 0.286613 9.9973E-05
0.000707463 9.9973E-05 0.349525 0.0408817 0.0893298 9.9973E-05 0.519256 9.9973E-05
9.9982E-05 9.9982E-05 0.408537 0.0115032 0.136769 0.0663494 0.323104 0.0535375
0.00444977 0.0338987 0.340112 9.9973E-05 0.0801101 9.9973E-05 0.541129 9.9973E-05
9.9973E-05 9.9973E-05 0.292071 9.9973E-05 0.0533879 0.0192616 0.565622 0.0693582
9.9955E-05 9.9955E-05 0.915837 9.9955E-05 0.0213988 9.9955E-05 0.0622639 9.9955E-05
0.0241232 0.105553 0.634971 0.00156734 0.0188304 9.9982E-05 0.214755 9.9982E-05
9.9964E-05 9.9964E-05 0.619979 0.0865194 0.035211 9.9964E-05 0.25789 9.9964E-05
9.9955E-05 0.149918 0.810923 9.9955E-05 0.03866 9.9955E-05 9.9955E-05 9.9955E-05
9.9982E-05 9.9982E-05 0.296042 0.187944 0.0526553 0.0295457 0.421389 0.0122244
9.9964E-05 0.202329 0.713954 0.0459693 9.9964E-05 9.9964E-05 0.0373476 9.9964E-05
9.9955E-05 0.247773 0.651446 9.9955E-05 0.100281 9.9955E-05 9.9955E-05 9.9955E-05
9.9982E-05 0.040029 0.277496 9.9982E-05 0.0387729 0.0352967 0.522491 0.0857142
9.9964E-05 9.9964E-05 0.612704 9.9964E-05 9.9964E-05 0.182074 0.170354 0.0344673
0.109355 0.0607064 0.377185 0.122677 9.9982E-05 0.0959291 0.233948 9.9982E-05
0.172305 9.9982E-05 0.313716 0.114005 0.00451439 9.9982E-05 0.322696 0.0725635
9.9964E-05 9.9964E-05 0.37918 0.104165 9.9964E-05 0.0112411 0.505014 9.9964E-05
0.00978979 0.170714 0.0348394 0.18353 0.122147 0.102014 0.376867 9.9991E-05
0.0192931 9.9982E-05 0.352617 0.0628211 0.0212357 9.9982E-05 0.49349 0.0503433
9.9982E-05 0.00453597 0.343706 0.0199162 9.9982E-05 0.0848506 0.500611 0.0461806
9.9955E-05 0.0265045 0.646306 9.9955E-05 9.9955E-05 9.9955E-05 0.32669 9.9955E-05
0.00348972 9.9982E-05 0.255505 0.0437803 0.127401 9.9982E-05 0.500214 0.06941
9.9973E-05 0.0838825 0.042778 0.173723 9.9973E-05 0.0797414 9.9973E-05 0.619575
9.9973E-05 0.0815022 0.0308879 0.0823552 9.9973E-05 9.9973E-05 0.08271 0.722245
9.9964E-05 0.0862599 9.9964E-05 0.0880764 9.9964E-05 0.0447255 9.9964E-05 0.780538
9.9973E-05 0.0308155 0.0334566 0.128586 0.0242801 9.9973E-05 9.9973E-05 0.782562
9.9973E-05 0.0471816 9.9973E-05 0.148679 9.9973E-05 0.0376227 0.0518474 0.714369
0.0479841 9.9982E-05 0.678218 0.0178193 9.9982E-05 0.184266 0.0426252 0.0288869
9.9982E-05 0.0321636 0.642993 0.0594448 9.9982E-05 0.0946659 0.105712 0.0648207
0.0650932 0.0388712 0.795128 9.9973E-05 0.0171816 9.9973E-05 0.0834262 9.9973E-05
0.0715812 0.0118727 0.110998 0.0357787 0.100197 0.00583816 0.535438 0.128296
0.0413675 0.0289326 0.158802 9.9991E-05 0.0647531 0.0530022 0.551736 0.101307
9.9964E-05 0.0243614 0.684907 9.9964E-05 9.9964E-05 9.9964E-05 0.211148 0.0791835
0.0478971 0.033971 0.2762 9.9982E-05 0.0333127 9.9982E-05 0.598784 0.0096361
0.0792496 9.9982E-05 0.403865 0.0746173 0.00663149 9.9982E-05 0.349615 0.0858214
0.0201962 9.9973E-05 0.285368 9.9973E-05 0.0961922 0.0838379 0.514105 9.9973E-05
9.9982E-05 9.9982E-05 0.185878 0.0447482 0.00438483 0.0791027 0.631551 0.054135
0.0633713 9.9973E-05 0.556571 0.016316 9.9973E-05 0.191292 0.17215 9.9973E-05
9.9955E-05 9.9955E-05 0.564374 9.9955E-05 9.9955E-05 0.126474 0.308652 9.9955E-05
9.9964E-05 9.9964E-05 0.450661 0.0695297 9.9964E-05 0.193578 0.285832 9.9964E-05
9.9991E-05 0.175556 0.0211593 0.0512692 0.0356422 0.00407783 0.625107 0.0870881
9.9964E-05 9.9964E-05 0.580147 0.0506552 9.9964E-05 9.9964E-05 0.348906 0.0198919
0.0373406 0.061447 0.350265 0.0247211 9.9991E-05 0.038716 0.455496 0.0319137
0.427039 0.0329141 9.9973E-05 9.9973E-05 9.9973E-05 0.0237171 0.455072 0.0609578
0.344434 0.0271589 9.9982E-05 0.044163 9.9982E-05 0.0160097 0.453553 0.114481
0.448395 0.0351292 9.9964E-05 9.9964E-05 9.9964E-05 9.9964E-05 0.396669 0.119407
0.492179 0.0880085 9.9964E-05 9.9964E-05 9.9964E-05 9.9964E-05 0.290012 0.129401
0.206365 0.00912458 9.9973E-05 0.0245898 9.9973E-05 9.9973E-05 0.537959 0.221662
0.0203051 0.150034 0.323856 9.9973E-05 9.9973E-05 9.9973E-05 0.465045 0.0404606
0.556195 0.0730446 9.9964E-05 9.9964E-05 9.9964E-05 9.9964E-05 0.120446 0.249915
0.436512 9.9982E-05 0.00509985 0.0256618 0.0384604 9.9982E-05 0.32967 0.164396
0.180332 0.197427 0.206397 9.9973E-05 9.9973E-05 9.9973E-05 0.297308 0.118237
9.9973E-05 0.267697 9.9973E-05 0.0266027 9.9973E-05 0.00569215 0.582917 0.116792
9.9973E-05 0.287117 9.9973E-05 9.9973E-05 0.0346696 0.145808 0.430432 0.101674
9.9973E-05 0.233764 9.9973E-05 0.000594888 9.9973E-05 0.0152748 0.650657 0.0994097
9.9982E-05 0.138819 0.158112 0.0452375 0.0619406 9.9982E-05 0.549061 0.046631
0.400413 0.0321812 9.9964E-05 9.9964E-05 9.9964E-05 9.9964E-05 0.357868 0.209138
0.330186 9.9982E-05 9.9982E-05 0.0403699 0.0549182 0.0184718 0.405642 0.150213
0.454489 9.9964E-05 9.9964E-05 9.9964E-05 0.000850623 9.9964E-05 0.51089 0.0333709
0.214607 0.089618 0.0348837 0.0639121 0.0276544 0.00199357 0.435426 0.131906
0.510346 0.0534711 0.0531861 9.9982E-05 0.0149249 9.9982E-05 0.298798 0.0690741
0.230262 9.9982E-05 0.0707055 0.072068 0.0523565 9.9982E-05 0.42981 0.144598
0.530759 9.9964E-05 9.9964E-05 9.9964E-05 0.0492618 9.9964E-05 0.290424 0.129155
0.349396 0.0691942 9.9982E-05 0.032433 9.9982E-05 0.103811 0.391302 0.0536632
9.9973E-05 0.320921 9.9973E-05 0.0456002 9.9973E-05 0.011979 0.600301 0.0208989
0.218383 9.9982E-05 0.0475065 0.0605738 0.0581783 9.9982E-05 0.462038 0.153121
0.564462 0.0261012 9.9964E-05 9.9964E-05 9.9964E-05 9.9964E-05 0.251758 0.157278
0.368149 0.0617282 0.0527151 0.0412821 0.0800124 9.9991E-05 0.288766 0.107248
9.9982E-05 0.273043 0.0443247 0.139397 9.9982E-05 0.289442 0.177939 0.0756544
0.0364291 0.237049 9.9973E-05 0.00557265 9.9973E-05 0.125203 0.595446 9.9973E-05
0.368971 0.0603593 0.026434 0.0132333 9.9991E-05 0.08688 0.28114 0.162882
9.9973E-05 0.0910657 9.9973E-05 9.9973E-05 0.0590044 0.194622 0.549053 0.105955
9.9982E-05 0.231822 0.031359 0.104407 0.0228963 9.9982E-05 0.534683 0.0746332
0.188657 0.00998255 0.0653909 0.0584534 0.00840577 0.0459999 0.38108 0.24203
0.284024 0.0619365 9.9973E-05 9.9973E-05 0.121641 9.9973E-05 0.324271 0.207827
0.176988 0.0454344 0.115 0.0667872 9.9991E-05 0.00556172 0.530484 0.059645
0.391165 9.9973E-05 0.0175388 9.9973E-05 9.9973E-05 0.10503 0.368612 0.117354
0.328245 9.9964E-05 9.9964E-05 9.9964E-05 9.9964E-05 0.00952071 0.566934 0.0949004
0.622258 0.00409216 9.9973E-05 9.9973E-05 0.068728 9.9973E-05 0.102308 0.202315
0.0539081 0.0760498 0.0244511 0.0480517 0.061836 0.0654045 0.600878 0.0694203
9.9982E-05 0.220312 0.0106469 0.0176905 9.9982E-05 0.245471 0.420168 0.0855122
0.0127198 0.644539 0.0394229 0.00621046 0.00626909 9.9991E-05 0.228531 0.0622076
0.090261 0.140205 0.125397 9.9982E-05 9.9982E-05 0.00326402 0.554497 0.0861758
0.0740892 0.160885 0.0114506 0.0739489 0.0615295 0.146095 0.388351 0.0836499
0.13151 0.214231 0.0256278 9.9982E-05 9.9982E-05 0.0261654 0.457862 0.144403
0.0322686 0.18926 0.0251271 0.0279372 9.9991E-05 0.150707 0.484338 0.0902625
0.157517 0.624552 9.9955E-05 9.9955E-05 9.9955E-05 9.9955E-05 9.9955E-05 0.217432
0.0977091 0.668249 9.9955E-05 9.9955E-05 9.9955E-05 9.9955E-05 9.9955E-05 0.233542
0.111738 0.448779 9.9982E-05 9.9982E-05 0.0280132 0.0419357 0.270745 0.0985889
