0.0133526 0.928789 9.9991E-05 0.0577584
0.0525082 0.947292 9.9982E-05 9.9982E-05
9.999E-05 0.84326 0.0891558 0.0674844
0.0121583 0.859572 0.0696122 0.0586572
9.999E-05 0.871542 0.03533 0.0930279
0.211977 0.636599 0.0137127 0.137712
0.0920467 0.874935 9.9991E-05 0.0329179
0.147837 0.776429 9.9991E-05 0.0756332
0.13727 0.86253 9.9982E-05 9.9982E-05
0.0753732 0.767702 0.050416 0.106509
0.184062 0.7851 0.00546514 0.0253723
0.460274 0.0466767 0.415842 0.0772075
0.178797 0.0713593 0.650484 0.0993593
0.461202 0.117887 0.328321 0.0925905
0.300468 0.139165 0.478576 0.0817914
0.260094 0.12578 0.409888 0.204239
0.132182 0.0811361 0.614663 0.172019
0.31845 0.0225792 0.551696 0.107275
0.273119 0.19457 0.490348 0.0419632
0.725918 0.154608 0.0574617 0.0620122
0.266854 0.0728165 0.54114 0.11919
0.407542 0.0103474 0.487344 0.0947669
0.224323 0.104937 0.648702 0.0220383
0.422138 0.0717478 0.410845 0.0952693
0.0785657 0.123677 0.622096 0.17566
0.138917 0.0837274 0.659159 0.118196
0.428551 0.140812 0.42243 0.00820681
0.440063 0.0926957 0.309135 0.158105
0.496033 0.0959234 0.407944 9.9991E-05
9.9991E-05 0.810196 0.0617616 0.127942
9.9991E-05 0.854714 0.112304 0.0328821
9.9991E-05 0.793674 0.144138 0.0620885
9.9991E-05 0.713052 0.145967 0.14088
0.266796 0.101783 0.631321 9.9991E-05
0.154763 0.170907 0.67423 9.9991E-05
0.135264 0.0537207 0.810916 9.9991E-05
0.54919 0.160617 0.290093 9.9991E-05
0.425742 9.9991E-05 0.568783 0.00537473
0.281682 0.0604089 0.646497 0.0114124
0.0381491 0.0426196 0.872079 0.0471519
0.114106 0.139139 0.746398 0.000356442
0.0412221 0.181419 0.777259 9.9991E-05
0.548214 0.0390337 0.407806 0.00494617
0.132727 0.0474295 0.69111 0.128734
0.152533 0.0782723 0.692782 0.0764124
0.0807249 0.146693 0.676417 0.0961646
0.367777 9.9982E-05 0.632023 9.9982E-05
0.222755 0.0355935 0.663863 0.0777892
0.0441195 0.121779 0.78041 0.0536913
0.836533 0.108632 0.0547347 9.9991E-05
0.633099 0.0217264 0.345075 9.9991E-05
0.701529 0.0256273 0.167479 0.105365
0.120249 0.150395 0.651753 0.0776028
0.229071 0.0761745 0.604311 0.0904444
0.0823281 0.0640944 0.73434 0.119238
0.573327 0.186362 0.240211 9.9991E-05
0.208529 0.0908007 0.677969 0.0227016
0.163365 0.0342691 0.591203 0.211164
0.361152 0.150749 0.454206 0.0338929
0.490788 0.259408 0.190305 0.0594984
0.224801 0.126589 0.586694 0.0619165
0.273837 0.147907 0.510979 0.0672778
0.690672 0.146716 0.162512 9.9991E-05
0.34665 0.0178532 0.532055 0.103442
0.185452 0.0595727 0.63112 0.123855
0.187187 0.0797219 0.672331 0.0607605
0.383439 0.10548 0.419066 0.0920155
0.211487 0.0990455 0.661044 0.0284243
0.21061 0.0622359 0.700214 0.0269401
0.531411 0.108595 0.359894 9.9991E-05
0.174404 9.9982E-05 0.825396 9.9982E-05
0.53557 9.9982E-05 0.46423 9.9982E-05
0.238236 0.0665591 0.536819 0.158386
0.73466 9.9982E-05 0.26514 9.9982E-05
0.724814 9.9982E-05 0.274986 9.9982E-05
0.4209 9.9982E-05 0.5789 9.9982E-05
0.267226 0.0383364 0.694338 9.9991E-05
0.104803 0.190722 0.58519 0.119285
0.290912 9.9991E-05 0.662409 0.0465791
0.474649 0.0695155 0.455736 9.9991E-05
0.43202 0.0711439 0.496736 9.9991E-05
0.163182 0.0856354 0.595066 0.156116
0.39604 9.9982E-05 0.60376 9.9982E-05
0.241459 0.0847045 0.673736 9.9991E-05
0.325495 9.9982E-05 0.674305 9.9982E-05
0.734447 9.9991E-05 0.261647 0.00380666
0.0861931 0.0363708 0.811788 0.0656484
9.9991E-05 0.856204 0.11799 0.0257067
9.9982E-05 0.905165 0.0946352 9.9982E-05
9.9991E-05 0.893778 0.0722461 0.0338758
9.9991E-05 0.95355 0.0162799 0.0300706
0.00419487 0.896937 0.0967173 0.00215118
9.9991E-05 0.915091 0.0648175 0.0199916
9.9982E-05 0.955375 0.0444255 9.9982E-05
0.12843 0.158491 0.655138 0.0579412
0.134484 0.106136 0.700362 0.0590176
0.671745 9.9982E-05 0.328055 9.9982E-05
0.246774 0.0664698 0.554553 0.132203
0.260027 0.0523842 0.687488 9.9991E-05
0.0615474 0.0480337 0.847842 0.0425767
0.171813 0.0338241 0.775063 0.0193
0.21209 9.9991E-05 0.721486 0.0663237
0.750808 0.0328498 0.216242 9.9991E-05
0.195248 0.118653 0.611599 0.0744996
0.0692446 0.149298 0.781358 9.9991E-05
0.0753191 0.121626 0.758947 0.0441082
0.459951 9.9991E-05 0.506973 0.0329753
0.242612 9.9982E-05 0.757188 9.9982E-05
0.327623 0.0334035 0.617507 0.021466
0.341874 9.9982E-05 0.657926 9.9982E-05
0.218297 0.0966339 0.684969 9.9991E-05
0.0390655 0.127127 0.768123 0.0656841
0.555643 0.104588 0.284627 0.0551419
0.277781 0.15282 0.467582 0.101817
0.115257 0.15715 0.696567 0.031026
0.240389 0.0498193 0.624174 0.085618
0.268725 0.128513 0.602662 9.9991E-05
0.241293 0.0325179 0.643615 0.0825737
0.28338 0.0996064 0.616914 9.9991E-05
0.243081 0.0972909 0.587477 0.0721516
0.160397 0.0938267 0.592283 0.153493
0.165235 0.0801537 0.726928 0.0276837
0.274766 0.0400992 0.685035 9.9991E-05
0.149849 0.039049 0.661538 0.149564
0.169169 0.161304 0.522583 0.146944
0.0905768 0.0999304 0.755734 0.0537587
0.138283 0.156816 0.61605 0.0888512
0.23123 0.0530458 0.552253 0.163471
0.371434 0.0685518 0.45823 0.101783
0.177386 9.9991E-05 0.635594 0.18692
0.110352 0.0254422 0.716317 0.147889
0.492767 0.0994993 0.402672 0.00506176
0.625781 0.0968467 0.188558 0.0888135
0.137192 0.104473 0.698819 0.0595154
0.746622 9.9991E-05 0.117261 0.136017
0.461746 0.117846 0.420307 9.9991E-05
0.37701 0.0279858 0.594904 9.9991E-05
0.431151 0.0438417 0.524908 9.9991E-05
0.498836 0.0657253 0.435339 9.9991E-05
0.241652 0.0647175 0.557791 0.135839
0.105924 0.199567 0.603718 0.090792
0.162993 0.100828 0.697788 0.0383915
0.693131 9.9991E-05 0.161862 0.144907
0.16688 0.123774 0.606493 0.102853
0.163544 0.0780161 0.685826 0.072614
0.692876 0.203648 0.0823366 0.0211396
0.0746542 0.0910515 0.744868 0.0894267
0.40171 0.134648 0.424594 0.0390481
0.148762 0.130855 0.605695 0.114688
0.503798 0.102479 0.260419 0.133304
0.528764 0.148985 0.32215 9.9991E-05
0.29666 0.0955235 0.569759 0.0380575
0.198843 0.136396 0.535704 0.129058
0.32877 0.147018 0.416875 0.107336
0.687902 0.0361917 9.9991E-05 0.275806
0.195647 0.125758 0.541457 0.137138
0.453595 9.9982E-05 0.546205 9.9982E-05
0.309259 9.9991E-05 0.601835 0.0888059
0.14368 0.101823 0.62039 0.134107
0.209467 0.340442 0.120603 0.329487
0.198031 0.553766 9.9991E-05 0.248102
0.274765 0.500458 9.9991E-05 0.224677
0.116184 0.401865 0.0675549 0.414396
0.187416 9.9991E-05 0.705859 0.106625
0.211157 0.0950989 0.53423 0.159514
9.9982E-05 9.9982E-05 0.31736 0.68244
0.0596866 0.0863935 0.435907 0.418013
0.00102077 0.172875 0.518614 0.30749
0.530205 9.9991E-05 0.354113 0.115581
0.195135 0.14836 0.549073 0.107431
0.632126 9.9991E-05 0.21736 0.150414
0.18982 0.054182 0.684273 0.0717257
0.350243 9.9991E-05 0.538567 0.111089
0.244998 9.9991E-05 0.538851 0.216052
0.644707 9.9991E-05 0.228216 0.126977
0.0589348 0.0519576 0.699392 0.189715
0.163184 0.0912629 0.64338 0.102173
9.9982E-05 9.9982E-05 0.0505799 0.94922
9.9982E-05 9.9982E-05 0.0732587 0.926541
9.9991E-05 0.0503039 0.286504 0.663092
9.9991E-05 0.0273521 0.225264 0.747284
0.00219536 9.9991E-05 0.166655 0.83105
9.998E-05 9.998E-05 9.998E-05 0.9997
0.0133523 0.00412861 9.9991E-05 0.982419
9.9982E-05 9.9982E-05 0.0910908 0.908709
9.998E-05 9.998E-05 9.998E-05 0.9997
9.998E-05 9.998E-05 9.998E-05 0.9997
9.9982E-05 0.00151964 9.9982E-05 0.99828
9.9991E-05 0.0202266 0.243141 0.736532
9.9991E-05 0.00924593 0.167312 0.823342
0.0133428 0.00621717 9.9991E-05 0.98034
0.0806133 0.0410513 0.482103 0.396233
0.0414571 0.0809553 0.232145 0.645443
9.9991E-05 0.0546755 0.230049 0.715175
9.9982E-05 9.9982E-05 0.091033 0.908767
9.998E-05 9.998E-05 9.998E-05 0.9997
9.9991E-05 0.0425813 0.00316617 0.954153
9.998E-05 9.998E-05 9.998E-05 0.9997
9.9991E-05 0.0630761 0.263559 0.673265
0.0406428 0.0105121 0.0484581 0.900387
0.484706 0.384905 9.9991E-05 0.130289
0.225961 0.233233 0.413292 0.127514
0.160562 0.309468 0.440125 0.0898448
0.434451 0.242747 0.072656 0.250146
0.179763 0.104897 0.448032 0.267308
0.347305 0.242741 0.195117 0.214837
0.217578 0.201631 0.373219 0.207572
0.266455 0.137218 0.317912 0.278414
0.124491 0.192939 0.490275 0.192296
0.115518 0.191095 0.372639 0.320747
0.11506 0.21833 0.527266 0.139345
0.0992461 0.879372 0.0212818 9.9991E-05
0.0101774 0.910232 9.9991E-05 0.0794903
9.998E-05 0.9997 9.998E-05 9.998E-05
9.9982E-05 0.966935 0.032865 9.9982E-05
9.9991E-05 0.940285 0.0263171 0.0332982
0.000928663 0.91059 9.9991E-05 0.0883813
9.9982E-05 0.898474 9.9982E-05 0.101326
0.0528379 0.919571 9.9991E-05 0.0274916
9.9991E-05 0.935914 0.0397061 0.0242803
0.0250315 0.836634 9.9991E-05 0.138235
0.303685 0.681506 9.9991E-05 0.0147095
0.302986 0.670593 0.0263202 9.9991E-05
0.411519 0.588281 9.9982E-05 9.9982E-05
0.415166 0.583356 0.00137833 9.9991E-05
0.190388 0.0803301 0.729182 9.9991E-05
0.165079 0.0689768 0.727039 0.0389056
0.145252 0.0289182 0.752399 0.0734304
0.318665 0.128678 0.552557 9.9991E-05
0.662355 0.0567741 0.274419 0.00645137
0.122282 0.0459189 0.811232 0.020567
0.207142 0.0076753 0.724179 0.0610041
0.290377 9.9991E-05 0.654835 0.0546873
0.387371 9.9991E-05 0.571264 0.0412656
0.15939 0.0344772 0.731668 0.0744646
0.320772 0.0203537 0.658774 9.9991E-05
0.872781 9.9991E-05 0.107193 0.0199263
0.188431 0.110943 0.694852 0.00577365
0.515119 0.00278825 0.436554 0.0455388
0.233537 0.0596066 0.706756 9.9991E-05
0.606307 0.0453108 0.348283 9.9991E-05
0.721008 0.253658 0.0252338 9.9991E-05
0.639052 0.215405 0.145442 9.9991E-05
0.749465 0.194283 0.056152 9.9991E-05
0.730635 0.256084 0.0131809 9.9991E-05
0.71286 0.181208 0.105833 9.9991E-05
0.598234 0.224788 0.176878 9.9991E-05
9.9991E-05 0.900765 0.0579193 0.0412152
9.9991E-05 0.879154 0.0765206 0.0442258
9.9991E-05 0.817991 0.0843112 0.0975983
0.00277313 0.806083 0.0695513 0.121592
9.9991E-05 0.817069 0.0793936 0.103437
0.490208 0.509592 9.9982E-05 9.9982E-05
0.455168 0.544632 9.9982E-05 9.9982E-05
0.442655 0.557145 9.9982E-05 9.9982E-05
9.9991E-05 0.787101 0.132237 0.0805617
0.499646 0.455149 0.0451052 9.9991E-05
0.101655 0.182013 0.239226 0.477105
0.00110683 0.163477 0.589053 0.246363
9.9991E-05 0.147946 0.541608 0.310345
0.113138 0.238313 0.315812 0.332737
0.0449626 0.153952 0.499458 0.301627
0.154605 0.448799 9.9991E-05 0.396496
0.379303 0.019444 0.556612 0.0446413
0.421864 0.0567492 0.498409 0.0229777
0.436692 0.185064 0.378144 9.9991E-05
0.355492 0.0292316 0.561245 0.0540315
0.988293 9.9982E-05 9.9982E-05 0.0115072
0.162716 0.128391 0.639476 0.0694174
0.325393 0.0293045 0.509494 0.135809
0.389401 0.145467 0.465032 9.9991E-05
0.148816 0.121884 0.667866 0.061435
0.683495 0.0248215 0.231534 0.0601496
0.315348 0.0358386 0.577532 0.0712811
0.260988 0.0290473 0.644148 0.0658167
0.246759 0.144318 0.347279 0.261645
0.487824 9.9991E-05 0.425532 0.0865442
0.326062 0.0553613 0.588967 0.0296101
0.220282 0.00808679 0.572743 0.198889
0.289639 0.0390166 0.661554 0.00979039
0.134773 0.079118 0.658516 0.127593
0.0749896 0.146359 0.624999 0.153653
0.123938 0.116169 0.657066 0.102827
9.9991E-05 0.802727 0.117357 0.0798157
0.0505042 0.824323 0.0115333 0.11364
0.0866518 0.817462 0.0749244 0.0209622
0.0674924 0.855139 0.0383893 0.0389792
9.9991E-05 0.862269 0.106259 0.0313725
0.509529 0.130208 0.360163 9.9991E-05
0.283084 0.0454505 0.542306 0.129159
0.121424 0.195189 0.437623 0.245764
0.124895 0.0587177 0.703051 0.113336
0.275571 0.0324963 0.57439 0.117542
0.560023 0.0466035 0.251221 0.142152
0.678082 0.226075 0.0957427 9.9991E-05
0.257892 0.0489307 0.631358 0.0618198
0.58667 0.149442 0.199244 0.0646433
0.375619 0.0635772 0.516782 0.0440214
0.552618 0.245031 0.202252 9.9991E-05
0.178561 0.158584 0.59441 0.068445
0.554852 0.180607 0.264441 9.9991E-05
0.409931 0.0255899 0.436679 0.1278
0.331551 0.0394158 0.538765 0.0902681
0.558514 0.0529551 0.289615 0.0989165
0.222705 0.0642531 0.648971 0.0640712
0.183609 0.14072 0.623618 0.0520523
0.532496 0.0188593 0.40869 0.039954
0.22443 0.0519045 0.547718 0.175948
0.233733 0.0944436 0.670944 0.000879184
0.748978 9.9991E-05 0.244817 0.00610508
0.609756 9.9991E-05 0.319452 0.0706914
0.306846 0.0393518 0.61977 0.034032
0.682236 0.0473071 0.255438 0.0150193
0.307491 0.00465153 0.687757 9.9991E-05
0.614874 0.105064 0.279962 9.9991E-05
0.627493 9.9991E-05 0.329117 0.0432899
0.321242 0.0985487 0.535638 0.0445716
0.140407 0.0937387 0.633834 0.132021
0.526222 0.0414216 0.432256 9.9991E-05
0.242021 0.11842 0.477519 0.16204
0.198363 0.0239321 0.61914 0.158565
0.240575 0.0241563 0.608541 0.126727
0.211618 0.0873175 0.62579 0.0752753
0.330703 0.0508957 0.529087 0.0893137
0.479493 0.0515219 0.427508 0.0414775
0.443537 0.0256828 0.428342 0.102438
0.16484 0.0592305 0.703371 0.0725584
0.171868 0.0772813 0.647175 0.103676
0.352638 0.0921169 0.499969 0.055276
0.243239 0.0626876 0.585861 0.108212
0.340458 0.131486 0.464399 0.0636574
0.165695 0.0654058 0.683483 0.0854169
0.322211 0.0233171 0.533896 0.120575
0.202008 0.0616691 0.568396 0.167927
0.0144889 0.332148 0.469726 0.183637
0.0601468 0.102598 0.509212 0.328044
0.0945586 0.139587 0.545914 0.219941
0.115148 0.0429619 0.626365 0.215525
0.0489671 0.220328 0.401772 0.328933
0.430078 9.9991E-05 0.451723 0.118099
0.0479463 0.221085 0.610188 0.120781
0.496687 0.222865 9.9991E-05 0.280348
0.0698818 0.134425 0.577633 0.21806
0.166664 0.0874988 0.432927 0.31291
0.164505 0.0412763 0.54563 0.248589
0.278886 0.199254 0.313176 0.208684
0.00732354 0.156015 0.659371 0.17729
9.9991E-05 0.17822 0.574769 0.246911
0.219898 0.521159 9.9991E-05 0.258843
9.9991E-05 0.242739 0.486889 0.270273
0.027197 0.242089 0.535967 0.194747
0.0568556 0.130147 0.675715 0.137282
9.9991E-05 0.21598 0.544512 0.239409
0.101247 0.136176 0.564545 0.198032
0.281359 0.0372532 0.528458 0.152929
0.136402 0.107912 0.727653 0.0280332
0.803358 9.9991E-05 0.126968 0.0695738
0.852214 9.9991E-05 0.0801127 0.0675731
0.30297 0.0718892 0.427314 0.197827
0.0691758 0.157629 0.436304 0.336891
0.118445 0.101125 0.312401 0.46803
0.246951 0.211825 0.194504 0.34672
0.0434354 0.268328 0.396938 0.291299
0.638015 0.0363728 0.0272469 0.298365
0.527075 0.0496031 0.17555 0.247772
0.210137 9.9991E-05 0.562859 0.226903
0.229078 0.0740102 0.525198 0.171714
0.475328 0.0336141 0.241929 0.249129
0.266313 0.0300313 0.500222 0.203434
0.205834 9.9991E-05 0.600813 0.193254
0.327093 0.0470042 0.335992 0.28991
0.443613 0.0489491 0.507337 9.9991E-05
0.466243 9.9991E-05 0.413095 0.120562
0.289279 0.0173173 0.566926 0.126478
0.413775 0.0279587 0.43779 0.120477
0.323714 0.00164012 0.495871 0.178774
0.319969 9.9991E-05 0.650229 0.029702
0.635863 9.9991E-05 0.302248 0.0617884
0.202766 0.00434043 0.640913 0.15198
0.564364 9.9991E-05 0.383668 0.0518682
0.381382 9.9991E-05 0.56342 0.0550976
0.162112 0.0507614 0.681016 0.10611
0.356008 0.0307522 0.580395 0.0328454
0.141288 0.146483 0.378034 0.334195
0.137397 0.167876 0.482252 0.212475
0.264646 0.129639 0.199161 0.406554
0.198919 0.204815 0.265799 0.330468
0.111113 0.19683 0.524229 0.167828
0.199596 0.118425 0.426686 0.255293
0.58935 0.150592 9.9991E-05 0.259958
0.00179292 0.0801221 0.593777 0.324308
0.3794 0.414831 9.9991E-05 0.205669
0.0924351 0.0720793 0.555163 0.280322
0.696375 9.9991E-05 0.299957 0.00356754
0.908146 9.9991E-05 0.0020213 0.0897332
0.307014 9.9991E-05 0.656232 0.0366544
0.102599 9.9991E-05 0.798677 0.0986233
0.397692 9.9991E-05 0.525247 0.0769616
0.301166 9.9991E-05 0.653377 0.0453576
0.285848 0.0170009 0.64734 0.049811
0.00285521 0.837924 0.0977215 0.0614996
0.152028 0.705931 9.9991E-05 0.141941
9.9982E-05 0.904526 9.9982E-05 0.0952741
9.9991E-05 0.956795 0.02458 0.0185246
0.246535 0.00226788 0.64137 0.109827
0.197697 0.0452064 0.693484 0.0636125
0.206638 0.0271295 0.766132 9.9991E-05
0.074764 0.184755 0.715755 0.0247258
0.144652 0.129844 0.679132 0.0463714
0.47862 0.0236381 0.497642 9.9991E-05
0.0950394 0.0154269 0.886117 0.00341713
0.399654 9.9982E-05 0.600146 9.9982E-05
0.101901 0.226953 0.391021 0.280125
0.374215 9.9991E-05 0.553655 0.0720292
0.371249 9.9982E-05 0.628551 9.9982E-05
0.251356 0.0132503 0.735294 9.9991E-05
0.358776 0.00951277 0.631611 9.9991E-05
0.226509 9.9991E-05 0.716231 0.0571604
0.147611 0.0364577 0.749577 0.0663538
0.611406 9.9982E-05 0.388394 9.9982E-05
0.495255 0.00250745 0.498558 0.00367934
0.463334 0.0135113 0.509348 0.0138068
0.856699 9.9991E-05 0.134802 0.00839898
0.329649 0.00536529 0.636943 0.0280429
0.646526 9.9991E-05 0.320584 0.0327896
0.821869 9.9991E-05 0.176542 0.00148839
0.156935 0.06316 0.739697 0.0402078
0.445644 0.0309367 0.523319 9.9991E-05
0.249855 0.0577392 0.631569 0.0608368
0.0652163 0.115903 0.762934 0.0559464
0.160747 0.0406351 0.798518 9.9991E-05
0.476972 9.9991E-05 0.371114 0.151815
0.218151 0.038055 0.743694 9.9991E-05
0.192452 0.0350376 0.77241 9.9991E-05
0.417758 9.9982E-05 0.582042 9.9982E-05
0.195265 0.0443057 0.660642 0.0997877
0.260398 0.726893 0.000196885 0.0125118
0.117173 0.824917 0.055475 0.00243509
0.126282 0.873518 9.9982E-05 9.9982E-05
0.13631 0.86349 9.9982E-05 9.9982E-05
0.162253 0.760434 0.0772123 9.9991E-05
0.485652 0.0370879 0.47716 9.9991E-05
0.527337 0.0742644 0.398299 9.9991E-05
0.539412 9.9982E-05 0.460388 9.9982E-05
0.175728 0.100902 0.660621 0.0627498
0.0563715 0.110628 0.759109 0.0738918
0.384593 9.9982E-05 0.615207 9.9982E-05
0.172556 0.00298506 0.699367 0.125092
0.277518 0.0590354 0.61031 0.0531367
0.225405 0.0293499 0.683464 0.0617808
0.163022 0.0141929 0.761061 0.0617244
0.470937 9.9991E-05 0.524797 0.0041663
0.357086 9.9982E-05 0.642714 9.9982E-05
0.357185 9.9982E-05 0.642615 9.9982E-05
0.113283 0.113391 0.710299 0.0630266
0.284693 0.0126754 0.702532 9.9991E-05
0.314889 0.0195607 0.649846 0.0157041
0.0161527 0.0783724 0.443476 0.461999
0.0116064 0.0980654 0.367074 0.523255
9.9991E-05 0.122308 0.377375 0.500217
9.9991E-05 0.179281 0.314249 0.50637
9.9991E-05 0.116238 0.517302 0.36636
0.32039 9.9991E-05 0.5993 0.0802102
0.00361661 0.275612 0.0695473 0.651224
0.00668838 0.17992 0.257749 0.555643
0.210017 0.152469 0.40618 0.231334
0.110309 0.150654 0.693343 0.0456944
0.281764 0.15161 0.501694 0.0649317
0.116195 0.165275 0.652504 0.0660261
0.0971065 0.126341 0.688175 0.0883773
9.9991E-05 0.170115 0.309779 0.520006
0.112706 0.172156 0.327862 0.387276
9.9982E-05 9.9982E-05 0.424493 0.575307
0.0294656 0.111435 0.465486 0.393613
9.9991E-05 0.0969631 0.331372 0.571565
0.177851 0.0895927 0.330482 0.402074
0.0266334 0.0878802 0.261609 0.623878
0.0370951 0.102845 0.407658 0.452401
0.261096 0.0904709 0.521684 0.12675
0.110658 0.211338 0.285279 0.392725
9.9991E-05 0.16374 0.119546 0.716614
0.0246213 0.155652 0.495199 0.324528
0.386447 0.242393 0.37106 9.9991E-05
0.154228 0.0118187 0.646429 0.187524
0.156897 0.0999216 0.361143 0.382039
0.165641 0.10296 0.615779 0.11562
0.122571 0.226403 0.633137 0.0178892
0.0918446 0.171934 0.470544 0.265678
0.146377 0.194756 0.259702 0.399164
0.146786 0.0591414 0.60251 0.191563
0.0356605 0.0939693 0.40762 0.46275
9.9991E-05 0.130016 0.436149 0.433735
0.00208536 0.213249 0.11782 0.666846
0.104308 0.0771652 0.731384 0.0871433
0.253434 0.167922 0.578543 9.9991E-05
0.488018 0.13272 0.2293 0.149962
0.155445 0.12865 0.610507 0.105398
0.291526 0.168861 0.454191 0.0854228
0.107036 0.169271 0.452919 0.270774
0.20569 0.185153 0.457049 0.152108
0.364261 0.349523 9.9991E-05 0.286117
0.430785 0.338069 9.9991E-05 0.231046
0.393069 0.186445 0.202894 0.217592
0.307148 0.378646 9.9991E-05 0.314106
0.232941 0.42695 9.9991E-05 0.340009
0.237905 0.143529 0.414154 0.204411
0.135566 0.242515 0.404354 0.217566
0.30577 0.279735 0.149142 0.265353
0.365934 0.31641 0.0413265 0.276329
0.20726 0.119546 0.464384 0.208809
0.383008 0.248019 0.179616 0.189356
0.368652 0.469011 9.9991E-05 0.162237
0.120765 0.096597 0.584969 0.197669
0.195888 0.122398 0.309352 0.372363
9.9991E-05 0.287957 0.481349 0.230594
9.9991E-05 0.102621 0.520592 0.376687
0.0406281 0.124305 0.602526 0.232541
0.0282701 0.15412 0.513634 0.303975
0.00487951 0.361088 0.364152 0.26988
9.9991E-05 0.181344 0.571337 0.247219
9.9991E-05 0.284587 0.475658 0.239655
0.127782 0.220815 0.311403 0.339999
0.288078 0.156759 0.352098 0.203065
0.116017 0.122418 0.613676 0.147889
0.00966756 0.243152 0.629597 0.117584
0.0161398 0.0772129 0.743732 0.162915
9.9991E-05 0.342741 0.396711 0.260448
9.9991E-05 0.204512 0.584404 0.210984
0.198661 0.363936 0.149685 0.287718
0.00756144 0.185915 0.566066 0.240457
0.162975 0.21928 0.173867 0.443878
0.143371 0.817992 0.0165039 0.0221325
0.565109 0.235425 0.199367 9.9991E-05
0.787789 0.201637 0.0104735 9.9991E-05
0.675459 0.239405 0.0850362 9.9991E-05
0.746635 0.112747 0.140519 9.9991E-05
0.674085 0.176748 0.149067 9.9991E-05
0.699964 0.111052 0.188884 9.9991E-05
0.741822 0.246909 0.0111682 9.9991E-05
0.504402 0.383453 0.112045 9.9991E-05
0.0302245 0.921883 0.0264319 0.0214606
0.087783 0.850219 0.0560303 0.00596787
9.9991E-05 0.940033 0.00535894 0.0545085
0.1054 0.863345 0.031155 9.9991E-05
9.9982E-05 0.936145 9.9982E-05 0.0636551
0.0310691 0.946993 9.9991E-05 0.0218379
0.0319015 0.71401 0.0654391 0.18865
9.9991E-05 0.882701 0.0260717 0.0911271
0.100595 0.747971 0.103646 0.0477877
9.9982E-05 0.933346 9.9982E-05 0.0664536
0.0146288 0.985171 9.9982E-05 9.9982E-05
0.00879327 0.884429 0.0757671 0.0310106
9.9982E-05 0.98526 9.9982E-05 0.0145402
9.9991E-05 0.908157 0.0308572 0.0608859
9.9991E-05 0.894127 0.0856906 0.0200827
9.9991E-05 0.858469 0.0855346 0.0558963
9.9991E-05 0.792286 0.0637444 0.143869
9.9991E-05 0.80644 0.0902538 0.103206
9.9991E-05 0.831149 0.104597 0.0641541
0.274137 0.150055 0.4977 0.0781081
0.119683 0.0880533 0.792164 9.9991E-05
0.0976284 0.0939839 0.727783 0.0806045
0.622415 0.0844893 0.18271 0.110386
0.141647 0.16023 0.666045 0.0320777
0.553765 0.208673 0.119124 0.118438
0.0973872 0.106722 0.727902 0.0679887
0.284999 0.152164 0.562738 9.9991E-05
0.178433 0.110081 0.631243 0.0802429
0.258005 0.0133738 0.711965 0.0166563
0.225525 0.213778 0.560597 9.9991E-05
0.165818 0.0878057 0.641193 0.105184
0.110177 0.152039 0.709232 0.0285518
0.768616 0.00889063 0.0954731 0.12702
0.841909 0.0758077 9.9991E-05 0.0821829
0.654091 0.0644618 0.125305 0.156142
0.0841644 0.108685 0.675871 0.13128
0.232436 0.11618 0.572851 0.0785327
0.21384 0.179895 0.592091 0.0141736
0.0737682 0.126971 0.777279 0.021982
0.0378609 0.219462 0.564108 0.178569
9.9991E-05 0.188566 0.685985 0.125349
0.246736 0.425074 0.131582 0.196608
0.0104746 0.172519 0.7709 0.046106
0.0801466 0.261155 0.523679 0.13502
0.308532 0.462055 9.9991E-05 0.229313
0.0513045 0.292292 0.393514 0.26289
0.128162 0.365056 0.309197 0.197584
0.0246335 0.37027 0.569114 0.0359828
0.0561581 0.151251 0.486807 0.305784
9.9991E-05 0.170068 0.595459 0.234373
0.112668 0.0770624 0.53758 0.272689
0.15367 0.169049 0.418542 0.258739
0.0307153 0.475134 0.340547 0.153604
