9.9991E-05 0.912404 0.0874956
9.999E-05 0.963642 0.0362584
9.999E-05 0.797554 0.202346
0.0288489 0.819519 0.151633
9.9991E-05 0.85181 0.14809
0.176939 0.708114 0.114947
0.0225033 0.929696 0.0478007
0.168857 0.801864 0.0292791
0.08879 0.91111 9.9991E-05
0.110606 0.737985 0.151408
0.169439 0.787035 0.0435263
0.723994 0.123616 0.15239
0.614581 0.00983743 0.375582
0.673376 0.122422 0.204202
0.540928 0.113637 0.345435
0.50561 0.144144 0.350247
0.551839 0.0345481 0.413613
0.621878 0.0443777 0.333744
0.529591 0.179904 0.290506
0.760448 0.239452 9.9991E-05
0.698256 0.0285974 0.273147
0.629839 0.0405666 0.329594
0.618242 0.0119054 0.369852
0.712278 0.0879258 0.199796
0.538673 0.0511744 0.410152
0.608402 0.0488108 0.342787
0.732796 0.177214 0.0899903
0.634661 0.146828 0.218511
0.759284 0.16646 0.0742554
9.9991E-05 0.790762 0.209138
9.9991E-05 0.813187 0.186713
0.0205084 0.802603 0.176889
0.0251183 0.773444 0.201437
0.666006 9.9991E-05 0.333894
0.554433 0.103446 0.342121
0.60615 9.9991E-05 0.39375
0.744402 0.255498 9.9991E-05
0.768261 0.00504833 0.226691
0.601126 9.9991E-05 0.398774
0.549385 9.9991E-05 0.450515
0.620901 0.0581237 0.320975
0.483991 0.0981958 0.417813
0.920319 0.0631963 0.0164851
0.518479 0.0467271 0.434794
0.610714 9.9991E-05 0.389186
0.499784 0.087203 0.413013
0.830487 9.9991E-05 0.169413
0.56024 9.9991E-05 0.43966
0.532026 0.0269884 0.440986
0.840685 0.159215 9.9991E-05
0.860118 0.0959785 0.0439033
0.821549 0.178351 9.9991E-05
0.463176 0.105383 0.431441
0.504774 0.0204767 0.474749
0.553301 9.9991E-05 0.446599
0.725084 0.2089 0.066016
0.629081 0.0453932 0.325526
0.602861 0.0392993 0.357839
0.663428 0.137841 0.198731
0.610556 0.321739 0.0677045
0.620598 0.0172112 0.362191
0.641979 0.109407 0.248615
0.780464 0.219436 9.9991E-05
0.707114 9.9991E-05 0.292786
0.563044 0.00143003 0.435526
0.550516 0.0258836 0.423601
0.718083 0.118229 0.163688
0.645338 9.9991E-05 0.354562
0.545475 0.0850369 0.369488
0.840059 0.159841 9.99927E-05
0.741443 9.9991E-05 0.258457
0.891133 0.0237908 0.0850767
0.592207 0.0211091 0.386684
0.965533 0.0343672 9.9991E-05
0.988968 0.010932 9.9991E-05
0.872604 9.9991E-05 0.127296
0.72158 9.9991E-05 0.27832
0.492509 0.0683162 0.439175
0.696335 0.021257 0.282408
0.820045 0.0728862 0.107069
0.8155 0.106918 0.0775821
0.538161 0.0253111 0.436528
0.811251 9.9991E-05 0.188649
0.767584 0.0421801 0.190236
0.792629 9.9991E-05 0.207271
0.920542 0.0793583 9.9991E-05
0.582807 9.9991E-05 0.417093
0.0182215 0.787853 0.193926
9.9991E-05 0.892802 0.107098
9.9991E-05 0.81977 0.18013
9.9991E-05 0.875966 0.123934
9.9991E-05 0.869125 0.130775
9.9991E-05 0.870379 0.129521
9.9991E-05 0.908103 0.0917967
0.537182 0.0905382 0.372279
0.52106 9.9991E-05 0.47884
0.931653 0.0682471 9.9991E-05
0.526055 0.0522406 0.421704
0.759079 9.9991E-05 0.240821
0.575503 0.00437249 0.420124
0.668187 0.01689 0.314923
0.647815 9.9991E-05 0.352085
0.877832 0.122068 9.9991E-05
0.552137 0.106121 0.341742
0.509504 9.9991E-05 0.490396
0.577385 0.00529787 0.417317
0.775918 0.027383 0.196699
0.685732 9.9991E-05 0.314168
0.736232 9.9991E-05 0.263668
0.746905 9.9991E-05 0.252995
0.739832 0.05674 0.203428
0.478355 0.138601 0.383044
0.738997 0.127883 0.133119
0.535473 0.156443 0.308084
0.480522 0.104722 0.414756
0.568662 0.0608374 0.3705
0.698519 0.0770727 0.224408
0.586648 0.0837173 0.329634
0.65187 0.0689833 0.279147
0.61705 0.0755538 0.307396
0.523856 0.0483181 0.427826
0.618803 0.0270739 0.354123
0.756833 9.9991E-05 0.243067
0.549283 0.0357742 0.414943
0.524627 0.102479 0.372894
0.65794 9.9991E-05 0.34196
0.560668 0.0790644 0.360268
0.625849 0.00259469 0.371556
0.687438 0.115712 0.19685
0.591322 9.9991E-05 0.408578
0.583005 9.9991E-05 0.416895
0.747997 0.139049 0.112954
0.753741 0.158058 0.0882007
0.606683 9.9991E-05 0.393217
0.922533 0.0606021 0.016865
0.763537 0.122353 0.11411
0.741371 0.048602 0.210027
0.751103 0.112236 0.136661
0.809005 0.0817094 0.109285
0.548531 0.0293922 0.422076
0.582257 0.00755791 0.410185
0.626488 0.0414131 0.332099
0.787615 0.129627 0.0827577
0.51428 0.142692 0.343029
0.572689 0.0443549 0.382956
0.698785 0.301115 9.9991E-05
0.473415 0.0959812 0.430604
0.72697 0.115362 0.157669
0.550902 0.108608 0.340489
0.685536 0.151632 0.162832
0.756843 0.170227 0.0729296
0.696011 0.0521228 0.251866
0.668361 0.0569897 0.274649
0.553422 0.097012 0.349566
0.680107 0.211893 0.108001
0.661566 0.000438212 0.337996
0.839679 9.9991E-05 0.160221
0.723248 9.9991E-05 0.276653
0.57266 0.0241647 0.403176
0.267505 0.409654 0.322841
0.109757 0.752392 0.137851
0.184784 0.688206 0.12701
0.128269 0.448233 0.423498
0.605821 9.9991E-05 0.394079
0.546301 0.0786034 0.375096
0.110677 9.9991E-05 0.889223
0.298312 0.0642337 0.637455
0.280499 0.102913 0.616588
0.734271 0.0609467 0.204782
0.608929 0.0330519 0.358019
0.811659 0.0637899 0.124551
0.639531 9.9991E-05 0.360369
0.691168 9.9991E-05 0.308732
0.597244 9.9991E-05 0.402656
0.79972 0.0943384 0.105942
0.526905 0.0246411 0.448454
0.523166 0.00764292 0.469191
9.9991E-05 0.0769389 0.922961
9.9991E-05 0.0476644 0.952236
0.0985017 0.155223 0.746275
0.129268 0.0276452 0.843087
9.9991E-05 0.0998823 0.900018
9.9991E-05 0.091385 0.908515
9.9991E-05 0.106136 0.893764
9.9991E-05 0.0293097 0.97059
9.9991E-05 0.0238333 0.976067
9.9991E-05 0.048953 0.950947
9.9991E-05 0.085355 0.914545
9.9991E-05 0.0898085 0.910092
9.9991E-05 0.166742 0.833158
9.9991E-05 0.0729523 0.926948
0.284273 0.0985791 0.617148
0.0838102 0.110606 0.805584
0.0147703 0.0825353 0.902694
9.9991E-05 0.0809803 0.91892
9.9991E-05 0.0647515 0.935149
9.9991E-05 0.114336 0.885564
9.9991E-05 0.0913357 0.908564
0.103712 0.0950916 0.801197
9.9991E-05 0.131233 0.868667
0.468381 0.522324 0.00929484
0.476869 0.192407 0.330723
0.452888 0.241485 0.305627
0.459955 0.354943 0.185102
0.407838 0.169997 0.422166
0.42248 0.375012 0.202507
0.501611 0.15955 0.338839
0.451598 0.167939 0.380463
0.476243 0.105575 0.418183
0.358837 0.204162 0.437001
0.484154 0.190063 0.325782
0.0469396 0.907302 0.0457584
9.9991E-05 0.879369 0.120531
9.9991E-05 0.987554 0.0123459
9.9991E-05 0.932565 0.0673347
9.9991E-05 0.877732 0.122168
9.9991E-05 0.887437 0.112463
9.9991E-05 0.878082 0.121818
0.0136029 0.928132 0.0582647
9.9991E-05 0.891994 0.107906
9.9991E-05 0.861217 0.138683
0.287212 0.712688 9.9991E-05
0.301572 0.698328 9.9991E-05
0.321278 0.678622 9.9991E-05
0.382444 0.617456 9.9991E-05
0.649996 9.9991E-05 0.349904
0.676731 9.9991E-05 0.323169
0.655838 0.0177414 0.326421
0.733841 0.0896132 0.176546
0.88655 0.11335 9.9991E-05
0.566153 9.9991E-05 0.433747
0.667966 9.9991E-05 0.331934
0.688551 9.9991E-05 0.311349
0.760929 9.9991E-05 0.238971
0.657931 9.9991E-05 0.341969
0.773968 0.012071 0.213961
0.957496 0.042404 9.9991E-05
0.645505 9.9991E-05 0.354395
0.867103 0.00531728 0.12758
0.675745 9.9991E-05 0.324155
0.887865 0.112035 9.9991E-05
0.657611 0.342289 9.9991E-05
0.714985 0.284915 9.9991E-05
0.759592 0.240308 9.9991E-05
0.713857 0.286043 9.9991E-05
0.815682 0.184218 9.9991E-05
0.716312 0.283588 9.9991E-05
9.9991E-05 0.852606 0.147294
9.9991E-05 0.809444 0.190456
9.9991E-05 0.718599 0.281301
9.9991E-05 0.801016 0.198884
9.9991E-05 0.796959 0.202941
0.471005 0.528895 9.9991E-05
0.403535 0.596365 9.9991E-05
0.424439 0.575461 9.9991E-05
9.9991E-05 0.79853 0.20137
0.499946 0.499954 9.9991E-05
0.177204 0.305554 0.517242
0.295346 0.144551 0.560102
0.138852 0.209604 0.651544
0.330139 0.257761 0.412101
0.338358 0.104814 0.556828
0.115684 0.539608 0.344708
0.697808 0.0335457 0.268646
0.745834 0.061732 0.192434
0.684907 0.185077 0.130016
0.766491 9.9991E-05 0.233409
0.8712 0.1287 9.9991E-05
0.605937 0.0881276 0.305936
0.726062 0.00385139 0.270087
0.769474 0.112801 0.117725
0.534575 0.11216 0.353265
0.906698 0.0762578 0.0170444
0.633045 0.0103733 0.356582
0.652851 9.9991E-05 0.347049
0.417044 0.182817 0.400139
0.790972 9.9991E-05 0.208929
0.695714 0.0309663 0.27332
0.64573 0.0319015 0.322368
0.717261 9.9991E-05 0.282639
0.534378 0.0574267 0.408195
0.471059 0.117313 0.411628
0.550571 0.0923702 0.357058
9.9991E-05 0.756548 0.243352
9.9991E-05 0.829905 0.169995
0.065611 0.8065 0.127889
0.0338992 0.827797 0.138304
9.9991E-05 0.828091 0.171809
0.738841 0.179097 0.0820622
0.653884 0.0380366 0.308079
0.327892 0.210964 0.461145
0.58604 9.9991E-05 0.41386
0.676925 0.0644025 0.258673
0.723536 0.0921007 0.184363
0.7066 0.2933 9.9991E-05
0.658191 0.0357945 0.306014
0.739572 0.214074 0.046354
0.686462 0.0880046 0.225533
0.707121 0.272712 0.0201669
0.503073 0.0324279 0.464499
0.716012 0.230636 0.0533527
0.696693 0.0751006 0.228207
0.632216 0.107364 0.26042
0.771278 0.115441 0.11328
0.617305 0.0561532 0.326542
0.555308 0.0930863 0.351606
0.769575 0.0650889 0.165336
0.617039 0.062582 0.320379
0.656403 0.00957618 0.334021
0.937377 0.0625234 9.9991E-05
0.837864 0.0628374 0.0992988
0.695025 0.0154476 0.289528
0.885405 0.114495 9.9991E-05
0.814415 9.9991E-05 0.185485
0.800101 0.173255 0.0266444
0.874775 9.9991E-05 0.125125
0.706584 0.0881303 0.205285
0.5513 9.9991E-05 0.4486
0.82717 0.0378315 0.134999
0.556662 0.100245 0.343093
0.552644 0.0167308 0.430625
0.631531 0.0383243 0.330144
0.621114 0.0210395 0.357846
0.638183 0.0772643 0.284552
0.783843 0.0676439 0.148513
0.674254 0.0991858 0.22656
0.639465 9.9991E-05 0.360435
0.628922 9.9991E-05 0.370978
0.67899 0.0646916 0.256318
0.654044 9.9991E-05 0.345856
0.588643 0.168605 0.242752
0.615445 9.9991E-05 0.384455
0.67399 0.0252892 0.300721
0.552996 0.102968 0.344036
0.273487 0.275937 0.450577
0.371007 0.134233 0.49476
0.421402 0.112104 0.466494
0.460078 0.0513429 0.488579
0.294814 0.204608 0.500578
0.724286 9.9991E-05 0.275614
0.522325 0.0874357 0.390239
0.462103 0.371399 0.166498
0.424386 0.0791656 0.496448
0.40458 0.0854152 0.510005
0.442245 0.086125 0.47163
0.442276 0.224659 0.333064
0.336692 0.0944381 0.56887
0.417496 0.107188 0.475316
0.162262 0.681118 0.15662
0.343209 0.170692 0.4861
0.2754 0.123398 0.601202
0.452602 0.0419921 0.505405
0.329253 0.145085 0.525662
0.409529 0.167438 0.423033
0.670627 0.0486299 0.280743
0.565187 0.0719315 0.362881
0.947564 0.0523363 9.9991E-05
0.936817 0.0630832 9.9991E-05
0.6432 0.0446779 0.312122
0.282965 0.0918815 0.625153
0.290964 0.160006 0.54903
0.340141 0.268647 0.391213
0.248666 0.219684 0.53165
0.690067 0.163407 0.146526
0.585172 0.19709 0.217738
0.542214 9.9991E-05 0.457686
0.563973 0.0489358 0.387091
0.623677 0.131097 0.245227
0.547501 0.0220546 0.430444
0.572357 9.9991E-05 0.427543
0.535154 0.0532442 0.411602
0.847408 0.0431014 0.109491
0.783032 0.0130546 0.203913
0.738085 0.0204302 0.241485
0.67801 0.0538774 0.268112
0.513562 0.104624 0.381813
0.727021 9.9991E-05 0.272879
0.87626 9.9991E-05 0.12364
0.614549 9.9991E-05 0.385351
0.887768 0.00687777 0.105354
0.72894 9.9991E-05 0.27096
0.61839 0.0615027 0.320107
0.733315 9.9991E-05 0.266585
0.330251 0.205649 0.464099
0.508657 0.128585 0.362758
0.314953 0.232222 0.452825
0.350219 0.179703 0.470079
0.423143 0.160028 0.416829
0.379102 0.12745 0.493448
0.517664 0.352944 0.129392
0.362655 0.0498782 0.587467
0.338168 0.559898 0.101934
0.403349 0.0333583 0.563293
0.935075 0.00610992 0.0588152
0.908534 0.0913657 9.9991E-05
0.743608 9.9991E-05 0.256292
0.60281 9.9991E-05 0.39709
0.796996 9.9991E-05 0.202904
0.676062 9.9991E-05 0.323838
0.638652 9.9991E-05 0.361248
0.0305417 0.815827 0.153631
0.0518212 0.807095 0.141084
9.9991E-05 0.887848 0.112052
9.9991E-05 0.916082 0.0838182
0.650391 0.027878 0.321732
0.68447 9.9991E-05 0.31543
0.803159 9.9991E-05 0.196741
0.520628 0.0435307 0.435841
0.547424 0.0614274 0.391149
0.840105 0.0443337 0.115562
0.552207 9.9991E-05 0.447693
0.841327 9.9991E-05 0.158573
0.302226 0.216422 0.481352
0.721298 9.9991E-05 0.278602
0.848681 9.9991E-05 0.151219
0.700072 9.9991E-05 0.299828
0.736285 9.9991E-05 0.263615
0.610459 9.9991E-05 0.389441
0.568573 0.0301995 0.401228
0.9998 9.999E-05 9.999E-05
0.86228 9.9991E-05 0.13762
0.790776 9.9991E-05 0.209124
0.9998 9.999E-05 9.999E-05
0.684107 0.0613073 0.254586
0.912436 0.0254864 0.0620772
0.90478 0.0951198 9.9991E-05
0.653086 9.9991E-05 0.346814
0.828412 0.0631006 0.108488
0.686562 9.9991E-05 0.313339
0.5275 0.00974867 0.462752
0.735258 9.9991E-05 0.264642
0.743788 9.9991E-05 0.256112
0.652326 0.0313937 0.31628
0.717418 9.9991E-05 0.282482
0.856914 9.9991E-05 0.142986
0.582033 0.0450563 0.372911
0.228293 0.742251 0.029456
0.150203 0.803801 0.0459969
0.10017 0.89973 9.9991E-05
0.118425 0.881475 9.9991E-05
0.180354 0.819546 9.9991E-05
0.855594 0.0842978 0.0601083
0.902547 0.0973534 9.9991E-05
0.90397 9.9991E-05 0.09593
0.58646 0.0287118 0.384829
0.551545 0.0220467 0.426408
0.812136 0.0219055 0.165959
0.615345 9.9991E-05 0.384555
0.663834 9.9991E-05 0.336066
0.649799 9.9991E-05 0.350101
0.609546 9.9991E-05 0.390354
0.886126 0.0465532 0.067321
0.820024 9.9991E-05 0.179876
0.856663 9.9991E-05 0.143237
0.478039 0.130315 0.391646
0.846045 9.9991E-05 0.153855
0.696942 9.9991E-05 0.302958
0.300154 0.0347833 0.665062
0.178357 0.125123 0.69652
0.186953 0.0895783 0.723469
0.103449 0.139882 0.756669
0.279744 0.137871 0.582386
0.654206 0.0062783 0.339516
9.9991E-05 0.328303 0.671597
0.080816 0.167839 0.751345
0.445003 0.168755 0.386242
0.579192 0.126695 0.294113
0.587476 0.137698 0.274826
0.406652 0.107357 0.485991
0.494409 0.0765091 0.429082
0.00365803 0.275035 0.721307
0.238563 0.201508 0.559929
0.152329 0.0510454 0.796626
0.283019 0.150101 0.56688
0.0964004 0.163246 0.740354
0.277774 0.166564 0.555662
0.0813998 0.214032 0.704568
0.254872 0.139147 0.605981
0.616333 0.0925157 0.291151
0.22343 0.161192 0.615378
9.9991E-05 0.242976 0.756924
0.339196 0.12486 0.535944
0.691727 0.250775 0.0574977
0.529007 9.9991E-05 0.470893
0.271759 0.196278 0.531963
0.51322 0.0703175 0.416462
0.516296 0.163602 0.320103
0.398529 0.157351 0.444121
0.28559 0.206048 0.508362
0.561813 0.0682665 0.369921
0.260808 0.0950785 0.644114
0.171536 0.124505 0.703958
9.9991E-05 0.265728 0.734172
0.530204 0.0426255 0.427171
0.603645 0.150361 0.245994
0.60923 0.256627 0.134143
0.513409 0.124913 0.361678
0.641772 0.163148 0.19508
0.386142 0.145735 0.468123
0.500287 0.0893916 0.410321
0.324766 0.483807 0.191428
0.335566 0.535354 0.12908
0.470855 0.222003 0.307142
0.268273 0.472584 0.259143
0.139888 0.591088 0.269024
0.454199 0.201426 0.344376
0.354554 0.182607 0.462839
0.354527 0.344262 0.301211
0.313488 0.414928 0.271584
0.475777 0.0837904 0.440433
0.476076 0.314342 0.209582
0.283955 0.67055 0.0454945
0.318573 0.147787 0.53364
0.346669 0.228283 0.425048
0.301004 0.242967 0.456029
0.169126 0.175694 0.655181
0.327195 0.113981 0.558825
0.262753 0.102294 0.634953
0.169328 0.39228 0.438392
0.262321 0.192866 0.544812
0.218156 0.216524 0.56532
0.2837 0.265269 0.451032
0.533635 0.180386 0.285979
0.39761 0.165626 0.436764
0.394641 0.136285 0.469074
0.477614 0.092394 0.429992
0.16803 0.294434 0.537536
0.313095 0.177291 0.509614
0.254017 0.44438 0.301603
0.255697 0.189448 0.554856
0.214142 0.31853 0.467329
0.099989 0.854933 0.0450779
0.714799 0.285101 9.9991E-05
0.760105 0.239795 9.9991E-05
0.762567 0.237333 9.9991E-05
0.789499 0.210401 9.9991E-05
0.723935 0.275965 9.9991E-05
0.798642 0.201258 9.9991E-05
0.717609 0.282291 9.9991E-05
0.55802 0.44188 9.9991E-05
9.9991E-05 0.89398 0.10592
0.0667912 0.844915 0.0882935
9.9991E-05 0.886156 0.113744
0.12278 0.846805 0.0304148
9.9991E-05 0.883419 0.116481
0.0548501 0.910969 0.0341812
9.9991E-05 0.768816 0.231084
9.9991E-05 0.863889 0.136011
0.136452 0.728383 0.135165
9.9991E-05 0.861147 0.138753
9.9991E-05 0.954989 0.0449112
0.0395513 0.848856 0.111593
9.9991E-05 0.935514 0.0643864
9.9991E-05 0.887967 0.111933
9.9991E-05 0.847439 0.152461
9.9991E-05 0.813263 0.186637
9.9991E-05 0.760896 0.239004
9.9991E-05 0.76864 0.23126
9.9991E-05 0.789061 0.210839
0.580718 0.155887 0.263394
0.618731 0.0096113 0.371658
0.498868 0.0934811 0.407651
0.77133 0.173897 0.0547731
0.54232 0.103714 0.353966
0.664718 0.250288 0.0849934
0.481885 0.0143757 0.503739
0.656253 0.124053 0.219694
0.60323 0.13189 0.264879
0.717383 9.9991E-05 0.282517
0.659566 0.123393 0.217041
0.660081 0.00639316 0.333525
0.59477 0.0836665 0.321564
0.849362 0.142731 0.00790703
0.797651 0.202249 9.9991E-05
0.709083 0.215842 0.0750751
0.469712 0.0793747 0.450913
0.584261 0.0853408 0.330399
0.535269 0.0906204 0.374111
0.501708 0.0563452 0.441946
0.312514 0.173734 0.513752
0.289357 0.177225 0.533419
0.284323 0.455043 0.260634
0.483663 0.104796 0.411541
0.344185 0.210531 0.445284
0.251864 0.601822 0.146315
0.296869 0.333214 0.369917
0.28774 0.360572 0.351687
0.344967 0.281694 0.37334
0.432575 0.102785 0.46464
0.320085 0.17824 0.501675
0.302431 0.153601 0.543968
0.415757 0.175789 0.408454
0.19089 0.434575 0.374535
