0.0513039 9.9982E-05 0.00529396 0.0372497 0.905952 9.9982E-05
9.9964E-05 9.9964E-05 0.0732992 9.9964E-05 0.926301 9.9964E-05
0.0215941 9.9982E-05 9.9982E-05 0.0162191 0.839584 0.122403
0.0425802 9.9982E-05 9.9982E-05 0.0652523 0.798412 0.0935554
0.038023 0.00169948 9.9991E-05 0.012271 0.883616 0.0642904
9.999E-05 0.146124 0.0346128 0.0438099 0.657538 0.117815
0.0370041 0.118371 9.9982E-05 0.03841 0.806015 9.9982E-05
0.0217764 0.106444 9.9991E-05 0.133092 0.716125 0.0224628
9.99729E-05 0.0795157 9.99729E-05 0.0900588 0.830126 9.99729E-05
0.0653203 0.0987047 9.9991E-05 0.0240233 0.704706 0.107145
9.999E-05 0.109341 0.000198873 0.0989029 0.763912 0.0275451
0.0898406 0.0792561 0.238983 0.359542 9.9991E-05 0.232279
0.070565 0.0793935 9.9982E-05 0.293629 9.9982E-05 0.556212
0.0636067 0.194083 9.9991E-05 0.362148 0.0188966 0.361166
0.182301 0.0747594 0.152032 0.294006 0.0242098 0.272692
0.165097 0.12355 0.063277 0.225305 0.0848568 0.337914
0.100683 0.140984 9.9991E-05 0.0849952 0.0563386 0.616899
0.0899627 0.167725 0.121612 0.217759 9.9991E-05 0.402841
0.157688 0.0451728 0.194263 0.292589 0.104522 0.205765
0.0506367 0.195218 0.0484516 0.648601 0.0273378 0.0297546
0.103405 0.0869637 0.191636 0.223763 0.00278596 0.391446
0.0552547 0.2554 0.113656 0.119256 9.9991E-05 0.456333
0.0898699 0.0306141 0.15373 0.21444 9.9991E-05 0.511246
0.110043 0.152887 0.125495 0.341265 0.00711378 0.263195
0.0176003 0.0579672 0.0385337 0.0589915 0.132456 0.694452
0.172126 0.0138326 0.084961 0.188785 0.0240339 0.516261
0.074328 0.0801173 0.145432 0.455776 0.0422404 0.202106
0.181942 0.0563537 0.119623 0.415813 0.032636 0.193633
0.0196014 0.100317 0.140376 0.489834 9.9991E-05 0.249772
0.0292492 9.9973E-05 9.9973E-05 9.9973E-05 0.810839 0.159611
0.0146947 9.9973E-05 9.9973E-05 9.9973E-05 0.815034 0.169972
0.0484052 9.9991E-05 0.00989957 0.0216472 0.759324 0.160624
0.0976011 9.9982E-05 0.0444418 9.9982E-05 0.728926 0.128832
9.999E-05 0.0369323 0.234123 0.115998 0.0575586 0.555289
0.108814 9.9991E-05 0.391524 0.0272315 0.0556219 0.416708
0.0253352 9.9991E-05 0.419113 0.0155936 0.0119792 0.527879
0.125758 0.0298739 0.161685 0.602174 0.0428623 0.0376471
9.9973E-05 0.0628552 0.596488 9.9973E-05 9.9973E-05 0.340357
9.9982E-05 9.9982E-05 0.190481 0.200568 0.0419663 0.566785
0.0334404 0.0916197 0.189872 9.9982E-05 9.9982E-05 0.684868
9.9991E-05 0.154701 0.0710332 0.0199181 0.116279 0.637968
9.9991E-05 0.0346705 0.139401 0.0451993 0.0973473 0.683282
9.9973E-05 9.9973E-05 0.706344 0.200095 9.9973E-05 0.0932612
0.0272173 0.18193 0.106645 9.9991E-05 0.0505288 0.633579
0.0969166 0.0945783 0.218625 0.0263577 0.0504011 0.513121
0.00969145 0.0825236 0.168242 0.0230134 0.194079 0.522451
9.9973E-05 0.014365 0.695078 9.9973E-05 9.9973E-05 0.290257
0.0703207 9.9982E-05 0.315382 9.9982E-05 0.0739059 0.540191
0.0929846 0.0134705 0.209872 0.0337682 0.122328 0.527578
9.9973E-05 0.310461 0.611864 9.9973E-05 0.0773749 9.9973E-05
9.9982E-05 0.122795 0.244404 0.477711 9.9982E-05 0.15489
0.00865725 0.473376 0.154124 0.209719 9.9991E-05 0.154024
0.0479226 0.0893271 0.00847918 0.172188 0.0765033 0.60558
0.0596398 0.175929 9.9991E-05 0.134036 0.0622395 0.568055
0.0780123 0.078274 0.156842 0.0764655 0.00954083 0.600865
9.9991E-05 0.186688 0.18175 0.351906 0.0829592 0.196597
9.9973E-05 0.123575 9.9973E-05 0.289288 9.9973E-05 0.586837
0.149506 0.137947 0.00486239 0.117631 0.0639059 0.526148
9.9991E-05 0.182683 0.176163 0.186911 0.115797 0.338346
0.0213929 0.180783 0.100689 0.338171 0.216051 0.142914
0.135605 0.0396559 0.238381 0.117385 0.016614 0.45236
0.0437738 0.0261055 0.136723 0.296286 0.0745784 0.422533
9.9991E-05 0.240921 0.117127 0.549316 0.0418619 0.0506744
0.02518 0.161568 9.9982E-05 0.284215 9.9982E-05 0.528837
0.0858473 0.257806 9.9982E-05 0.0774418 9.9982E-05 0.578705
0.0434121 0.119011 0.0818985 0.175176 0.0402035 0.540299
0.0597533 0.187879 0.171724 0.266575 0.0291664 0.284903
0.0729569 0.209024 0.05341 0.163699 9.9991E-05 0.50081
0.0639597 0.0145268 0.165181 0.159352 0.0418177 0.555163
0.0116445 0.187502 0.146451 0.423547 0.0239029 0.206953
9.9973E-05 9.9973E-05 0.421889 0.0739321 9.9973E-05 0.503879
0.0162452 9.9991E-05 0.741396 0.0589415 0.042588 0.140729
0.0735801 0.0407222 0.189291 0.141464 0.0674558 0.487487
9.9964E-05 0.17178 0.827821 9.9964E-05 9.9964E-05 9.9964E-05
9.9964E-05 0.170897 0.828703 9.9964E-05 9.9964E-05 9.9964E-05
0.010634 9.9973E-05 0.727696 9.9973E-05 9.9973E-05 0.26137
0.0250088 0.0126065 0.463744 0.0513762 0.0169565 0.430308
0.0224455 0.0108233 0.130883 0.0925439 0.1421 0.601205
0.0677009 0.0451949 0.428948 0.0447402 9.9991E-05 0.413316
0.0512093 9.9991E-05 0.666381 0.183425 0.00618851 0.0926957
9.9982E-05 9.9982E-05 0.567647 0.197321 0.0424551 0.192377
0.0879001 0.0526633 0.141994 0.0926589 0.0718936 0.55289
0.0547751 9.9991E-05 0.655847 0.0333142 0.0512672 0.204696
0.0143918 9.9991E-05 0.505443 0.0591253 0.0784141 0.342526
9.9973E-05 0.0893387 0.546345 9.9973E-05 9.9973E-05 0.364016
9.9973E-05 0.279262 0.707018 0.0134194 9.9973E-05 9.9973E-05
0.0755106 9.9991E-05 0.235438 0.0838291 0.013285 0.591838
0.0228151 9.9982E-05 9.9982E-05 0.0525066 0.814304 0.110175
9.9964E-05 9.9964E-05 9.9964E-05 9.9964E-05 0.904283 0.0953172
9.9964E-05 9.9964E-05 9.9964E-05 9.9964E-05 0.889913 0.109687
0.00404382 9.9973E-05 9.9973E-05 9.9973E-05 0.930683 0.0649733
9.9973E-05 9.9973E-05 0.0147875 9.9973E-05 0.867819 0.117094
9.9973E-05 0.0179265 9.9973E-05 9.9973E-05 0.903317 0.0784561
9.9964E-05 9.9964E-05 9.9964E-05 9.9964E-05 0.937506 0.0620938
0.0480667 0.0157944 0.24965 0.0140795 0.117446 0.554963
9.9982E-05 9.9982E-05 0.165612 0.172231 0.117577 0.54438
9.9982E-05 0.0396242 0.898044 0.0258324 0.0362993 9.9982E-05
0.110796 0.0285959 0.234738 9.9991E-05 0.0790456 0.546724
9.9982E-05 9.9982E-05 0.430129 0.107392 0.0527556 0.409523
0.0770354 0.051484 0.316085 9.9991E-05 0.0453547 0.509941
0.0461152 0.0952839 0.323513 0.0199215 0.0163467 0.49882
0.0382169 9.9982E-05 0.507565 9.9982E-05 0.00889965 0.445118
9.9973E-05 9.9973E-05 0.788922 0.157908 0.0528699 9.9973E-05
0.0761569 0.0290094 0.24956 0.0333911 0.176371 0.435511
9.9982E-05 0.0610006 0.247622 9.9982E-05 0.0859712 0.605206
0.0772686 0.0906182 0.189593 0.160159 0.0511864 0.431175
9.9982E-05 0.167098 0.503066 9.9982E-05 0.0477358 0.2819
9.9982E-05 0.0867858 0.435226 9.9982E-05 0.00458626 0.473202
9.9982E-05 0.0964639 0.352251 0.133126 9.9982E-05 0.417959
0.094397 0.00963846 0.669622 9.9982E-05 9.9982E-05 0.226143
9.9982E-05 9.9982E-05 0.424363 0.0986678 0.032543 0.444226
0.0214339 0.083081 0.16237 0.0801944 0.069135 0.583786
0.0350062 0.253287 0.111964 0.345674 0.0134904 0.240579
0.0573376 0.108906 0.0232201 0.309489 0.0725756 0.428472
0.0575952 0.0658172 0.0685113 0.178592 0.0654793 0.564005
0.0417496 9.9991E-05 0.165699 0.126098 0.0690807 0.597273
9.9982E-05 9.9982E-05 0.0574177 0.349555 0.0663351 0.526493
0.041636 0.0191396 9.9982E-05 0.331319 9.9982E-05 0.607705
0.00263339 9.9991E-05 0.0407761 0.429359 0.0101635 0.516968
9.9982E-05 9.9982E-05 0.129373 0.265319 0.0916372 0.51347
0.0663253 0.117008 0.0817851 0.181413 0.0211557 0.532313
9.9991E-05 0.00848917 0.136248 0.197345 0.0575443 0.600273
9.9982E-05 0.0703953 0.0449435 0.320883 9.9982E-05 0.563578
0.0354205 0.0867877 0.0901829 0.0961767 0.0666047 0.624828
0.153013 0.0850832 0.10672 0.200691 0.0117557 0.442736
0.0851413 0.00157702 0.0724211 0.217922 9.9991E-05 0.622839
9.9982E-05 0.225654 9.9982E-05 0.0810075 0.061941 0.631197
0.0468459 0.17913 9.9991E-05 0.12829 0.0387173 0.606917
0.0382175 0.220596 9.9991E-05 0.303491 0.0856293 0.351966
0.102825 0.0237369 0.00322849 0.226309 0.0205294 0.623371
0.0431212 0.0673727 0.0138709 0.178234 0.00518829 0.692213
0.0892095 0.0769878 0.193345 0.420438 9.9991E-05 0.219919
9.9982E-05 0.404349 0.118322 0.280388 9.9982E-05 0.196741
0.00545194 0.0721715 0.094009 0.207368 0.0306842 0.590316
0.0349904 0.409258 0.160018 0.317556 9.9991E-05 0.0780774
0.0272047 0.125256 0.114156 0.442138 0.00708898 0.284156
9.9982E-05 9.9982E-05 0.268673 0.28568 0.024495 0.420953
9.9973E-05 9.9973E-05 0.267317 0.432271 9.9973E-05 0.300112
0.0188232 9.9991E-05 0.103214 0.523683 0.000294071 0.353886
0.0322742 0.145996 0.118906 0.0453727 0.0467947 0.610656
0.142063 9.9991E-05 0.205051 0.0798382 0.102069 0.470878
9.9991E-05 0.141226 0.0544791 0.165521 0.0564424 0.582232
0.0391792 0.305038 0.0933006 0.376474 9.9991E-05 0.185908
9.9991E-05 0.123074 0.0425176 0.19978 0.123216 0.511312
0.0226582 0.292717 0.157761 0.032692 0.0629324 0.43124
9.9982E-05 0.569446 0.155997 0.119837 0.154519 9.9982E-05
0.109474 0.0776134 0.091703 9.9991E-05 0.166658 0.554452
0.0364937 0.336006 0.0854158 0.136155 0.0675143 0.338415
0.0490072 0.224803 0.0943173 0.0151148 0.0773059 0.539452
0.0270205 0.434572 0.0574885 0.0750978 0.104982 0.300839
9.9991E-05 0.450761 0.0664595 0.20473 0.0932878 0.184662
9.9991E-05 0.306775 0.110731 0.135931 0.0357437 0.410719
0.0116553 0.283436 0.0432537 0.0670417 0.092932 0.501681
0.0858364 0.184268 0.10896 0.13915 0.126107 0.355679
0.170018 0.461079 0.248533 0.0798376 0.0404321 9.9991E-05
0.133736 0.115473 0.136824 0.0696913 0.0794614 0.464814
9.9982E-05 0.370969 0.132831 0.0809535 9.9982E-05 0.415047
0.0263772 0.254673 0.136971 0.095585 9.9991E-05 0.486293
0.122214 0.178941 0.0633667 0.108078 0.12478 0.40262
0.257601 0.237816 9.9982E-05 9.9982E-05 0.336794 0.167589
0.150424 0.316189 9.9973E-05 9.9973E-05 0.533087 9.9973E-05
0.146513 0.430519 9.9973E-05 9.9973E-05 0.422668 9.9973E-05
0.325892 0.17647 9.9991E-05 0.00483898 0.376852 0.115847
0.000377416 0.245581 0.0199012 9.9982E-05 9.9982E-05 0.73394
0.0464682 0.131112 0.0646753 0.0411008 0.151126 0.565518
0.652175 9.99729E-05 9.99729E-05 9.99729E-05 9.99729E-05 0.347425
0.452912 9.9991E-05 0.203937 0.0609505 0.0266064 0.255494
0.454759 9.9991E-05 0.077388 0.159898 0.0297024 0.278153
9.9973E-05 0.572146 0.0045257 9.9973E-05 9.9973E-05 0.423029
0.090607 0.20208 0.156285 0.0429599 0.0411059 0.466962
0.0319944 0.699609 9.9982E-05 0.00749361 9.9982E-05 0.260703
0.0173524 0.283281 0.0713638 9.9991E-05 0.0268901 0.601013
9.9991E-05 0.226815 0.156727 0.0916689 0.0228648 0.501825
0.0463654 0.268256 0.0827018 0.0163765 0.0615514 0.524749
9.9982E-05 0.615084 0.0631236 0.0815672 9.9982E-05 0.240025
0.0812165 0.0837351 0.171152 9.9982E-05 9.9982E-05 0.663696
0.0817901 0.270868 9.9991E-05 0.0612968 0.0059221 0.580023
0.946464 9.9973E-05 0.0377498 9.9973E-05 9.9973E-05 0.0154865
0.859631 9.9964E-05 9.9964E-05 9.9964E-05 9.9964E-05 0.13997
0.57076 9.9991E-05 0.125266 0.003159 0.0302816 0.270434
0.637784 9.9973E-05 9.9973E-05 9.9973E-05 0.0494192 0.312497
0.836844 9.9991E-05 0.0206576 0.0237365 0.0336651 0.0849965
0.9995 9.996E-05 9.996E-05 9.996E-05 9.996E-05 9.996E-05
0.956765 9.9973E-05 0.0113358 0.031599 9.9973E-05 9.9973E-05
0.89401 9.9964E-05 9.9964E-05 9.9964E-05 9.9964E-05 0.10559
0.9896 9.9973E-05 9.9973E-05 0.0050854 9.9973E-05 0.00501475
0.9995 9.996E-05 9.996E-05 9.996E-05 9.996E-05 9.996E-05
0.9995 9.996E-05 9.996E-05 9.996E-05 9.996E-05 9.996E-05
0.790707 9.9991E-05 0.00585205 0.0332447 0.0218036 0.148292
0.76701 9.9991E-05 0.0422798 0.0336006 0.0362505 0.120759
0.966429 9.9964E-05 0.0331708 9.9964E-05 9.9964E-05 9.9964E-05
0.470111 0.0171093 0.117068 0.089542 0.0356758 0.270494
0.687878 9.9991E-05 0.0553245 0.0205451 0.0412667 0.194886
0.683991 9.9982E-05 9.9982E-05 0.0249648 0.0500596 0.240784
0.862917 9.9982E-05 9.9982E-05 0.023188 0.0174088 0.096286
0.979131 9.9964E-05 9.9964E-05 9.9964E-05 9.9964E-05 0.0204695
0.959621 9.9973E-05 9.9973E-05 0.0203103 9.9973E-05 0.0197688
0.9995 9.996E-05 9.996E-05 9.996E-05 9.996E-05 9.996E-05
0.609722 9.9982E-05 9.9982E-05 0.101767 0.00816339 0.280148
0.894828 9.9991E-05 0.019795 0.0163516 0.0176444 0.0512811
0.053885 0.587691 9.9973E-05 9.9973E-05 0.358124 9.9973E-05
0.00047905 0.230999 9.9991E-05 0.104602 0.189672 0.474148
0.0136381 0.224037 0.0015668 0.0170066 0.27029 0.473461
0.109315 0.500264 9.9982E-05 9.9982E-05 0.226718 0.163503
0.197802 0.233898 9.9991E-05 0.110809 0.0872401 0.370152
0.0728977 0.373265 0.0443951 9.9991E-05 0.273866 0.235477
0.0763973 0.0691454 0.138943 0.108719 0.231447 0.375348
0.176566 0.327023 0.0269279 9.9991E-05 0.129131 0.340252
0.21022 0.255079 0.0628394 9.9991E-05 0.1063 0.365462
0.178885 0.293458 9.9982E-05 9.9982E-05 0.178893 0.348563
9.9973E-05 0.299876 9.9973E-05 9.9973E-05 0.163117 0.536707
9.9982E-05 0.0786388 9.9982E-05 0.0611108 0.840001 0.0200496
0.0875368 9.9964E-05 9.9964E-05 9.9964E-05 0.912063 9.9964E-05
9.9982E-05 9.9982E-05 0.0227162 0.00570381 0.959271 0.0121085
9.9973E-05 9.9973E-05 9.9973E-05 0.0405178 0.937615 0.0215668
0.012275 0.0171778 9.9982E-05 0.0520864 0.918261 9.9982E-05
0.0702712 0.0515353 9.9973E-05 9.9973E-05 0.877894 9.9973E-05
0.0789804 9.9973E-05 9.9973E-05 9.9973E-05 0.891917 0.0288027
9.9982E-05 0.0746873 0.00532719 9.9982E-05 0.905732 0.0140532
0.00448396 9.9973E-05 0.0622449 9.9973E-05 0.932971 9.9973E-05
0.0787812 0.0115347 9.9991E-05 0.0252555 0.844428 0.0399005
9.9982E-05 0.0800717 0.0844314 0.221505 0.613792 9.9982E-05
9.9973E-05 9.9973E-05 0.0982851 0.328232 0.573183 9.9973E-05
9.9982E-05 0.183117 0.0806187 0.2432 0.492865 9.9982E-05
9.9982E-05 0.12757 0.0559766 0.318114 0.498139 9.9982E-05
9.9982E-05 9.9982E-05 0.334279 0.138377 0.068332 0.458812
0.0717314 9.9991E-05 0.343096 0.0107547 0.0893526 0.484966
9.9973E-05 9.9973E-05 0.204897 0.18148 9.9973E-05 0.613323
9.9991E-05 0.0494751 0.213374 0.301733 0.0085852 0.426733
9.9982E-05 0.0407252 0.18228 0.605375 9.9982E-05 0.17142
0.103558 0.0164236 0.247974 0.0467314 0.0949232 0.49039
0.00625769 0.0266564 0.274503 0.157508 9.9991E-05 0.534975
0.0229896 0.131301 0.250845 0.0495606 9.9991E-05 0.545204
0.0404586 0.105571 0.503368 9.9982E-05 9.9982E-05 0.350403
9.9982E-05 9.9982E-05 0.180197 0.0910252 0.0605835 0.667994
9.9982E-05 9.9982E-05 0.462815 0.118172 0.0175078 0.401305
9.9973E-05 0.26603 0.654591 0.0790795 9.9973E-05 9.9973E-05
0.100455 0.140385 0.133235 0.150102 9.9991E-05 0.475723
0.0270122 0.205529 0.508347 9.9991E-05 0.044829 0.214183
0.0461715 0.0296523 0.417246 0.0632291 9.9991E-05 0.443601
9.9982E-05 9.9982E-05 0.70693 0.16977 0.0798392 0.0432612
0.00113742 0.125696 9.9982E-05 0.781506 0.0914608 9.9982E-05
9.9982E-05 0.106588 9.9982E-05 0.727373 0.12398 0.0418598
9.9982E-05 0.0548512 9.9982E-05 0.878703 0.0162743 0.0499719
9.9982E-05 0.0839982 0.0192257 0.780297 0.116279 9.9982E-05
0.0252007 0.134065 9.9982E-05 0.836669 9.9982E-05 0.00386546
9.9982E-05 0.0678263 9.9982E-05 0.751319 0.0721621 0.108493
0.0259215 9.9982E-05 0.0302283 9.9982E-05 0.871556 0.0720946
9.9973E-05 9.9973E-05 9.9973E-05 0.0430395 0.850031 0.10663
0.0961306 9.9973E-05 9.9973E-05 9.9973E-05 0.766457 0.137113
0.112926 9.9982E-05 9.9982E-05 0.0623696 0.762112 0.0623924
0.104112 9.9982E-05 9.9982E-05 0.0384551 0.793268 0.0639653
9.9973E-05 0.0188144 9.9973E-05 0.569395 0.411491 9.9973E-05
9.9973E-05 0.0973963 9.9973E-05 0.435811 0.466492 9.9973E-05
9.9982E-05 0.0218085 0.036363 0.528612 0.413017 9.9982E-05
0.0100504 9.9973E-05 9.9973E-05 9.9973E-05 0.809399 0.180251
9.9973E-05 9.9973E-05 0.0727871 0.548271 0.378642 9.9973E-05
0.35118 0.141323 9.9982E-05 9.9982E-05 0.202536 0.304761
0.223432 0.0447429 0.0104404 0.0389947 0.158056 0.524334
0.267809 9.9973E-05 9.9973E-05 9.9973E-05 0.174853 0.557038
0.319077 0.0771806 0.0977861 0.0356401 0.189559 0.280757
0.171105 0.0556655 0.100475 9.9991E-05 0.132166 0.540488
0.321988 0.241155 9.9973E-05 9.9973E-05 0.436557 9.9973E-05
9.9982E-05 0.0935674 0.00738899 0.38696 9.9982E-05 0.511884
0.00858525 0.291156 0.0961045 0.232918 9.9991E-05 0.371136
9.9991E-05 0.0489721 0.000956413 0.582869 0.0579619 0.30914
9.9982E-05 0.253142 0.0635954 0.158432 9.9982E-05 0.52463
9.9973E-05 0.607681 0.173071 0.218949 9.9973E-05 9.9973E-05
0.0603173 0.107774 0.0229244 0.15457 0.0461914 0.608223
0.00706573 0.237606 0.0567433 0.135428 0.0241925 0.538965
0.00152594 0.00611427 0.150563 0.447829 0.0271141 0.366854
0.0984025 0.00762904 0.0772556 0.174453 0.0816281 0.560632
9.9982E-05 0.393803 0.177254 0.280168 9.9982E-05 0.148575
0.0420089 0.206559 0.080718 0.188828 9.9991E-05 0.481786
9.9991E-05 0.138229 0.0613368 0.240417 0.0187183 0.541199
0.197964 0.139372 0.13834 0.0421468 0.148534 0.333644
9.9982E-05 0.26846 0.0383132 0.280862 9.9982E-05 0.412164
9.9991E-05 0.113563 0.101951 0.227868 0.0681732 0.488344
0.0981385 0.15287 0.157972 0.14113 0.00200491 0.447884
0.00377622 0.105131 0.170841 0.179646 0.00764919 0.532956
0.0829489 0.0826391 0.133035 0.0726156 0.00313373 0.625628
0.086748 0.0179978 0.253618 0.0483697 0.144714 0.448552
0.0681587 0.0616525 0.067267 0.105936 0.128314 0.568672
0.0858795 9.9973E-05 9.9973E-05 9.9973E-05 0.759589 0.154231
0.0274333 0.018776 0.0484012 9.9991E-05 0.829508 0.0757812
0.0495438 9.9991E-05 0.106905 0.04801 0.785772 0.00966958
0.0561705 9.9973E-05 0.126971 9.9973E-05 0.816559 9.9973E-05
9.9964E-05 9.9964E-05 9.9964E-05 9.9964E-05 0.839786 0.159814
0.0182336 0.0638584 0.133265 0.520596 0.0410911 0.222957
0.120698 0.111596 0.191663 0.163234 9.9991E-05 0.412709
0.161642 0.189447 0.0523878 0.0138067 0.168137 0.41458
0.015585 0.00200482 0.0890992 0.177941 0.0794195 0.635951
0.0200606 9.9991E-05 0.0657551 0.293067 0.0373471 0.58367
0.052883 0.309404 9.9982E-05 0.363964 9.9982E-05 0.273548
9.9991E-05 0.212095 0.0406481 0.6121 0.122569 0.0124875
0.08042 0.0217561 0.0892458 0.288514 0.0132931 0.506771
0.112722 0.108657 0.117555 0.589405 0.0169335 0.054728
0.000141778 0.126041 0.139517 0.140745 0.0771173 0.516438
9.9991E-05 0.0921894 0.192709 0.459364 0.127775 0.127863
0.112393 0.0249181 0.0656434 0.165941 0.0835917 0.547512
0.0104261 0.0569245 0.105021 0.53898 0.0669101 0.221738
0.0594639 0.182947 0.126641 0.230164 0.0154036 0.38538
0.0449409 0.376648 0.0283634 0.0444803 0.0223933 0.483174
9.9982E-05 0.572859 9.9982E-05 0.109298 0.0297578 0.287885
0.0236529 0.232157 0.150454 9.9991E-05 0.0485315 0.545104
0.0347172 0.192501 0.0648437 0.0113208 0.172307 0.52431
9.9973E-05 0.554566 9.9973E-05 0.0998844 9.9973E-05 0.34525
0.0793268 0.183735 0.0342113 0.0867439 0.0163344 0.599649
9.9991E-05 0.221949 0.0980336 0.0764084 0.0458958 0.557613
9.9982E-05 0.703354 0.0242929 0.116157 9.9982E-05 0.155996
9.9982E-05 0.645235 0.0261115 0.00904966 9.9982E-05 0.319404
9.9973E-05 0.383242 9.9973E-05 0.07646 9.9973E-05 0.539998
9.9991E-05 0.626842 0.0846092 0.121443 0.0104312 0.156575
9.9982E-05 0.306729 0.0331439 0.143606 9.9982E-05 0.516321
0.0400716 0.108389 0.185462 0.557823 0.0311281 0.0771266
9.9982E-05 0.26487 0.165706 0.282643 9.9982E-05 0.286581
0.100141 9.9982E-05 0.226337 0.421517 9.9982E-05 0.251805
0.0692145 0.0891832 0.0278266 0.141721 0.023178 0.648877
9.9982E-05 0.0152776 0.24055 0.464222 9.9982E-05 0.27975
0.0667354 0.183452 0.0119896 0.0661674 0.12049 0.551166
0.0190343 9.9991E-05 0.100601 0.175371 0.0870731 0.61782
0.131738 0.0420309 0.0824481 0.34978 9.9991E-05 0.393903
0.16061 9.9982E-05 0.110829 0.354075 9.9982E-05 0.374286
0.0572898 9.9982E-05 0.164526 0.331539 9.9982E-05 0.446445
0.103662 9.9982E-05 0.210408 0.528163 9.9982E-05 0.157568
0.0922246 9.9982E-05 0.104909 0.442492 9.9982E-05 0.360174
0.0226557 0.0832692 0.123613 0.146504 9.9991E-05 0.623858
9.9991E-05 0.0883975 0.177964 0.0481561 0.0606502 0.624732
0.021918 0.198679 0.0743843 0.247947 9.9991E-05 0.456972
0.107209 0.0673551 0.0462535 0.240634 9.9991E-05 0.538449
0.0157231 0.00470688 0.0196137 0.477137 0.119974 0.362846
0.0441268 9.9991E-05 0.101359 0.20989 0.0378622 0.606662
0.0758176 9.9982E-05 0.143309 0.285574 9.9982E-05 0.495099
0.165409 0.0118057 0.145922 0.154371 0.0426298 0.479862
0.0996471 0.0153766 0.0626708 0.014039 0.32224 0.486026
0.256712 0.13017 0.076255 0.00927367 0.0883513 0.439238
0.102287 0.204171 0.0404097 0.0202113 0.136494 0.496428
0.164149 0.0619025 0.107062 0.0687368 0.110419 0.487729
0.244092 0.0208856 0.117763 0.0178115 0.202419 0.397028
0.0183097 0.304522 9.9982E-05 0.140771 9.9982E-05 0.536197
0.20198 0.0600771 0.0510239 0.0883005 0.142062 0.456556
0.181519 0.468515 0.131951 9.9982E-05 0.217814 9.9982E-05
0.108628 0.100339 9.9991E-05 0.132022 0.0944425 0.564468
0.111776 0.0485621 0.101927 0.0491698 0.132937 0.555628
0.214612 0.072131 0.0266992 0.134483 0.0670319 0.485043
0.215953 0.201096 0.1258 0.070735 0.140116 0.246299
0.202533 0.0570221 0.0393875 0.0417627 0.12914 0.530154
0.110123 0.17693 9.9982E-05 9.9982E-05 0.123463 0.589284
0.213218 0.295231 9.9973E-05 9.9973E-05 0.49125 9.9973E-05
0.141598 0.0789321 0.0495293 0.0361621 0.220585 0.473194
0.270081 0.0939076 0.0607855 9.9991E-05 0.154016 0.421109
0.16151 0.207031 0.0723308 0.0150895 0.107446 0.436593
0.152268 0.050211 9.9982E-05 9.9982E-05 0.135 0.662321
0.12619 0.135589 0.00263151 0.006298 0.164028 0.565263
0.0663911 0.256142 0.0900305 0.0643203 0.0539526 0.469164
0.0687658 0.171107 0.0455853 0.0481867 0.103796 0.562559
9.9982E-05 0.641642 0.295522 0.0267624 9.9982E-05 0.0358743
9.9982E-05 0.692914 0.179134 0.0891807 9.9982E-05 0.0385712
0.152317 0.188335 0.113571 0.046083 9.9991E-05 0.499593
0.305398 0.12822 9.9991E-05 0.0455767 0.0704794 0.450226
0.411516 0.215885 9.9982E-05 9.9982E-05 0.0628906 0.309508
0.27181 0.303649 9.9982E-05 9.9982E-05 0.225993 0.198348
0.278522 0.208414 0.00464752 9.9991E-05 0.180193 0.328123
0.0809858 0.654699 0.0179162 9.9991E-05 0.0716102 0.174689
0.154767 0.551114 0.106366 9.9991E-05 0.034791 0.152862
0.190901 0.221882 0.0761761 0.0385578 0.00831104 0.464173
0.0438646 0.220532 0.0666321 0.0380419 0.0655199 0.56541
0.104161 0.529698 0.0232765 0.0102485 0.0559031 0.276713
0.155363 0.226511 9.9991E-05 0.0985377 0.0305528 0.488936
0.0841464 0.221966 0.0829352 0.0149012 0.0448649 0.551186
0.108326 0.0151487 0.087887 0.217188 0.0881462 0.483304
9.9982E-05 0.423538 0.0645621 0.0764262 9.9982E-05 0.435273
0.0264568 0.30227 0.212502 0.0173588 9.9991E-05 0.441312
0.0739535 0.155145 0.186064 0.0592652 9.9991E-05 0.525473
9.9991E-05 0.329692 0.144733 0.0957788 0.0476289 0.382067
0.037475 0.238383 0.0001249 0.157336 0.0977405 0.46894
9.9982E-05 0.417952 0.0736242 0.0517541 9.9982E-05 0.45647
9.9982E-05 0.548966 0.0948197 0.0584343 9.9982E-05 0.29758
0.0900898 0.219467 0.17693 9.9991E-05 0.0470507 0.466363
9.9982E-05 0.535768 0.144117 0.0782731 9.9982E-05 0.241642
0.00222383 0.411701 0.110725 0.0114435 0.0263351 0.437572
9.9982E-05 0.195021 0.139899 0.0316577 9.9982E-05 0.633222
9.9991E-05 0.270695 0.138788 0.112211 0.0167325 0.461473
0.0993407 0.140864 0.0140994 0.0224255 0.173202 0.550069
0.15053 0.0442893 0.0448017 0.0787995 0.200653 0.480927
0.244053 0.209049 9.9991E-05 0.0325873 0.189376 0.324835
0.257693 0.214074 9.9991E-05 0.144012 0.0873263 0.296794
0.177161 9.9991E-05 0.0576506 0.134542 0.168432 0.462114
0.211888 0.135329 0.110824 0.0690059 0.130126 0.342827
0.166814 0.624703 0.00879045 0.0397619 0.159831 9.9991E-05
0.163574 0.188335 9.9991E-05 0.00957988 0.0498941 0.588517
0.122026 0.490554 9.9973E-05 9.9973E-05 0.38712 9.9973E-05
0.176333 0.245282 0.00901619 9.9991E-05 0.0240263 0.545242
9.9973E-05 0.61697 0.227003 9.9973E-05 9.9973E-05 0.155727
9.9973E-05 0.689722 0.275384 0.0345937 9.9973E-05 9.9973E-05
9.9973E-05 0.325314 0.156127 9.9973E-05 9.9973E-05 0.518259
9.9973E-05 0.200847 0.0495716 9.9973E-05 9.9973E-05 0.749282
9.9982E-05 0.423348 0.111947 0.0343329 9.9982E-05 0.430173
9.9982E-05 0.196945 0.290128 9.9982E-05 0.0138849 0.498842
9.9973E-05 0.28713 0.143417 9.9973E-05 9.9973E-05 0.569153
0.092934 0.0466324 0.0418342 0.000613253 0.80333 0.0146559
0.135605 0.00311995 0.0131006 0.152039 0.692422 0.00371358
0.0552055 9.9973E-05 9.9973E-05 0.0486717 0.895823 9.9973E-05
9.9964E-05 9.9964E-05 9.9964E-05 9.9964E-05 0.928594 0.0710064
9.9982E-05 9.9982E-05 0.398606 0.0651575 0.0391815 0.496855
0.0331197 9.9982E-05 0.434293 9.9982E-05 0.0827397 0.449647
9.9973E-05 9.9973E-05 0.540228 9.9973E-05 0.016946 0.442526
9.9982E-05 9.9982E-05 0.260387 0.0990275 0.0717388 0.568647
9.9991E-05 0.0483218 0.132376 0.124431 0.0966262 0.598145
9.9991E-05 0.0820085 0.577097 0.102938 0.0228313 0.215026
0.0473395 9.9982E-05 0.381088 9.9982E-05 0.00939747 0.561975
9.9973E-05 0.162052 0.514718 9.9973E-05 9.9973E-05 0.32293
0.127847 9.9991E-05 0.0329878 0.00469334 0.290539 0.543833
0.106914 0.0607742 0.435015 0.079814 9.9991E-05 0.317383
9.9973E-05 9.9973E-05 0.511293 0.106545 9.9973E-05 0.381863
0.0361823 0.00119361 0.369745 0.0625788 9.9991E-05 0.530201
9.9982E-05 9.9982E-05 0.495604 0.0499932 0.0559074 0.398295
9.9973E-05 0.0191928 0.437142 9.9973E-05 9.9973E-05 0.543365
0.0852878 9.9982E-05 0.392825 9.9982E-05 0.0395382 0.482149
9.9973E-05 0.0661358 0.927878 9.9973E-05 9.9973E-05 0.00568679
0.0632932 0.0891678 0.645976 9.9991E-05 0.0125118 0.188951
0.0283719 0.0514499 0.551007 0.0268226 0.0352445 0.307104
9.9964E-05 0.288065 0.711535 9.9964E-05 9.9964E-05 9.9964E-05
0.0244412 9.9991E-05 0.404507 0.104452 0.0139623 0.452537
0.0174112 0.296019 0.587813 9.9982E-05 9.9982E-05 0.0985571
9.9964E-05 0.340927 0.658673 9.9964E-05 9.9964E-05 9.9964E-05
0.0252813 9.9982E-05 0.36582 9.9982E-05 0.0379486 0.57075
9.9982E-05 9.9982E-05 0.737708 0.041214 0.0619286 0.15895
0.107252 9.9982E-05 0.472317 0.111287 9.9982E-05 0.308944
0.124968 0.0726437 0.133745 0.0798135 0.0781961 0.510634
0.00577297 9.9982E-05 0.38387 0.0632118 9.9982E-05 0.546945
0.0576372 0.233391 0.0570471 0.286529 9.9991E-05 0.365296
9.9973E-05 9.9973E-05 0.396598 0.00548923 9.9973E-05 0.597613
0.0589934 0.0052471 0.35538 0.138645 0.0187056 0.423029
9.9973E-05 0.0713 0.670895 9.9973E-05 9.9973E-05 0.257505
0.0609333 0.14787 0.176454 9.9991E-05 0.0652415 0.549402
9.9991E-05 0.0414279 0.0194004 0.268101 0.670225 0.000745728
9.9991E-05 0.0393164 0.0844703 0.0446612 0.784033 0.0474189
9.9973E-05 0.0514805 9.9973E-05 0.125749 0.822471 9.9973E-05
9.9982E-05 0.0102734 0.0126718 0.189611 0.787244 9.9982E-05
9.9982E-05 0.0271478 9.9982E-05 0.237031 0.705634 0.0299871
0.034355 9.9991E-05 0.717218 0.140943 0.053168 0.0542166
9.9991E-05 0.0726417 0.606052 0.0993637 0.0954786 0.126364
9.9973E-05 0.106155 0.802013 9.9973E-05 9.9973E-05 0.0915321
0.061992 9.9982E-05 0.221366 9.9982E-05 0.180445 0.535997
0.082156 9.9991E-05 0.236073 0.0675631 0.0858478 0.52826
0.0275458 0.176294 0.515843 9.9991E-05 0.0187881 0.26143
0.0997313 9.9982E-05 0.383071 0.00267912 9.9982E-05 0.514318
9.9973E-05 9.9973E-05 0.544158 9.9973E-05 0.0641893 0.391353
0.0273137 9.9982E-05 0.371633 9.9982E-05 0.0284114 0.572442
0.130774 9.9991E-05 0.216771 0.0898241 0.032959 0.529572
9.9982E-05 0.0188611 0.652264 0.108854 9.9982E-05 0.219822
0.00594881 9.9982E-05 0.619031 0.0333942 9.9982E-05 0.341426
9.9973E-05 9.9973E-05 0.551748 0.120457 9.9973E-05 0.327495
9.9982E-05 0.227369 9.9982E-05 0.0218883 0.139366 0.611177
9.9973E-05 9.9973E-05 0.569149 9.9973E-05 0.031427 0.399124
9.9991E-05 0.102313 0.355433 0.0830917 0.0191456 0.439917
0.490798 0.0389726 0.0932499 0.00711165 0.0425303 0.327338
0.504869 0.0803863 9.9991E-05 0.0192923 0.0515137 0.343839
0.421462 0.0415961 9.9982E-05 9.9982E-05 0.130762 0.40598
0.47462 0.0835048 9.9982E-05 9.9982E-05 0.135934 0.305741
0.226457 0.0411639 9.9991E-05 0.0106184 0.147094 0.574566
0.0313745 0.148801 0.329817 9.9991E-05 0.0464396 0.443468
0.633643 0.0571054 9.9991E-05 0.0228377 0.237543 0.048771
0.530626 0.0685589 9.9982E-05 9.9982E-05 0.123765 0.276851
0.214153 0.184321 0.0662923 0.024877 0.0997514 0.410605
9.9982E-05 0.206973 9.9982E-05 0.0131807 0.143413 0.636234
0.00900555 0.272217 0.0467002 0.0820524 0.107027 0.482997
9.9982E-05 0.204481 9.9982E-05 0.0880454 0.10842 0.598854
0.0684103 0.141273 0.0997975 0.0311526 0.06995 0.589416
0.386567 9.9973E-05 9.9973E-05 9.9973E-05 0.201563 0.41157
0.380158 0.00309648 0.0630825 0.0883874 0.0899101 0.375366
0.480754 0.0230322 9.9982E-05 9.9982E-05 0.0507 0.445313
0.249439 0.0475939 9.9991E-05 0.0274851 0.182071 0.493311
0.597238 0.041856 0.037702 0.0137638 0.0375372 0.271903
0.33233 0.0688545 0.0607757 0.0183274 0.110821 0.408892
0.568054 0.0440144 9.9982E-05 9.9982E-05 0.1542 0.233532
0.414623 0.0314727 0.0364273 0.045602 0.0739982 0.397877
0.044394 0.344327 9.9982E-05 9.9982E-05 0.0637405 0.547339
0.365675 0.0664482 0.0274055 0.0141569 0.176617 0.349697
0.693555 0.0336121 0.0254922 9.9991E-05 0.13821 0.109031
0.353653 0.0875839 0.0175481 0.142075 0.0885514 0.310589
9.9991E-05 0.249839 0.129137 0.213863 0.161297 0.245763
0.0739388 0.290559 9.9991E-05 0.0485439 0.0194237 0.567435
0.322821 0.0893187 0.047311 0.0722372 0.168642 0.29967
0.0190293 0.17763 9.9991E-05 0.0361438 0.135013 0.632084
0.000521103 0.208702 0.0897918 0.0293236 0.156981 0.51468
0.081965 0.0685689 0.0964818 0.0031657 0.236549 0.51327
0.291472 0.188067 0.0114978 9.9991E-05 0.18856 0.320303
0.167578 0.193202 9.9991E-05 0.119956 0.0554948 0.463669
0.36111 0.000905121 0.113305 0.0929665 0.109108 0.322605
0.500526 0.0269291 9.9982E-05 9.9982E-05 0.159354 0.312991
0.617125 0.027657 9.9982E-05 9.9982E-05 0.242299 0.11272
0.101902 0.217697 9.9991E-05 0.154289 0.00618785 0.519825
9.9991E-05 0.271956 0.0399997 0.0136344 0.140673 0.533638
0.0126458 0.624161 9.9982E-05 9.9982E-05 0.141412 0.221581
9.9982E-05 0.119996 0.20847 9.9982E-05 0.152309 0.519025
0.074251 0.10539 0.0132885 0.200397 0.0999844 0.506689
0.150712 0.0788157 0.173462 9.9991E-05 0.178335 0.418575
0.0302327 0.218769 9.9991E-05 0.00573012 0.169573 0.575596
0.180955 0.483028 9.9973E-05 9.9973E-05 0.335717 9.9973E-05
0.10297 0.589812 9.9973E-05 9.9973E-05 0.306918 9.9973E-05
0.104068 0.379455 9.9991E-05 0.0922121 0.0931253 0.33104
0.197294 0.444378 9.9982E-05 9.9982E-05 0.343954 0.0141746
0.255394 0.332303 9.9973E-05 9.9973E-05 0.412004 9.9973E-05
0.153178 0.319027 0.0402261 0.00317945 0.127414 0.356976
0.0664677 0.0867199 0.110852 9.9991E-05 0.241215 0.494646
0.208467 0.298132 0.0342489 9.9991E-05 0.258532 0.20052
0.0951622 0.483461 9.9982E-05 9.9982E-05 0.295544 0.125633
0.108096 0.145303 0.101648 0.0135226 0.134052 0.497379
0.112516 0.439325 0.0133111 9.9991E-05 0.213983 0.220765
0.0385886 0.507904 9.9973E-05 9.9973E-05 0.453208 9.9973E-05
0.0737173 0.0684052 9.9991E-05 0.10257 0.175295 0.579912
0.221472 0.206784 0.058033 0.0526074 0.165441 0.295663
0.177414 9.9991E-05 0.0859655 0.0405393 0.286455 0.409526
0.286834 9.9973E-05 9.9973E-05 9.9973E-05 0.227951 0.484916
0.106582 0.0577569 0.0901471 0.0167863 0.157434 0.571294
0.21131 0.1345 9.9991E-05 0.0142349 0.120859 0.518996
0.217484 0.0281046 0.0101218 0.0291773 0.389011 0.326102
0.203496 0.0375984 9.9982E-05 9.9982E-05 0.21465 0.544056
0.248529 0.0109687 0.106072 9.9991E-05 0.238465 0.395866
0.262077 0.172479 0.0368373 0.00833639 0.225726 0.294545
0.128279 0.0163278 0.244422 0.117469 0.199029 0.294473
0.0538251 0.00812016 0.0741338 0.024223 0.259365 0.580333
0.0707393 0.0230413 0.0801464 9.9991E-05 0.236113 0.58986
0.134892 0.0158094 0.135997 0.0585807 0.122325 0.532396
0.2152 0.0616904 9.9982E-05 9.9982E-05 0.269124 0.453786
0.0715313 0.102884 0.0372803 9.9991E-05 0.216377 0.571828
0.264128 0.216509 0.0326924 9.9991E-05 0.330121 0.156449
0.194977 0.0706355 0.0332993 0.00971517 0.193188 0.498185
0.321978 0.152207 9.9982E-05 9.9982E-05 0.318855 0.206761
0.00619276 0.00881911 0.0854089 0.117057 0.782422 9.9991E-05
0.0223904 0.101021 0.010112 0.686596 0.0514528 0.128427
9.9964E-05 9.9964E-05 9.9964E-05 0.980556 0.0190446 9.9964E-05
9.996E-05 9.996E-05 9.996E-05 0.9995 9.996E-05 9.996E-05
9.9964E-05 9.9964E-05 9.9964E-05 0.971876 9.9964E-05 0.0277239
0.0891062 9.9964E-05 9.9964E-05 0.910494 9.9964E-05 9.9964E-05
9.9964E-05 9.9964E-05 9.9964E-05 0.889725 9.9964E-05 0.109875
9.9964E-05 9.9964E-05 9.9964E-05 0.928395 0.0712047 9.9964E-05
0.000672854 9.9973E-05 9.9973E-05 0.785547 0.21348 9.9973E-05
0.0572641 0.0181901 9.9991E-05 0.0491515 0.856502 0.018792
0.0165664 9.9982E-05 9.9982E-05 0.146989 0.803048 0.0331974
0.0363364 0.0130933 9.9991E-05 0.025466 0.885621 0.0393829
9.9982E-05 0.0502928 9.9982E-05 0.101718 0.820802 0.0269867
0.0642901 9.9982E-05 0.0304263 9.9982E-05 0.90131 0.00377382
0.00537119 0.0116484 0.0253824 0.0809798 0.876518 9.9991E-05
0.152506 0.0210309 9.9982E-05 0.0799075 0.746356 9.9982E-05
0.0920991 0.0186555 0.026458 9.9991E-05 0.851596 0.0110918
0.111209 9.9991E-05 0.00337718 0.119795 0.691828 0.0736901
0.0662168 9.9973E-05 0.02091 9.9973E-05 0.912573 9.9973E-05
9.9973E-05 9.9973E-05 0.0203228 0.0091044 0.970273 9.9973E-05
0.0297879 0.00525339 9.9991E-05 0.0788046 0.820411 0.0656427
0.0203972 9.9982E-05 9.9982E-05 0.0327619 0.93853 0.00811053
0.0207344 9.9973E-05 9.9973E-05 9.9973E-05 0.906378 0.0725877
0.0600219 9.9991E-05 0.0345273 0.0288101 0.845084 0.0314569
0.0011688 9.9973E-05 9.9973E-05 9.9973E-05 0.85034 0.148191
0.0920973 9.9973E-05 9.9973E-05 9.9973E-05 0.774936 0.132666
0.0896227 9.9973E-05 9.9973E-05 9.9973E-05 0.789097 0.12098
9.9964E-05 9.9964E-05 9.9964E-05 9.9964E-05 0.835004 0.164596
9.9991E-05 0.298205 0.00462199 0.128818 0.133558 0.434698
9.9991E-05 0.112701 0.0934677 0.045664 0.0357848 0.712283
0.0458359 0.208629 0.0401374 0.112073 0.0863475 0.506977
9.9982E-05 0.701112 0.046959 9.9982E-05 0.0611746 0.190554
9.9991E-05 0.153639 0.0464817 0.0647968 0.135121 0.599862
9.9973E-05 0.739428 9.9973E-05 9.9973E-05 0.144301 0.115971
0.040426 0.238752 9.9991E-05 0.0157737 0.044718 0.660231
9.9991E-05 0.220789 0.083043 0.189346 0.082269 0.424454
9.9991E-05 0.194174 0.0637297 0.0867494 0.0802369 0.57501
0.00567777 0.0533581 0.349153 0.0385328 0.0650744 0.488204
9.9982E-05 0.256521 9.9982E-05 0.155596 0.097471 0.490213
9.9991E-05 0.145593 0.0392974 0.0429631 0.0377317 0.734315
9.9991E-05 0.126857 0.0866683 0.133548 0.0936507 0.559176
0.0682874 0.318234 0.147264 0.432315 9.9991E-05 0.0338
9.9973E-05 0.914467 9.9973E-05 0.0746157 0.010617 9.9973E-05
9.9982E-05 0.715406 9.9982E-05 0.0144659 0.0718653 0.198063
0.0506379 0.20732 9.9991E-05 0.0127427 0.107662 0.621538
9.9991E-05 0.290182 0.0307384 0.0237505 0.105923 0.549306
9.9982E-05 0.224582 0.099255 9.9982E-05 0.138902 0.537061
0.0098505 0.111138 0.0505248 0.0229194 0.128691 0.676877
0.163714 0.0621404 9.9991E-05 0.0725714 0.203466 0.498008
0.144145 9.9982E-05 9.9982E-05 0.0536539 0.167501 0.6345
0.121564 0.145614 0.032606 0.13188 0.405718 0.162618
9.9991E-05 0.0836902 0.0196142 0.0929251 0.103666 0.700004
0.102969 0.0621742 0.10785 0.0484007 0.208334 0.470272
0.184044 0.375977 9.9973E-05 9.9973E-05 0.439679 9.9973E-05
0.190193 0.26531 9.9982E-05 9.9982E-05 0.258446 0.285851
0.148265 0.0437643 0.0675995 0.0617102 0.357403 0.321258
9.9982E-05 9.9982E-05 0.0559245 0.0889744 0.339313 0.515588
0.125322 0.0582662 9.9991E-05 0.078093 0.152014 0.586205
0.13703 0.188614 0.0128977 9.9991E-05 0.163761 0.497597
0.179712 0.0369376 0.133175 0.0257537 0.0690348 0.555387
0.194172 0.192522 0.0262804 9.9991E-05 0.129224 0.457702
0.14194 0.0145114 0.0925253 0.00614544 0.448033 0.296845
