0.952988 0.0232397 0.0134533 0.0103195
0.963886 0.0359142 9.9982E-05 9.9982E-05
0.837593 9.9991E-05 0.0646219 0.0976854
0.835652 9.9991E-05 0.0787659 0.0854819
0.925983 9.9991E-05 0.0428879 0.0310287
0.671826 0.184248 0.0504427 0.093483
0.887258 0.0648599 9.9991E-05 0.0477823
0.762318 0.1825 0.0550815 9.9991E-05
0.85547 0.14433 9.9982E-05 9.9982E-05
0.729265 0.0823933 0.0475185 0.140823
0.793333 0.16035 9.9991E-05 0.0462175
0.0480893 0.479506 0.0572874 0.415117
0.0981992 0.251709 0.0656955 0.584396
0.0464016 0.549156 0.100678 0.303765
0.132313 0.382863 0.142644 0.34218
0.210953 0.180836 0.100809 0.507402
0.0300596 0.17041 0.18575 0.61378
9.9991E-05 0.343236 0.125858 0.530805
0.172138 0.332935 0.111863 0.383063
0.137198 0.743163 0.0232303 0.0964089
0.00614202 0.382945 0.120021 0.490892
0.0793061 0.3114 0.15478 0.454514
0.127836 0.163251 0.0710886 0.637824
0.0876999 0.410786 0.0615931 0.439921
0.11805 0.128439 0.0847856 0.668725
0.0713681 0.186609 0.116612 0.625411
0.117222 0.521311 0.062946 0.298521
0.0850176 0.469314 0.123812 0.321857
0.034855 0.560452 0.0167911 0.387901
0.847519 9.9991E-05 0.0922455 0.0601353
0.832964 9.9991E-05 0.0593325 0.107603
0.792979 9.9991E-05 0.059269 0.147652
0.740821 9.9991E-05 0.122128 0.136951
0.0642677 0.229107 0.0134908 0.693134
0.0800902 0.250494 0.103371 0.566045
0.0119871 0.18877 0.019195 0.780048
0.181049 0.596821 9.9991E-05 0.22203
9.9991E-05 0.450002 0.024499 0.525399
0.157895 0.198527 0.0343661 0.609212
0.00483017 0.110891 0.0317315 0.852547
0.143234 0.114368 0.0427407 0.699658
0.147833 0.120941 9.9991E-05 0.731127
0.00713385 0.615223 9.9991E-05 0.377543
0.0542228 0.121335 0.13597 0.688472
0.0840864 0.168189 0.0503584 0.697366
0.182072 0.0255399 0.0992637 0.693124
9.9982E-05 0.401733 9.9982E-05 0.598067
0.0260997 0.13323 9.9991E-05 0.84057
0.0683243 0.115557 0.145665 0.670454
0.0878318 0.811898 9.9991E-05 0.10017
9.9991E-05 0.674952 0.0276564 0.297291
0.0705804 0.683098 0.0766858 0.169636
0.118164 0.166216 0.0785381 0.637082
0.105238 0.123094 0.0245216 0.747146
0.0679178 0.178668 0.17393 0.579484
0.170604 0.549898 0.00837807 0.27112
9.9991E-05 0.262413 0.0829334 0.654553
0.141119 0.0714341 0.0984277 0.68902
0.131955 0.430507 0.0447441 0.392794
0.233275 0.524664 0.0674 0.174662
0.0990038 0.167271 0.033016 0.700709
0.112822 0.331919 0.0691445 0.486114
0.126765 0.715309 9.9991E-05 0.157826
0.0372872 0.318598 0.0786652 0.56545
0.0149656 0.16648 0.19613 0.622425
0.115001 0.193396 0.0779034 0.613699
0.0880547 0.435351 0.0434264 0.433168
0.0253907 0.30927 0.0374203 0.627919
0.0609702 0.166219 0.0926761 0.680134
0.0825046 0.556218 9.9991E-05 0.361178
9.9982E-05 0.253714 9.9982E-05 0.746086
9.9982E-05 0.565684 9.9982E-05 0.434116
0.136988 0.285482 0.0342154 0.543315
9.9982E-05 0.716924 9.9982E-05 0.282876
9.9982E-05 0.746642 9.9982E-05 0.253158
9.9982E-05 0.476581 9.9982E-05 0.523219
0.0149085 0.288294 9.9991E-05 0.696697
0.149278 0.154228 0.0180864 0.678408
9.9991E-05 0.348015 0.0699596 0.581925
0.031571 0.51598 9.9991E-05 0.452349
0.0297001 0.466507 9.9991E-05 0.503693
0.0374336 0.139661 0.0633936 0.759511
0.0268215 0.419256 0.0440687 0.509854
0.0706214 0.271836 9.9991E-05 0.657443
0.00745819 0.33477 9.9991E-05 0.657671
0.00890417 0.722475 9.9991E-05 0.26852
9.9991E-05 0.188656 0.0920046 0.71924
0.885215 9.9991E-05 0.0344825 0.0802023
0.919201 9.9982E-05 9.9982E-05 0.0805991
0.882506 9.9991E-05 0.050768 0.0666262
0.955297 9.9991E-05 0.0420013 0.00260197
0.908338 9.9991E-05 0.013545 0.0780166
0.950272 9.9991E-05 0.0276641 0.0219637
0.956396 9.9982E-05 9.9982E-05 0.0434045
0.0500078 0.280138 0.0626482 0.607206
0.0354733 0.250805 0.177387 0.536335
0.00250817 0.678632 9.9991E-05 0.31876
0.124564 0.12999 0.0737262 0.67172
0.0543975 0.310258 9.9991E-05 0.635244
0.0376722 0.178648 0.0459536 0.737726
9.9991E-05 0.263764 0.0340924 0.702044
9.9991E-05 0.249656 0.0705026 0.679741
0.0506222 0.760786 9.9991E-05 0.188492
0.123835 0.217552 0.0379722 0.620641
0.12447 0.108466 9.9991E-05 0.766964
0.138492 0.173188 0.0923011 0.596019
9.9991E-05 0.432238 0.0103488 0.557313
9.9991E-05 0.306148 0.0384164 0.655335
0.00345892 0.340958 9.9991E-05 0.655484
9.9991E-05 0.393241 0.0870821 0.519577
0.0574929 0.327724 9.9991E-05 0.614683
0.0930599 0.129277 0.0554435 0.72222
0.0855518 0.60514 0.0809527 0.228355
0.107101 0.309855 0.140606 0.442437
0.117666 0.158184 0.0775343 0.646616
0.145788 0.0986228 0.0710149 0.684574
0.092623 0.277257 9.9991E-05 0.63002
0.0434418 0.242448 0.102545 0.611565
0.0583541 0.323094 0.0466474 0.571904
0.117281 0.260352 0.0414909 0.580876
0.14389 0.125699 0.0842095 0.646202
0.0879279 0.192483 9.9991E-05 0.719489
0.0373409 0.341432 9.9991E-05 0.621127
0.112179 0.195475 0.0815198 0.610826
0.177526 0.0857824 0.0464957 0.690196
9.9991E-05 0.272179 0.102059 0.625663
0.119253 0.202583 0.0375917 0.640572
0.0872341 0.221816 0.090257 0.600693
0.147855 0.409934 0.0375815 0.40463
9.9991E-05 0.166682 0.0585314 0.774687
0.00600519 0.19126 0.0321447 0.77059
0.0180612 0.556468 0.0618089 0.363662
0.0628947 0.685242 0.0730862 0.178777
0.103066 0.21029 9.9991E-05 0.686544
9.9991E-05 0.760955 0.103841 0.135104
0.0834745 0.488249 9.9991E-05 0.428177
9.9982E-05 0.45369 9.9982E-05 0.54611
0.0903091 0.494633 9.9991E-05 0.414958
0.0558021 0.537398 9.9991E-05 0.4067
0.0254307 0.194251 0.129028 0.65129
0.103037 0.185343 0.165726 0.545893
0.0729173 0.285879 0.0923774 0.548826
0.0124925 0.685924 0.153544 0.14804
0.218909 0.178818 9.9991E-05 0.602173
0.0899421 0.235875 0.15594 0.518243
0.222489 0.665021 0.0111422 0.101348
0.136772 0.0443458 0.0700953 0.748787
0.16059 0.39395 0.0575023 0.387958
0.0949418 0.241728 0.138097 0.525233
0.122924 0.485682 0.0718171 0.319578
0.10152 0.531174 9.9991E-05 0.367207
0.0989152 0.356466 0.0128386 0.53178
0.0419548 0.239619 0.22393 0.494496
0.198162 0.189781 0.101925 0.510132
0.0738341 0.647324 0.248577 0.0302647
0.156433 0.098014 0.151748 0.593805
9.9982E-05 0.425765 9.9982E-05 0.574035
9.9991E-05 0.412191 0.0499574 0.537751
0.12538 0.123422 0.114866 0.636332
0.344625 0.206392 0.3801 0.0688832
0.639082 0.178561 0.182257 9.9991E-05
0.536926 0.286679 0.176296 9.9991E-05
0.417047 0.134403 0.420225 0.0283252
9.9991E-05 0.184948 0.0578254 0.757126
0.0879179 0.185385 0.0771452 0.649552
9.9982E-05 9.9982E-05 0.685928 0.313872
0.0543761 0.132433 0.427091 0.3861
0.0435678 0.109692 0.46108 0.385661
0.0221611 0.498747 0.0386147 0.440477
0.119067 0.193327 0.0141592 0.673446
0.0468802 0.613189 0.0497425 0.290189
0.0545614 0.206558 0.0419473 0.696934
0.0898792 0.352281 0.0348388 0.523001
0.0391917 0.249795 0.104426 0.606588
9.9991E-05 0.643863 0.0446631 0.311374
0.0423585 0.151758 0.183094 0.622789
0.032691 0.231438 0.0768575 0.659014
9.9982E-05 0.021578 0.978222 9.9982E-05
9.9982E-05 9.9982E-05 0.927003 0.0727974
0.00803835 0.0835894 0.654623 0.253749
9.9982E-05 9.9982E-05 0.69137 0.30843
0.0595435 9.9991E-05 0.786877 0.153479
9.998E-05 9.998E-05 0.9997 9.998E-05
0.0131785 0.0119033 0.974818 9.9991E-05
9.9982E-05 9.9982E-05 0.886162 0.113638
9.9982E-05 9.9982E-05 0.993255 0.00654474
9.998E-05 9.998E-05 0.9997 9.998E-05
9.998E-05 9.998E-05 0.9997 9.998E-05
0.0679434 9.9991E-05 0.805133 0.126824
0.0592634 9.9991E-05 0.801843 0.138793
9.9982E-05 0.0236181 0.976182 9.9982E-05
0.145789 0.0815498 0.345242 0.427419
0.088452 9.9991E-05 0.606295 0.305153
0.0258074 0.0195872 0.805788 0.148817
0.019454 9.9991E-05 0.909078 0.0713682
9.998E-05 9.998E-05 0.9997 9.998E-05
9.9982E-05 0.0166821 0.983118 9.9982E-05
9.998E-05 9.998E-05 0.9997 9.998E-05
0.0350604 0.0249848 0.692129 0.247825
9.9982E-05 0.0612962 0.938504 9.9982E-05
0.380138 0.487788 0.131973 9.9991E-05
0.240827 0.171618 0.115892 0.471662
0.26128 0.140903 0.0496689 0.548148
0.295455 0.372113 0.165684 0.166748
0.171692 0.162552 0.198303 0.467453
0.310413 0.243719 0.158103 0.287765
0.230399 0.148045 0.0785482 0.543008
0.162174 0.19827 0.24347 0.396086
0.132168 0.168744 0.16439 0.534698
0.166791 0.147461 0.283594 0.402155
0.325449 0.0642564 0.0940322 0.516263
0.883476 0.0634634 9.9991E-05 0.0529606
0.965624 9.9982E-05 0.034176 9.9982E-05
0.989938 0.00986222 9.9982E-05 9.9982E-05
0.980051 9.9982E-05 9.9982E-05 0.0197487
0.915446 9.9982E-05 0.0843537 9.9982E-05
0.899318 9.9982E-05 0.100482 9.9982E-05
0.897697 9.9991E-05 0.0701172 0.0320855
0.912676 0.0700749 0.0171492 9.9991E-05
0.906054 9.9991E-05 0.0563757 0.0374704
0.857978 0.0171553 0.101646 0.0232202
0.653381 0.346419 9.9982E-05 9.9982E-05
0.679387 0.277369 9.9991E-05 0.0431441
0.599059 0.400741 9.9982E-05 9.9982E-05
0.567349 0.432451 9.9982E-05 9.9982E-05
0.104064 0.250132 0.0197213 0.626083
9.9991E-05 0.358088 0.0934673 0.548345
0.0469146 0.252272 0.0651607 0.635653
0.0746151 0.390316 9.9991E-05 0.534969
0.0361008 0.672241 0.048275 0.243384
0.0217995 0.128313 0.0853877 0.7645
9.9991E-05 0.299759 0.066453 0.633688
9.9991E-05 0.349952 0.0438889 0.60606
9.9991E-05 0.399115 0.0249815 0.575803
0.0478444 0.167745 0.0738072 0.710603
0.0355633 0.331101 9.9991E-05 0.633235
9.9982E-05 0.855649 9.9982E-05 0.144151
0.035388 0.273188 0.0826155 0.608809
9.9991E-05 0.519672 0.048063 0.432165
9.9982E-05 0.275188 9.9982E-05 0.724612
9.9982E-05 0.666768 9.9982E-05 0.333032
0.241905 0.7533 0.00290029 0.0018947
0.26472 0.641274 9.9991E-05 0.0939059
0.172538 0.827262 9.9982E-05 9.9982E-05
0.229621 0.744324 9.9991E-05 0.0259553
0.151289 0.771326 0.0234744 0.053911
0.21542 0.609409 9.9991E-05 0.17507
0.896826 9.9991E-05 0.0274554 0.0756181
0.858143 9.9991E-05 0.0967848 0.0449725
0.791645 9.9991E-05 0.155631 0.0526236
0.818732 0.0211611 0.122234 0.0378726
0.860114 0.00822328 0.105596 0.0260664
0.492746 0.507054 9.9982E-05 9.9982E-05
0.530193 0.469607 9.9982E-05 9.9982E-05
0.534591 0.465209 9.9982E-05 9.9982E-05
0.821703 9.9991E-05 0.0652411 0.112956
0.472572 0.527228 9.9982E-05 9.9982E-05
0.28476 0.0830942 0.377945 0.254201
0.174119 9.9991E-05 0.234636 0.591145
0.179399 9.9991E-05 0.304816 0.515685
0.267817 0.0617767 0.240951 0.429455
0.212498 0.0840795 0.14475 0.558672
0.518407 0.119097 0.362396 9.9991E-05
0.0470722 0.365827 9.9991E-05 0.587001
0.012592 0.4932 0.137792 0.356416
0.198229 0.458888 0.018262 0.324621
9.9991E-05 0.367011 0.00549167 0.627398
9.9982E-05 0.999241 0.000559044 9.9982E-05
0.0992774 0.145535 0.0459214 0.709267
0.0924663 0.28094 0.0552763 0.571317
0.0713105 0.429138 9.9991E-05 0.499451
0.21469 0.178921 9.9991E-05 0.60629
0.0135956 0.716571 0.0536716 0.216162
0.0146507 0.422088 0.118993 0.444268
0.0618555 0.2636 0.033212 0.641333
0.178463 0.154306 0.225496 0.441736
9.9991E-05 0.458938 0.0714129 0.469549
0.0616023 0.368388 0.0412301 0.52878
9.9991E-05 0.268488 0.186548 0.544864
0.0379145 0.213443 9.9991E-05 0.748543
0.0663649 0.119912 0.0711111 0.742612
0.167077 0.0633906 0.0935259 0.676006
0.158827 0.141812 0.0442543 0.655107
0.795108 9.9991E-05 0.139154 0.0656384
0.874434 9.9991E-05 0.0759179 0.0495482
0.815594 0.0856969 0.0250112 0.0736975
0.826373 0.0926878 0.0794495 0.00149014
0.872718 9.9991E-05 0.0490858 0.078096
0.0547959 0.662168 0.0992354 0.183801
0.0783745 0.226359 0.15426 0.541007
0.281283 0.0176454 0.148852 0.552219
0.0730256 0.134977 0.0874461 0.704551
0.0688148 0.241661 9.9991E-05 0.689425
0.0704474 0.534698 0.144264 0.250591
0.196027 0.731983 9.9991E-05 0.0718902
0.0750732 0.268055 0.0702616 0.58661
0.161106 0.571487 0.0507327 0.216675
0.0807795 0.328533 0.10236 0.488328
0.19694 0.5841 0.0318036 0.187156
0.13966 0.0867149 0.0472352 0.726389
0.121595 0.537542 9.9991E-05 0.340763
9.9991E-05 0.513187 0.134601 0.352112
0.098896 0.249416 0.097656 0.554032
0.125441 0.494214 0.0177818 0.362563
0.132753 0.209121 9.9991E-05 0.658026
0.107695 0.157266 0.192821 0.542218
0.0342149 0.476743 0.0355723 0.45347
0.090595 0.194477 0.148188 0.56674
0.0857827 0.233747 0.00360586 0.676865
0.00291359 0.715981 0.0223807 0.258724
0.00547932 0.560256 0.00867215 0.425593
0.0871707 0.252517 0.0309046 0.629408
0.0385953 0.629394 9.9991E-05 0.331911
0.0403782 0.371824 9.9991E-05 0.587698
0.080025 0.692252 0.0265897 0.201133
9.9991E-05 0.620303 0.112391 0.267205
0.106908 0.429326 0.108345 0.355421
0.0165575 0.210512 0.123059 0.649871
9.9991E-05 0.623439 0.0277053 0.348756
0.0136396 0.24058 0.251205 0.494575
0.0810821 0.190129 0.051814 0.676975
0.0504156 0.250023 0.0515916 0.64797
9.9991E-05 0.371434 0.158027 0.470439
0.0341509 0.384792 0.035232 0.545825
9.9991E-05 0.649818 0.1525 0.197582
9.9991E-05 0.476311 0.107972 0.415617
9.9991E-05 0.260448 0.107224 0.632228
0.0324322 0.248844 0.110812 0.607912
0.0517841 0.408131 0.0717387 0.468347
9.9991E-05 0.307647 0.145437 0.546816
0.136133 0.357056 0.0788823 0.427929
0.106567 0.150925 0.0207182 0.72179
0.0642028 0.290135 0.105481 0.540181
0.0737397 0.265934 0.113917 0.546409
0.398972 9.9991E-05 0.169114 0.431814
0.141188 0.0923665 0.340414 0.426032
0.155637 0.101564 0.180418 0.562381
0.112166 0.108925 0.13383 0.645078
0.286708 0.0069132 0.197062 0.509317
9.9991E-05 0.35947 0.0834992 0.55693
0.224723 0.152543 0.143557 0.479176
0.263616 0.46473 0.186399 0.0852549
0.114211 0.128781 0.214174 0.542835
0.123835 0.0799198 0.178704 0.617541
0.0462094 0.197598 0.340569 0.415623
0.219769 0.239968 0.205441 0.334822
0.218748 0.0589975 0.179544 0.542711
0.170838 0.0269547 0.180914 0.621293
0.526404 0.254432 0.219064 9.9991E-05
0.188707 0.0271836 0.229578 0.554532
0.158775 0.0321491 0.333858 0.475218
0.123101 0.10719 0.202359 0.56735
0.220188 9.9991E-05 0.237953 0.541759
0.191284 0.0695332 0.152149 0.587033
9.9991E-05 0.344198 0.117674 0.538028
0.100881 0.25516 0.121096 0.522862
9.9991E-05 0.84058 0.0776706 0.081649
9.9991E-05 0.847626 0.0116381 0.140636
0.00982985 0.277838 0.107617 0.604714
0.0942569 0.0559237 0.395929 0.45389
0.0725997 0.144331 0.448903 0.334166
0.19588 0.24725 0.432952 0.123918
0.185985 0.0883971 0.401353 0.324265
0.069418 0.577947 0.2338 0.118835
0.155877 0.40703 0.140929 0.296164
9.9991E-05 0.206313 0.251864 0.541723
0.0696215 0.216678 0.16886 0.544841
0.0805838 0.466158 0.271437 0.181821
0.0941267 0.267522 0.180152 0.458199
9.9991E-05 0.195762 0.216306 0.587833
9.9991E-05 0.308103 0.279901 0.411896
0.0518451 0.512737 0.0136761 0.421742
9.9991E-05 0.486609 0.0943361 0.418955
0.0179627 0.226907 0.109222 0.645908
0.0399648 0.426078 0.151621 0.382336
0.0538233 0.253784 0.206702 0.48569
0.0132162 0.386963 0.0714293 0.528391
9.9991E-05 0.626458 0.0425901 0.330852
0.0445268 0.188954 0.0958154 0.670704
9.9991E-05 0.592537 0.0828632 0.3245
0.0100674 0.403931 0.0453796 0.540623
0.103212 0.161838 0.070419 0.664531
0.0171323 0.251614 0.0765615 0.654692
0.10739 0.120873 0.21824 0.553497
0.15916 0.177584 0.184076 0.479181
0.141479 0.133122 0.381437 0.343962
0.21474 0.165612 0.290781 0.328868
0.197283 0.168357 0.219634 0.414726
0.210538 0.113098 0.176954 0.499411
0.184128 0.547601 0.268171 9.9991E-05
0.0910712 0.0531015 0.264709 0.591119
0.394822 0.39164 0.213438 9.9991E-05
0.0384155 0.140102 0.311222 0.510261
9.9991E-05 0.66233 0.041594 0.295976
9.9991E-05 0.880124 0.0864451 0.0333311
9.9991E-05 0.379486 0.0726124 0.547802
9.9991E-05 0.188958 0.0902915 0.72065
9.9991E-05 0.40704 0.00366676 0.589194
0.00514226 0.250784 0.00977273 0.734301
0.00849729 0.267621 0.0383705 0.685512
0.804108 0.0337923 0.0735927 0.0885068
0.755657 0.112175 0.132068 9.9991E-05
0.957064 9.9982E-05 0.0427357 9.9982E-05
0.969016 9.9991E-05 0.00786993 0.0230141
0.0605211 0.200672 0.0582884 0.680519
0.0688173 0.2068 0.0575339 0.666848
0.00307047 0.256503 9.9991E-05 0.740326
0.126409 0.0695561 0.012656 0.791379
0.120103 0.183 0.0913011 0.605596
9.9982E-05 0.541528 9.9982E-05 0.458272
9.9991E-05 0.15146 0.0082826 0.840158
0.0150124 0.415922 9.9991E-05 0.568965
0.263129 0.0180416 0.228698 0.490132
9.9991E-05 0.320095 0.0862803 0.593525
0.00260812 0.407306 0.00371187 0.586374
9.9991E-05 0.181364 0.0280761 0.79046
9.9982E-05 0.391178 9.9982E-05 0.608622
9.9991E-05 0.274647 0.0452504 0.680003
0.0521976 0.145965 0.0182644 0.783573
9.9982E-05 0.559483 9.9982E-05 0.440317
9.9982E-05 0.481028 9.9982E-05 0.518772
9.9982E-05 0.490797 9.9982E-05 0.509003
9.9982E-05 0.805511 9.9982E-05 0.194289
0.0186115 0.331554 0.0648932 0.584941
9.9991E-05 0.639781 0.0154381 0.344681
9.9982E-05 0.868938 9.9982E-05 0.130862
0.0541782 0.170301 0.118276 0.657245
0.0305092 0.52709 9.9991E-05 0.442301
9.9991E-05 0.266996 0.0650679 0.667836
0.191131 0.187173 9.9991E-05 0.621596
9.9991E-05 0.233031 0.0454217 0.721447
9.9991E-05 0.49467 0.0973211 0.407909
0.0370516 0.20594 0.0161244 0.740884
9.9991E-05 0.281772 0.0784127 0.639715
9.9982E-05 0.424536 9.9982E-05 0.575264
0.0536606 0.28879 0.153317 0.504231
0.700239 0.257821 9.9991E-05 0.04184
0.809822 0.0930511 9.9991E-05 0.0970265
0.870983 0.128817 9.9982E-05 9.9982E-05
0.833535 0.166265 9.9982E-05 9.9982E-05
0.763556 0.15736 9.9991E-05 0.0789843
0.00956339 0.538758 9.9991E-05 0.451579
0.0440062 0.57178 9.9991E-05 0.384114
9.9991E-05 0.564951 0.0119647 0.422985
0.141602 0.0904848 0.0490426 0.718871
0.0773692 0.171676 0.0737457 0.677209
0.0549946 0.404985 9.9991E-05 0.539921
9.9991E-05 0.145179 0.0702105 0.78451
0.0813013 0.283496 0.0304633 0.60474
0.0267391 0.225325 9.9991E-05 0.747836
0.110855 0.0909771 0.00803017 0.790138
9.9982E-05 0.537775 9.9982E-05 0.462025
0.00209679 0.400106 9.9991E-05 0.597698
9.9982E-05 0.393538 9.9982E-05 0.606262
0.200565 0.0956963 0.0158152 0.687923
0.00580962 0.280491 9.9991E-05 0.713599
0.00921024 0.314296 0.00566409 0.67083
0.074169 9.9991E-05 0.526134 0.399597
0.0579405 0.0525886 0.507646 0.381825
0.104923 0.0125485 0.494704 0.387824
0.121444 0.0451962 0.553492 0.279867
0.132448 0.0928708 0.326709 0.447972
0.0267226 0.317895 0.0335491 0.621833
0.21997 0.0743192 0.705611 9.9991E-05
0.198576 0.00259542 0.459922 0.338906
0.21299 0.0818904 0.137818 0.567302
0.230107 0.0896097 0.00287997 0.677403
0.145208 0.323031 0.101628 0.430134
0.148261 0.0698145 0.0320117 0.749913
0.123795 0.13544 0.0908667 0.649898
0.15305 9.9991E-05 0.502236 0.344614
0.11649 0.0256475 0.340918 0.516945
0.0523759 9.9991E-05 0.507865 0.439659
0.107098 0.0572927 0.358152 0.477457
0.105724 0.0529717 0.581568 0.259736
0.127181 0.0419925 0.40416 0.426666
0.126982 0.0301591 0.570095 0.272764
0.108493 0.0337048 0.432317 0.425485
0.0369849 0.180802 0.147172 0.63504
0.167271 0.00836192 0.341315 0.483052
0.145375 0.0123289 0.704087 0.138209
0.144849 0.144044 0.442035 0.269072
0.222264 0.457384 9.9991E-05 0.320252
0.033523 0.16696 0.175418 0.624098
0.188891 0.110603 0.35002 0.350486
0.138852 0.125634 0.0417119 0.693802
0.164208 0.192007 0.0448914 0.598894
0.162816 0.154503 0.304021 0.378659
0.201318 0.0783841 0.334749 0.38555
0.115308 0.143493 0.186722 0.554477
0.15914 9.9991E-05 0.372818 0.467943
0.0836364 0.0502651 0.558866 0.307232
0.232748 0.0179015 0.65782 0.0915307
0.124187 0.0883266 0.0558298 0.731657
0.165302 0.266009 9.9991E-05 0.568589
0.160548 0.507917 0.123465 0.208069
0.145615 0.0199569 0.0652865 0.769142
0.1521 0.302995 0.0544013 0.490503
0.192533 0.0678039 0.188984 0.550679
0.145192 0.196633 0.0978148 0.56036
0.34611 0.382235 0.271554 9.9991E-05
0.383326 0.408969 0.207605 9.9991E-05
0.154054 0.332756 0.191424 0.321766
0.383668 0.331424 0.284808 9.9991E-05
0.507792 0.208279 0.283829 9.9991E-05
0.0790224 0.260538 0.250421 0.410019
0.241764 0.162506 0.1625 0.43323
0.296631 0.266381 0.280881 0.156107
0.331424 0.330845 0.223504 0.114227
0.198764 0.157357 0.162304 0.481575
0.2551 0.384155 0.188432 0.172314
0.525 0.315156 0.159744 9.9991E-05
0.087019 0.143022 0.315945 0.454014
0.191191 0.124272 0.318783 0.365754
0.33369 9.9991E-05 0.204247 0.461964
0.160572 9.9991E-05 0.242741 0.596587
0.212656 9.9991E-05 0.281984 0.505259
0.162851 0.0124603 0.304873 0.519816
0.385178 9.9991E-05 0.239253 0.375469
0.23278 0.0609595 0.140357 0.565904
0.213556 9.9991E-05 0.410485 0.375859
0.33591 0.0831099 0.305129 0.275851
0.173475 0.2676 0.155962 0.402963
0.0832894 0.112361 0.104239 0.70011
0.225071 9.9991E-05 0.131051 0.643778
0.0676754 0.171534 0.204262 0.556529
0.308645 9.9991E-05 0.315543 0.375711
0.236076 0.0102326 0.254198 0.499493
0.386116 0.201026 0.291483 0.121375
0.120291 9.9991E-05 0.2532 0.626409
0.278663 0.121756 0.410185 0.189396
0.841631 0.133564 0.0151473 0.00965714
0.155491 0.64906 9.9991E-05 0.195349
0.148375 0.851425 9.9982E-05 9.9982E-05
0.190244 0.773257 9.9991E-05 0.036399
0.165535 0.701701 9.9991E-05 0.132664
0.15706 0.734392 0.0318604 0.0766869
0.152807 0.684635 9.9991E-05 0.162458
0.206497 0.793303 9.9982E-05 9.9982E-05
0.36801 0.564356 9.9991E-05 0.0675343
0.955968 0.00146195 9.9991E-05 0.0424698
0.884177 0.0554504 0.0186652 0.0417074
0.899586 0.0103151 0.0878986 0.00220072
0.862371 0.106523 0.00873916 0.022367
0.923834 9.9991E-05 0.0616011 0.0144651
0.929474 0.0687771 0.00164853 9.9991E-05
0.769191 0.0237513 0.129936 0.0771218
0.853042 9.9991E-05 0.120708 0.0261509
0.794496 0.075628 0.0525268 0.0773487
0.918514 9.9982E-05 0.0812857 9.9982E-05
0.9997 9.998E-05 9.998E-05 9.998E-05
0.902193 9.9991E-05 0.0317063 0.0660004
0.966896 0.00459292 0.0240268 0.00448406
0.925298 9.9991E-05 0.0310906 0.0435115
0.901744 9.9991E-05 0.0171467 0.0810092
0.865833 9.9991E-05 0.0540171 0.0800499
0.765758 9.9991E-05 0.195955 0.038187
0.788658 9.9991E-05 0.0953155 0.115926
0.837834 9.9991E-05 0.08588 0.0761862
0.179342 0.314967 0.0896752 0.416015
0.117609 0.0367384 9.9991E-05 0.845553
0.170849 0.0753018 9.9991E-05 0.753749
0.0826687 0.638051 0.0871811 0.192099
0.232953 0.13683 9.9991E-05 0.630117
0.216474 0.537783 0.081318 0.164425
0.100865 0.133218 0.0833244 0.682593
0.131353 0.265209 9.9991E-05 0.603338
0.111337 0.221928 0.0663779 0.600358
0.0398702 0.182622 0.0226187 0.754889
0.147828 0.24661 9.9991E-05 0.605461
0.168762 0.0694077 9.9991E-05 0.76173
0.13112 0.158867 0.0546157 0.655398
0.0233975 0.756681 0.0935452 0.126376
0.115724 0.798114 0.0151858 0.0709764
0.124115 0.548592 0.0189362 0.308358
0.149265 0.0519461 0.0967192 0.702069
0.155394 0.145072 0.0450024 0.654531
0.208574 0.1469 9.9991E-05 0.644427
0.113663 0.0492492 0.0468729 0.790215
0.240623 9.9991E-05 0.153531 0.605746
0.158151 0.016153 0.207022 0.618674
0.411818 0.253137 0.176226 0.158819
0.23363 0.0347826 9.9991E-05 0.731488
0.245933 0.106481 0.197658 0.449928
0.412312 0.343703 0.243884 9.9991E-05
0.315717 0.111219 0.247775 0.325289
0.379785 0.117877 0.178212 0.324126
0.372885 0.0675793 0.0593716 0.500164
0.125991 0.130937 0.224797 0.518275
0.269009 0.0313376 0.151744 0.547909
0.159662 0.019599 0.220975 0.599764
0.189821 0.233972 0.217379 0.358828
0.469598 9.9991E-05 0.201493 0.328809
