9.9973E-05 0.0429706 0.908913 9.9973E-05 0.0478168 9.9973E-05
9.9973E-05 9.9973E-05 0.925273 0.0181119 0.0563147 9.9973E-05
0.0232339 0.0249384 0.823323 9.9982E-05 9.9982E-05 0.128305
9.9982E-05 0.0671072 0.790498 9.9982E-05 0.0438541 0.0983406
9.999E-05 0.0409529 0.877381 0.0169466 0.016338 0.0482817
0.0695544 0.072348 0.619436 0.142122 0.0569131 0.0396266
9.9982E-05 9.9982E-05 0.8525 0.0985454 0.0271635 0.0215908
0.0383266 0.0284349 0.705196 0.061257 0.166685 9.9991E-05
0.0336828 9.9982E-05 0.82382 0.0212964 0.121001 9.9982E-05
9.999E-05 0.0660796 0.698885 0.123275 0.0177765 0.0938839
9.9982E-05 9.9982E-05 0.742702 0.132415 0.0979305 0.0267525
0.145924 0.0347969 9.9991E-05 0.0153571 0.49545 0.308372
0.142094 0.105068 9.9982E-05 9.9982E-05 0.322689 0.429949
0.0838135 0.101671 0.0309421 0.0305973 0.53481 0.218166
0.195619 0.169821 0.0496615 9.9991E-05 0.325337 0.259462
0.152914 0.100622 0.147186 0.0707207 0.153698 0.37486
9.9982E-05 0.12894 0.00693901 9.9982E-05 0.24948 0.614441
0.157683 0.0998222 9.9991E-05 0.0735832 0.235461 0.433351
0.176795 0.114592 0.124454 9.9991E-05 0.315146 0.268913
0.0684869 0.0833251 0.00546307 0.175337 0.654061 0.0133267
0.176143 0.0443674 9.9991E-05 0.0580307 0.30551 0.415849
0.165926 0.00997331 0.0407175 0.189163 0.117557 0.476663
0.164391 0.00499155 0.0160325 0.0999739 0.198386 0.516225
0.162597 0.1106 0.0187131 0.0478847 0.376821 0.283384
0.0753087 0.13708 0.095548 0.0306029 0.0558655 0.605595
0.15891 0.0506715 0.0223232 9.9991E-05 0.287932 0.480063
0.139629 0.129661 0.0764446 9.9991E-05 0.498915 0.15525
0.0920614 0.201037 0.00866225 0.0919213 0.438365 0.167953
0.118394 0.00668892 0.00846429 0.150852 0.446651 0.26895
9.9973E-05 0.0065755 0.84603 9.9973E-05 9.9973E-05 0.147094
9.9964E-05 9.9964E-05 0.840107 9.9964E-05 9.9964E-05 0.159493
0.0155033 0.00617724 0.788934 9.9982E-05 9.9982E-05 0.189185
0.0760237 0.0321958 0.736309 9.9982E-05 9.9982E-05 0.155272
0.287011 0.0186904 0.0343295 0.0735744 0.0995608 0.486834
0.335962 0.0779396 0.0812051 9.9991E-05 0.104997 0.399796
0.323051 0.02293 0.0914003 9.9982E-05 9.9982E-05 0.562419
0.137616 9.9991E-05 0.114205 0.00403408 0.588663 0.155381
0.626087 0.0289977 0.00614879 0.0115328 9.9991E-05 0.327134
0.214357 0.0547272 0.0442973 9.9991E-05 0.143909 0.542609
0.245517 9.9991E-05 0.0183587 0.00711953 0.0171595 0.711745
0.0874441 0.0236547 0.114188 0.149064 0.105153 0.520496
0.0497311 0.0654804 0.0685055 9.9991E-05 0.174008 0.642175
0.775208 9.9982E-05 0.0256392 9.9982E-05 0.113719 0.0852337
0.13541 0.077605 0.0278014 0.104885 0.0553922 0.598907
0.165407 0.11936 0.052551 0.0290416 0.110383 0.523258
0.152322 0.0380917 0.0552523 0.147625 0.0851108 0.521598
0.733871 9.9973E-05 9.9973E-05 0.00655844 9.9973E-05 0.259271
0.197083 9.9982E-05 0.0527514 9.9982E-05 0.0282065 0.721759
0.169087 0.0318784 0.1608 0.109316 9.9991E-05 0.528818
0.669415 9.9973E-05 0.0757946 0.254491 9.9973E-05 9.9973E-05
0.263466 0.000446645 9.9991E-05 0.123495 0.395494 0.216998
0.22492 9.9991E-05 0.0287158 0.443145 0.153005 0.150114
0.0801787 0.117531 0.107659 0.0855813 0.0847832 0.524267
0.035257 0.0740857 0.105356 0.179575 0.00412425 0.601601
0.0315456 0.0428399 0.065406 0.168186 0.0552891 0.636733
0.212021 0.00882826 0.0734179 0.170816 0.349099 0.185818
0.073003 0.022142 9.9991E-05 0.0740748 0.269253 0.561427
0.12618 0.101483 0.053158 0.115627 0.038107 0.565445
0.235413 0.0330895 0.140709 0.121352 0.123385 0.346051
0.118356 0.0597591 0.199096 0.183951 0.410147 0.0286909
0.15293 0.0542352 0.0835737 0.0781224 0.0507023 0.580437
0.106081 0.065789 0.0418218 0.10086 0.279754 0.405695
0.143626 9.9991E-05 0.0489876 0.210859 0.544859 0.0515685
0.0626537 0.00940712 9.9991E-05 0.13426 0.271309 0.522271
9.9991E-05 0.0317035 0.0237453 0.172636 0.125039 0.646776
0.114518 0.0615806 0.0790581 0.0327085 0.0982984 0.613837
0.213337 0.126597 9.9991E-05 0.130012 0.310291 0.219663
0.0545935 0.0652102 0.0541199 0.0649161 0.175227 0.585934
0.0311992 0.0473663 0.0420542 0.123547 0.15788 0.597953
0.228558 9.9991E-05 0.0210308 0.0976678 0.440578 0.212066
0.391216 9.9982E-05 9.9982E-05 0.0183327 0.0252287 0.565023
0.725829 9.9973E-05 9.9973E-05 9.9973E-05 0.105964 0.167907
0.296686 0.0663014 0.0698847 9.9991E-05 0.0776017 0.489426
0.789435 9.9964E-05 9.9964E-05 0.210165 9.9964E-05 9.9964E-05
0.849354 9.9964E-05 9.9964E-05 0.150246 9.9964E-05 9.9964E-05
0.752285 9.9964E-05 9.9964E-05 9.9964E-05 9.9964E-05 0.247315
0.572735 9.9973E-05 9.9973E-05 9.9973E-05 0.00844455 0.418521
0.187882 0.0207709 0.234096 9.9991E-05 0.0231245 0.534028
0.486341 0.0215484 0.0461458 0.00387958 0.0319911 0.410094
0.652487 0.0195044 0.0376412 9.9991E-05 0.187645 0.102622
0.553932 9.9982E-05 0.0391318 9.9982E-05 0.205795 0.200941
0.276551 0.0347373 0.0650551 9.9991E-05 0.0784491 0.545108
0.649892 0.0880909 0.0315982 9.9991E-05 0.0200314 0.210288
0.494417 9.9982E-05 0.0907689 9.9982E-05 0.00535195 0.409262
0.607879 9.9982E-05 0.0137544 0.0336189 9.9982E-05 0.344548
0.722682 0.012908 0.0212114 0.242999 9.9982E-05 9.9982E-05
0.161404 0.0351871 0.0472718 0.0387561 0.0607088 0.656673
9.9982E-05 0.027486 0.844093 9.9982E-05 0.049185 0.0790356
9.9964E-05 9.9964E-05 0.903337 9.9964E-05 9.9964E-05 0.0962627
9.9973E-05 0.0281489 0.869243 9.9973E-05 9.9973E-05 0.102308
9.9973E-05 0.00415063 0.929958 9.9973E-05 9.9973E-05 0.0655917
0.0182995 9.9973E-05 0.893231 9.9973E-05 9.9973E-05 0.0881697
0.0444651 0.0544309 0.890284 9.9982E-05 0.0106197 9.9982E-05
9.9964E-05 9.9964E-05 0.913211 9.9964E-05 9.9964E-05 0.086389
0.250884 0.0606616 0.140233 9.9991E-05 0.0140123 0.534109
0.204547 0.109294 0.0897571 9.9991E-05 0.0862973 0.510005
0.823449 9.9982E-05 0.0600955 0.0259347 0.0903206 9.9982E-05
0.12021 0.0206542 0.139913 9.9991E-05 0.0940816 0.625041
0.402972 9.9982E-05 0.0470433 9.9982E-05 0.118654 0.43113
0.274462 0.000373772 0.0542394 9.9991E-05 0.021493 0.649331
0.32234 0.0460596 0.00645788 0.0578172 0.0353793 0.531946
0.483713 0.0348956 9.9973E-05 9.9973E-05 9.9973E-05 0.481092
0.703497 9.9982E-05 0.0533014 0.0357866 0.207215 9.9982E-05
0.195778 0.047353 0.120406 0.120315 9.9991E-05 0.516047
0.208559 0.0113374 0.0427737 0.00685705 0.132895 0.597577
0.202943 0.0412424 0.119749 9.9991E-05 0.11495 0.521015
0.509391 0.00230854 0.0214217 0.201327 9.9991E-05 0.265452
0.301533 9.9973E-05 9.9973E-05 0.112107 9.9973E-05 0.58606
0.473279 9.9991E-05 0.020815 0.00867286 0.0937572 0.403376
0.630777 0.130389 9.9973E-05 9.9973E-05 9.9973E-05 0.238534
0.44778 9.9982E-05 0.073531 9.9982E-05 0.0307302 0.447758
0.152592 0.01188 0.106624 0.124539 0.0745112 0.529853
0.0566598 0.0840901 0.016323 0.291984 0.33527 0.215673
9.9991E-05 0.056765 0.0903795 0.0958278 0.375833 0.381095
9.9991E-05 0.0691726 0.0616644 0.171816 0.15398 0.543267
0.00996411 9.9991E-05 0.0425581 0.0918808 0.185267 0.67023
0.056201 9.9991E-05 0.0140751 0.0780097 0.307309 0.544305
0.0164389 0.0354627 0.0546374 0.0207604 0.212131 0.660569
0.0398536 0.0616721 0.00246614 0.019527 0.418299 0.458182
0.109021 0.00461891 0.12111 0.081153 0.14818 0.535917
0.0653329 9.9991E-05 0.0757248 0.0619341 0.1646 0.632308
0.0598351 0.0774471 0.0544383 0.0454033 0.225446 0.53743
0.128095 9.9973E-05 9.9973E-05 9.9973E-05 0.318576 0.553029
0.0325331 9.9991E-05 0.0941446 0.111229 0.0647634 0.69723
9.9991E-05 0.00538178 0.0528224 0.0807565 0.220004 0.640935
0.0839521 0.0752754 9.9982E-05 9.9982E-05 0.255921 0.584652
9.9991E-05 0.0241038 0.0851451 0.145762 0.109675 0.635214
0.137058 0.0621393 0.00699848 0.0290631 0.205357 0.559384
9.9982E-05 9.9982E-05 0.0881499 0.24053 0.243026 0.428094
9.9982E-05 0.119673 9.9982E-05 0.0800039 0.173175 0.626948
9.9982E-05 0.00377966 9.9982E-05 0.109005 0.151586 0.735429
0.246883 0.083881 9.9991E-05 0.0731089 0.412513 0.183514
0.131107 0.0382056 0.0416194 0.359458 0.279736 0.149874
0.0180399 0.00853513 0.0263746 0.0833609 0.294782 0.568907
0.129977 0.0284021 9.9991E-05 0.450531 0.295963 0.0950275
0.118202 0.0214622 0.0152495 0.105418 0.428414 0.311254
0.225535 9.9982E-05 9.9982E-05 0.00755862 0.333046 0.43366
0.235384 9.9991E-05 0.0175153 0.048516 0.383537 0.314948
0.211696 9.9982E-05 9.9982E-05 0.0241327 0.420154 0.343818
0.139508 9.9991E-05 0.0720899 0.0774509 0.0806432 0.630208
0.0839212 0.0861123 0.116126 0.117085 0.0936009 0.503155
0.129793 0.0539196 0.00109944 0.113433 0.164534 0.537222
0.150873 0.0669037 9.9991E-05 0.284891 0.329502 0.16773
0.0216987 9.9991E-05 0.215258 0.0348333 0.13308 0.595029
0.0716657 0.0502977 0.0648582 0.217481 0.0575811 0.538116
0.160899 9.9982E-05 0.128688 0.57525 0.134963 9.9982E-05
0.119297 9.9982E-05 0.112106 0.148747 9.9982E-05 0.61965
0.135848 0.0248831 0.0696659 0.298214 0.0693799 0.402009
0.131806 0.0504262 0.0974385 0.112844 0.0938282 0.513656
0.0670818 0.018359 0.0920104 0.418427 0.103466 0.300656
9.9982E-05 9.9982E-05 0.0633152 0.484997 0.168979 0.282509
0.174514 9.9991E-05 0.0308646 0.268608 0.153494 0.37242
9.9991E-05 0.0627976 0.071433 0.116888 0.201924 0.546857
0.0703825 0.0779449 0.0842811 0.178956 0.160482 0.427953
0.234311 0.189131 0.00954461 0.419763 0.14715 9.9991E-05
0.0536922 9.9991E-05 0.101107 0.199105 0.13054 0.515456
0.160961 9.9982E-05 9.9982E-05 0.337258 0.130821 0.37076
0.152431 0.0393874 0.00750765 0.239048 0.131653 0.429972
0.107788 0.0883939 0.0675407 0.124321 0.0441533 0.567802
9.9991E-05 0.257523 0.344714 0.239551 0.0188539 0.139258
9.9973E-05 0.0914792 0.569015 0.339206 9.9973E-05 9.9973E-05
9.9973E-05 0.119859 0.454238 0.425603 9.9973E-05 9.9973E-05
9.9982E-05 0.303439 0.361577 0.231675 9.9982E-05 0.103109
9.9982E-05 0.0180513 9.9982E-05 0.306146 0.0152172 0.660385
9.9991E-05 0.00674899 0.0652933 0.16251 0.0478162 0.717532
9.9973E-05 0.69646 9.9973E-05 9.9973E-05 0.0141132 0.289127
0.0853396 0.420547 0.0541422 9.9991E-05 0.078463 0.361408
0.02692 0.345195 0.0533098 0.0269035 0.080818 0.466854
0.0665649 9.9973E-05 9.9973E-05 0.573044 9.9973E-05 0.360091
0.0410332 0.0390888 0.0503966 0.23928 0.0665288 0.563673
0.0406158 0.000665161 9.9991E-05 0.652998 0.0418795 0.263741
0.081029 0.00412236 9.9991E-05 0.194871 0.0993165 0.620561
0.0383361 9.9991E-05 0.0368232 0.358913 0.0235846 0.542243
9.9982E-05 9.9982E-05 0.0830626 0.320607 0.0102332 0.585897
0.111268 9.9982E-05 9.9982E-05 0.592445 0.0424218 0.253665
0.0241828 0.0251223 0.0295163 0.256433 9.9991E-05 0.664646
0.117541 9.9991E-05 0.0632176 0.169752 0.0164768 0.632912
0.0178727 0.981727 9.9964E-05 9.9964E-05 9.9964E-05 9.9964E-05
9.9973E-05 0.934536 9.9973E-05 9.9973E-05 0.00852623 0.0566379
0.0868716 0.647824 0.0212445 9.9991E-05 0.053964 0.189996
9.9973E-05 0.640446 9.9973E-05 9.9973E-05 0.0275881 0.331665
0.035565 0.82852 9.9973E-05 9.9973E-05 9.9973E-05 0.135615
9.996E-05 0.9995 9.996E-05 9.996E-05 9.996E-05 9.996E-05
0.0175367 0.977803 9.9973E-05 9.9973E-05 0.00435991 9.9973E-05
0.0196455 0.898743 9.9973E-05 9.9973E-05 9.9973E-05 0.0813115
9.9973E-05 0.964176 9.9973E-05 9.9973E-05 0.0332167 0.00230772
9.996E-05 0.9995 9.996E-05 9.996E-05 9.996E-05 9.996E-05
9.996E-05 0.9995 9.996E-05 9.996E-05 9.996E-05 9.996E-05
9.9973E-05 0.742076 9.9973E-05 9.9973E-05 0.0570093 0.200615
9.9973E-05 0.810911 0.0659357 9.9973E-05 9.9973E-05 0.122853
0.0108661 0.975246 9.9973E-05 9.9973E-05 0.0135879 9.9973E-05
0.126476 0.400195 0.0557656 0.00030984 0.0523064 0.364947
0.0308193 0.716645 0.0771056 9.9982E-05 9.9982E-05 0.17523
0.0351554 0.776873 0.0511388 9.9982E-05 9.9982E-05 0.136633
9.9973E-05 0.94352 9.9973E-05 9.9973E-05 0.0225473 0.0336328
9.996E-05 0.9995 9.996E-05 9.996E-05 9.996E-05 9.996E-05
9.9982E-05 0.914009 0.025474 9.9982E-05 0.0249955 0.0353213
9.996E-05 0.9995 9.996E-05 9.996E-05 9.996E-05 9.996E-05
9.9982E-05 0.653404 0.0785146 9.9982E-05 0.0334872 0.234394
0.0108585 0.890326 0.051737 9.9991E-05 0.0299749 0.0170031
0.0142984 0.0376051 0.341047 0.60685 9.9982E-05 9.9982E-05
0.0589199 0.0210255 0.174515 0.108771 0.16364 0.473128
0.0461766 0.0194716 0.274438 0.205585 0.0389155 0.415414
0.0190695 0.109079 0.218923 0.443149 9.9991E-05 0.209679
0.0477624 0.176259 0.0939361 0.225485 0.00871634 0.447842
0.0439458 0.103724 0.266931 0.401302 9.9991E-05 0.183997
0.129308 0.050864 0.158125 0.0921312 0.0888048 0.480767
0.0562252 0.158816 0.126076 0.330297 9.9991E-05 0.328486
0.000278684 0.156904 0.168231 0.239647 9.9991E-05 0.43484
9.9982E-05 0.164269 0.177334 0.272374 9.9982E-05 0.385823
0.194027 0.120109 0.183822 0.145206 0.0108148 0.346022
9.9982E-05 9.9982E-05 0.840077 0.0546366 0.0485578 0.0565287
0.00317003 0.0560718 0.921742 0.0188167 9.9982E-05 9.9982E-05
0.00552047 9.9991E-05 0.929271 0.0264642 0.0216549 0.0169891
9.9973E-05 9.9973E-05 0.933784 9.9973E-05 0.0382531 0.0276626
9.9991E-05 0.0189128 0.879981 0.0220963 0.0602723 0.0186376
0.0174627 0.0639772 0.91826 9.9973E-05 9.9973E-05 9.9973E-05
9.9982E-05 0.116234 0.867202 9.9982E-05 0.0011945 0.0151696
9.9973E-05 9.9973E-05 0.899411 0.0945321 9.9973E-05 0.00575737
0.0799932 0.0201975 0.895717 9.9982E-05 9.9982E-05 0.00389264
9.9991E-05 0.0761711 0.843364 0.035993 0.00129853 0.0430738
0.140286 9.9973E-05 0.593102 9.9973E-05 0.266312 9.9973E-05
0.0906563 9.9973E-05 0.613467 9.9973E-05 0.295577 9.9973E-05
0.0134623 9.9982E-05 0.51346 0.129479 0.343398 9.9982E-05
0.148239 9.9982E-05 0.514497 0.0326943 0.30437 9.9982E-05
0.310178 0.0192226 0.0594275 0.0298993 0.0749469 0.506326
0.31443 0.0467632 9.9991E-05 0.0415357 0.115514 0.481657
0.266869 0.0877488 9.9991E-05 0.0855977 0.116561 0.443123
0.235692 9.9991E-05 0.0532678 0.0376142 0.304202 0.369124
0.103408 9.9982E-05 9.9982E-05 0.0482649 0.667845 0.180283
0.168159 0.0512043 0.059357 0.0613607 9.9991E-05 0.659819
0.346941 0.0463801 0.0180989 9.9991E-05 0.0589606 0.529519
0.311984 0.00448619 9.9991E-05 0.0677797 0.0910125 0.524637
0.616955 0.000875286 9.9982E-05 0.0468916 9.9982E-05 0.335078
0.155558 0.065105 0.0197722 0.0203924 0.1431 0.596073
0.322396 9.9973E-05 9.9973E-05 9.9973E-05 0.180188 0.497117
0.74185 9.9973E-05 9.9973E-05 0.226565 0.0312853 9.9973E-05
0.152516 9.9991E-05 0.0859741 0.0734426 0.0933309 0.594637
0.489678 9.9973E-05 9.9973E-05 0.264735 9.9973E-05 0.245287
0.394672 0.0274505 0.0202322 0.0403242 0.0467646 0.470556
0.666781 9.9982E-05 0.0272537 9.9982E-05 0.22371 0.0820556
9.9973E-05 9.9973E-05 0.144756 0.064429 0.790515 9.9973E-05
9.9982E-05 9.9982E-05 0.124795 0.0763602 0.72263 0.0760156
9.9982E-05 9.9982E-05 0.0501724 0.0858232 0.845204 0.0186003
9.9982E-05 9.9982E-05 0.116692 0.103783 0.776944 0.0023812
9.9991E-05 0.0172454 0.00403395 0.0882085 0.842625 0.0477873
9.9991E-05 0.0164356 0.0922359 0.0125136 0.81504 0.0636754
9.9973E-05 0.0163735 0.891599 9.9973E-05 9.9973E-05 0.0917278
9.9982E-05 0.02814 0.836978 9.9982E-05 0.0641225 0.0705593
9.9973E-05 0.0940534 0.77921 9.9973E-05 9.9973E-05 0.126437
9.9982E-05 0.1039 0.730244 9.9982E-05 0.131677 0.0339784
9.9991E-05 0.0329982 0.814419 0.00511934 0.050629 0.0967342
0.011174 9.9982E-05 0.417841 0.0321391 0.538646 9.9982E-05
0.0535764 9.9982E-05 0.434073 0.0460401 0.46611 9.9982E-05
0.0549116 9.9973E-05 0.456068 9.9973E-05 0.48872 9.9973E-05
9.9982E-05 0.012426 0.812862 9.9982E-05 0.0290173 0.145495
0.0582421 9.9982E-05 0.365264 0.0890833 0.487211 9.9982E-05
9.9982E-05 0.339842 0.231776 0.131845 9.9982E-05 0.296337
0.0264697 0.171013 0.167896 0.0163918 0.083391 0.534839
9.9973E-05 0.247508 0.204879 9.9973E-05 9.9973E-05 0.547313
0.0411991 0.193375 0.307383 0.0615736 9.9991E-05 0.396369
0.0662517 0.121559 0.236799 9.9991E-05 0.014872 0.560418
9.9973E-05 0.320373 0.451328 0.227999 9.9973E-05 9.9973E-05
0.129883 9.9982E-05 9.9982E-05 0.070473 0.343702 0.455742
0.144379 9.9982E-05 9.9982E-05 0.262829 0.181865 0.410727
0.0880811 0.0182414 0.080524 9.9991E-05 0.540724 0.27233
0.111912 9.9982E-05 9.9982E-05 0.259992 0.126467 0.501429
0.196635 9.9973E-05 9.9973E-05 0.599132 0.203934 9.9973E-05
0.067198 0.0545097 0.0667155 0.108474 0.0632467 0.639856
0.0190753 9.9982E-05 9.9982E-05 0.223251 0.2459 0.511573
0.13221 9.9991E-05 0.00619195 0.0212027 0.422467 0.417828
0.104887 0.0358546 0.0820628 0.0582356 0.217428 0.501532
0.152832 9.9982E-05 9.9982E-05 0.404228 0.286262 0.156478
0.0714626 9.9982E-05 9.9982E-05 0.319335 0.126277 0.482726
0.0836498 0.0630527 0.00880035 0.0150225 0.279013 0.550462
0.134165 0.20775 0.128839 0.0525875 0.107158 0.369499
0.117178 9.9982E-05 9.9982E-05 0.228141 0.22399 0.43049
0.100752 0.00826392 0.0164511 0.0830986 0.268285 0.523149
0.181292 0.175449 9.9991E-05 0.182239 0.0717317 0.389188
0.152114 0.040313 0.0323529 0.0672301 0.151888 0.556102
9.9991E-05 0.0625966 0.0526045 0.10006 0.161523 0.623116
0.135371 0.0834899 0.124077 0.0631197 0.0626381 0.531305
0.191253 0.0256815 0.0577171 0.102255 0.0969656 0.526128
9.9973E-05 0.0985987 0.775755 9.9973E-05 9.9973E-05 0.125346
0.0524671 0.0553132 0.849403 0.00519613 9.9991E-05 0.0375208
9.9982E-05 9.9982E-05 0.79881 0.0736635 0.0282504 0.0990764
0.0518507 0.0263327 0.839495 9.9982E-05 0.0821211 9.9982E-05
9.9973E-05 0.0438412 0.828851 9.9973E-05 9.9973E-05 0.127008
0.0480454 0.0636349 9.9991E-05 0.107172 0.612731 0.168316
0.119647 0.0405935 0.0992082 0.148445 0.136189 0.455917
0.029976 0.157842 0.177776 0.167291 9.9991E-05 0.467016
0.0316422 0.0764406 0.0402737 0.0486934 0.168852 0.634098
0.105811 0.0365187 0.0422826 9.9991E-05 0.283973 0.531315
9.9991E-05 0.0556929 0.0118186 0.274818 0.323483 0.334088
0.137792 9.9982E-05 0.140875 0.142696 0.578438 9.9982E-05
0.00575167 0.0251844 9.9982E-05 9.9982E-05 0.40576 0.563104
0.0956557 0.0706399 0.0591536 0.133133 0.508627 0.13279
0.0601013 0.0188217 0.0721296 0.186899 0.128944 0.533105
0.0226725 0.00184199 0.121308 0.0810176 0.589576 0.183584
9.9982E-05 0.0772991 0.0684722 9.9982E-05 0.245784 0.608245
0.0787116 9.9991E-05 0.0536228 0.064304 0.536184 0.267077
0.162117 0.0688799 0.00139373 0.194058 0.218794 0.354757
0.0862355 0.1241 0.0125114 0.221986 0.166508 0.388659
9.9973E-05 9.9973E-05 9.9973E-05 0.515275 0.115146 0.369279
0.0556929 9.9991E-05 0.0695573 0.228913 0.0395096 0.606227
0.11903 9.9991E-05 0.151543 0.0892014 0.0449883 0.595137
9.9973E-05 9.9973E-05 9.9973E-05 0.488508 0.157218 0.353974
0.0992695 0.0354059 0.0220732 0.166333 0.110347 0.566571
0.0623881 9.9982E-05 0.0274796 0.356334 9.9982E-05 0.553598
0.0322101 9.9982E-05 9.9982E-05 0.678945 0.0862734 0.202372
0.0661379 9.9973E-05 9.9973E-05 0.625906 9.9973E-05 0.307656
9.9973E-05 9.9973E-05 9.9973E-05 0.35485 0.129539 0.515311
0.172811 9.9982E-05 9.9982E-05 0.49431 0.145551 0.187128
0.167131 9.9982E-05 9.9982E-05 0.245588 0.144365 0.442715
0.184315 0.100722 9.9991E-05 0.0147912 0.648313 0.0517588
0.131837 0.0370114 9.9991E-05 0.243456 0.338165 0.249431
0.123857 0.160665 9.9982E-05 9.9982E-05 0.422697 0.292581
0.0970182 0.117025 0.0215104 0.107215 0.171088 0.486144
0.211125 0.0202537 9.9982E-05 9.9982E-05 0.513616 0.254805
0.0975705 0.0678082 0.023016 0.142557 0.203272 0.465776
0.13717 0.135776 9.9991E-05 0.063536 0.143176 0.520241
0.120778 0.120745 9.9991E-05 0.0321182 0.313673 0.412585
0.0783488 0.134563 0.0434452 0.1062 0.259159 0.378283
0.173993 0.0380145 0.00389982 9.9991E-05 0.347933 0.43606
0.229565 0.166389 9.9982E-05 9.9982E-05 0.5232 0.0806452
0.197391 0.0759165 9.9991E-05 0.0657217 0.397076 0.263795
9.9982E-05 0.0448964 9.9982E-05 0.1211 0.234878 0.598926
0.0589459 0.0158619 0.0584548 0.0627307 0.216868 0.587139
0.0747263 0.0355987 0.0465023 0.149426 0.252125 0.441621
0.134167 0.137143 9.9991E-05 0.0730182 0.218027 0.437545
9.9991E-05 0.00209223 0.0765114 0.0753604 0.437258 0.408678
0.03161 0.037082 0.016912 0.0289272 0.288332 0.597137
0.119237 0.117644 0.018382 0.0957701 0.199182 0.449785
0.0500585 0.113694 0.0687457 0.12822 0.13273 0.506552
0.0845393 0.166517 0.358746 9.9982E-05 9.9982E-05 0.389997
0.055889 0.208069 0.172013 0.0940096 0.0155347 0.454485
0.102716 0.104103 0.168432 0.0377732 0.0667902 0.520186
0.0217635 0.0793107 0.117046 0.0466849 0.0842134 0.650981
0.00662952 0.188438 0.223416 0.153039 9.9991E-05 0.428377
0.0334124 9.9982E-05 9.9982E-05 0.286082 0.140833 0.539472
0.0866608 0.0731599 0.218113 9.9991E-05 0.0952558 0.52671
0.137973 0.104972 0.258948 0.434221 9.9991E-05 0.0637855
0.00143716 0.164383 0.111122 0.0886141 0.0912381 0.543206
0.08391 0.16098 0.184959 0.00389545 0.0142576 0.551998
0.10201 0.253056 0.0566231 0.0550432 0.0287991 0.504469
0.104092 0.0865841 0.224837 0.214231 0.0298934 0.340362
0.0563592 0.100711 0.167944 0.0176836 9.9991E-05 0.657202
9.9991E-05 0.205337 0.0919997 0.0801153 0.0639084 0.55854
9.9973E-05 0.183324 0.46977 0.346606 9.9973E-05 9.9973E-05
0.0463221 0.112726 0.21994 0.017949 0.0132762 0.589787
0.0523676 0.182691 0.210299 0.04839 9.9991E-05 0.506152
0.0773239 0.11011 0.11564 0.0786451 9.9991E-05 0.618181
9.9982E-05 0.146022 0.221013 0.0561004 9.9982E-05 0.576665
0.0329124 0.17381 0.178492 0.0603614 0.0682571 0.486167
0.0990382 0.0800876 0.00629612 0.267154 0.0627717 0.484653
0.00664693 0.0656607 0.0730173 0.123986 0.162421 0.568268
0.259166 9.9982E-05 9.9982E-05 0.568015 0.127885 0.0447343
0.190707 9.9982E-05 9.9982E-05 0.637291 0.119269 0.0525331
0.089282 0.160387 9.9991E-05 0.21992 0.072132 0.458179
9.9982E-05 0.308727 0.0849785 0.174948 9.9982E-05 0.431147
9.9982E-05 0.357701 0.0376013 0.249429 9.9982E-05 0.355069
9.9982E-05 0.339208 0.176523 0.312111 9.9982E-05 0.171958
9.9991E-05 0.285339 0.213341 0.166234 0.0146456 0.32034
9.9982E-05 0.0856298 0.0224367 0.719545 9.9982E-05 0.172188
0.0353061 0.0647021 0.11297 0.540042 9.9991E-05 0.24688
0.0693984 0.119602 9.9982E-05 0.192882 9.9982E-05 0.617918
0.0837772 0.109378 0.0266211 0.273952 0.0118592 0.494413
0.0714794 0.0963827 0.0528079 0.490583 9.9991E-05 0.288647
0.0477621 0.0206497 0.0475287 0.230401 0.101127 0.552532
0.0812413 0.0762015 0.0218019 0.213025 9.9991E-05 0.60763
0.223765 0.160077 0.0711432 0.0253982 0.165407 0.354209
0.109619 9.9982E-05 9.9982E-05 0.388107 0.0869092 0.415165
0.111439 0.0566954 9.9991E-05 0.3079 0.171321 0.352545
0.0612945 0.0107539 0.0534799 0.182952 0.0681991 0.623321
0.0692752 0.013008 0.0256137 0.334306 0.125227 0.43257
0.163832 0.0725695 0.107549 0.146339 0.115898 0.393812
9.9973E-05 9.9973E-05 9.9973E-05 0.41221 0.0653779 0.522112
0.0538146 9.9982E-05 9.9982E-05 0.55794 0.0897083 0.298337
0.158954 0.00451111 0.034795 0.170032 9.9991E-05 0.631608
0.194975 9.9982E-05 9.9982E-05 0.468831 0.0745594 0.261434
0.0894286 0.00632873 9.9991E-05 0.419426 0.0103304 0.474386
0.0284647 9.9982E-05 0.113098 0.161245 9.9982E-05 0.696992
0.131127 9.9982E-05 9.9982E-05 0.191459 0.146399 0.530815
0.0117896 0.126956 0.186476 0.14188 9.9991E-05 0.532798
0.114039 0.13489 0.112254 0.0676887 0.163978 0.407151
0.0280613 0.230878 0.182632 0.172588 0.00341669 0.382425
0.0128927 0.241102 0.183034 0.160518 0.123691 0.278762
0.0835684 0.30387 0.121128 0.0477294 0.0714332 0.372271
9.9991E-05 0.225523 0.160102 0.151055 0.0205166 0.442704
9.9982E-05 0.1905 0.132914 0.61452 0.0618665 9.9982E-05
9.9991E-05 0.212725 0.107761 0.0870789 0.0372959 0.555039
9.9973E-05 0.147637 0.324024 0.528039 9.9973E-05 9.9973E-05
9.9982E-05 0.186579 0.0731011 0.222216 9.9982E-05 0.517904
0.278915 9.9973E-05 9.9973E-05 0.575604 9.9973E-05 0.145181
0.252602 9.9973E-05 9.9973E-05 0.682296 0.0648025 9.9973E-05
0.112465 9.9982E-05 9.9982E-05 0.331124 0.0180035 0.538208
9.9964E-05 9.9964E-05 9.9964E-05 0.255735 9.9964E-05 0.743865
0.175278 9.9982E-05 9.9982E-05 0.37012 0.00448494 0.449917
0.148651 9.9982E-05 9.9982E-05 0.232659 0.0231693 0.59532
0.0903408 0.0429397 9.9991E-05 0.316591 0.00786747 0.542161
9.9991E-05 0.0732774 0.768721 0.0501677 0.0440069 0.063727
9.9982E-05 0.106334 0.715306 0.0265133 0.151647 9.9982E-05
9.9973E-05 0.0519063 0.914552 9.9973E-05 0.0332421 9.9973E-05
9.9973E-05 9.9973E-05 0.95551 0.00769044 9.9973E-05 0.0364994
0.354701 0.0232586 0.0477804 9.9991E-05 0.0930087 0.481151
0.340864 0.0157617 0.0897265 0.0191637 0.0485635 0.485921
0.43047 9.9973E-05 9.9973E-05 9.9973E-05 0.0662793 0.502951
0.211404 9.9973E-05 0.130521 9.9973E-05 9.9973E-05 0.657775
0.190775 0.00830548 0.0830329 9.9991E-05 0.0962617 0.621525
0.566874 0.0346371 0.0120846 0.102138 0.0936412 0.190625
0.365977 0.0677334 9.9973E-05 9.9973E-05 9.9973E-05 0.565989
0.467003 9.9973E-05 9.9973E-05 0.156542 9.9973E-05 0.376155
0.0319121 0.164263 0.276564 0.0743615 0.0189436 0.433956
0.34833 0.0431806 9.9991E-05 0.166434 0.040361 0.401594
0.518272 9.9982E-05 0.053023 9.9982E-05 0.0903951 0.33811
0.377427 9.9982E-05 0.00494663 0.0568116 9.9982E-05 0.560615
0.498145 9.9982E-05 0.000981859 9.9982E-05 0.0933965 0.407276
0.470599 0.0134092 9.9973E-05 9.9973E-05 9.9973E-05 0.515692
0.284694 0.0411427 0.0695406 9.9982E-05 9.9982E-05 0.604422
0.979387 9.9964E-05 9.9964E-05 0.020213 9.9964E-05 9.9964E-05
0.610808 0.0347443 9.9991E-05 0.131125 0.0143666 0.208856
0.563252 9.9991E-05 0.017353 0.0169568 0.0782278 0.324111
0.746931 9.9964E-05 9.9964E-05 0.252669 9.9964E-05 9.9964E-05
0.342098 9.9982E-05 0.0144339 9.9982E-05 0.172661 0.470607
0.563892 9.9973E-05 9.9973E-05 0.318828 9.9973E-05 0.11698
0.697407 9.9964E-05 9.9964E-05 0.302193 9.9964E-05 9.9964E-05
0.366071 0.0836797 0.0470603 0.00509635 0.0550638 0.443029
0.63428 9.9982E-05 0.0372913 9.9982E-05 0.128735 0.199494
0.481465 0.0253996 0.0264343 9.9991E-05 0.0569559 0.409645
0.204225 0.0882494 0.161975 9.9982E-05 9.9982E-05 0.54535
0.395724 0.0452803 9.9982E-05 9.9982E-05 0.069619 0.489177
0.146999 0.0412522 9.9991E-05 0.185047 0.33798 0.288622
0.314386 0.0565322 9.9982E-05 9.9982E-05 0.125813 0.503069
0.444951 0.0948054 9.9982E-05 9.9982E-05 0.102731 0.357312
0.598764 9.9991E-05 0.00102799 0.0589015 0.0154545 0.325752
0.304924 0.121939 0.119753 9.9991E-05 0.0852606 0.368023
0.0952222 9.9982E-05 0.664344 0.0246039 0.21563 9.9982E-05
0.0962999 9.9991E-05 0.786467 0.00414318 0.0551463 0.0578439
9.9973E-05 9.9973E-05 0.830645 0.0333228 0.135732 9.9973E-05
0.0149518 9.9982E-05 0.81352 0.0196732 0.151655 9.9982E-05
9.9973E-05 9.9973E-05 0.715626 0.0909789 0.193095 9.9973E-05
0.700505 0.0274657 9.9982E-05 9.9982E-05 0.19364 0.0781893
0.673486 9.9991E-05 0.0901407 0.0240479 0.117336 0.0948892
0.791167 0.0287084 9.9982E-05 0.0963278 9.9982E-05 0.0835973
0.159295 0.0884151 0.0548094 0.0800942 0.060668 0.556718
0.210072 0.0540903 0.095291 9.9991E-05 0.0653019 0.575145
0.631033 9.9982E-05 0.0498567 0.0458302 9.9982E-05 0.27308
0.357014 0.0230181 9.9982E-05 0.00528452 9.9982E-05 0.614484
0.521906 9.9982E-05 0.0846073 0.000865544 9.9982E-05 0.392421
0.247395 9.9991E-05 0.0342566 0.0976316 0.0404585 0.580158
0.216316 0.059716 0.0319671 0.0139783 0.126338 0.551685
0.635341 0.0571966 9.9982E-05 9.9982E-05 0.121066 0.186197
0.666005 9.9973E-05 9.9973E-05 9.9973E-05 0.0120798 0.321615
0.626204 9.9973E-05 9.9973E-05 9.9973E-05 0.142397 0.231099
9.9982E-05 9.9982E-05 0.10623 0.204016 0.0712532 0.618301
0.59748 9.9982E-05 0.00159033 9.9982E-05 0.0396258 0.361104
0.459421 0.0525934 9.9982E-05 9.9982E-05 0.10703 0.380755
9.9991E-05 0.408881 0.109265 0.0679672 0.0559526 0.357835
9.9991E-05 0.43957 0.11353 0.00214569 0.0669264 0.377729
9.9973E-05 0.443003 0.178043 9.9973E-05 9.9973E-05 0.378654
9.9982E-05 0.396921 0.13832 0.0892062 9.9982E-05 0.375352
0.0196508 0.305726 0.121257 0.0145003 0.0453907 0.493475
0.362979 9.9982E-05 0.0981435 0.0550197 9.9982E-05 0.483658
9.9982E-05 0.702487 0.218954 0.0281756 0.0501834 9.9982E-05
0.0983979 0.42355 0.160441 9.9982E-05 9.9982E-05 0.317412
0.139287 0.189484 0.129339 0.107721 9.9991E-05 0.434069
9.9982E-05 9.9982E-05 0.140591 0.260366 0.0515212 0.547321
9.9991E-05 0.0290174 0.0883863 0.319338 0.141607 0.421552
0.00374267 0.0498455 0.0753445 0.210609 0.0562399 0.604219
0.0290384 9.9991E-05 0.149886 0.0827461 0.075402 0.662827
9.9973E-05 0.499781 0.184416 9.9973E-05 9.9973E-05 0.315503
0.0305298 0.331897 0.0985369 9.9991E-05 0.094086 0.44485
9.9982E-05 0.48835 0.0174796 0.0272144 9.9982E-05 0.466756
9.9982E-05 0.212628 0.180864 9.9982E-05 0.0680255 0.538283
0.0242178 0.520852 0.160097 0.00968418 9.9991E-05 0.285049
0.164478 0.278343 0.183277 9.9991E-05 0.0238772 0.349924
0.0286601 0.582412 0.0899951 0.0871163 9.9991E-05 0.211717
9.9991E-05 0.436633 0.117997 0.0449076 0.0466901 0.353672
0.149344 0.038553 0.0966946 0.211291 9.9991E-05 0.504018
0.0600938 0.335507 0.165251 9.9991E-05 0.0641699 0.374878
9.9982E-05 0.637531 0.156739 0.00530895 9.9982E-05 0.200221
0.0272964 0.324054 0.150028 0.0414301 0.0674044 0.389787
0.054932 9.9991E-05 0.135325 0.268564 0.3008 0.240279
0.0710298 0.0663126 0.0394025 0.195441 0.0302804 0.597534
9.9991E-05 0.247384 0.179488 0.00948809 0.108804 0.454736
9.9991E-05 0.0245882 0.106587 0.0549435 0.152212 0.661569
0.0683756 9.9991E-05 0.204176 0.192613 0.000205268 0.53453
0.0780188 0.195778 0.224062 0.100626 9.9991E-05 0.401415
0.0060316 0.266824 0.219656 0.154349 0.0187304 0.334408
0.102815 0.104633 0.0640982 0.0827333 0.00983484 0.635886
0.0864726 0.331649 0.198273 0.0198852 9.9991E-05 0.363621
9.9982E-05 0.448901 0.0828107 0.0448821 9.9982E-05 0.423206
9.9982E-05 0.650679 0.190856 0.0652373 9.9982E-05 0.0930272
9.9991E-05 0.0459445 0.033321 0.198934 0.113109 0.608592
0.000717227 9.9991E-05 0.0695151 0.251627 0.125138 0.552902
9.9973E-05 9.9973E-05 0.116296 0.63813 9.9973E-05 0.245274
0.036415 0.0647312 0.113763 0.155072 0.0962458 0.533773
0.0685482 9.9991E-05 0.099113 0.16212 0.223506 0.446613
0.0105215 0.0639347 0.210186 0.135963 9.9991E-05 0.579295
9.9991E-05 0.0213285 0.170861 0.218827 0.0467503 0.542133
9.9973E-05 0.236285 0.286298 0.477117 9.9973E-05 9.9973E-05
9.9973E-05 0.107218 0.299559 0.592923 9.9973E-05 9.9973E-05
9.9991E-05 0.0927932 0.144925 0.389896 0.0621536 0.310133
0.0126894 0.176765 0.390669 0.402922 9.9991E-05 0.016854
9.9973E-05 0.166144 0.487881 0.345675 9.9973E-05 9.9973E-05
9.9982E-05 0.0841009 0.0831344 0.341549 9.9982E-05 0.491016
0.0354157 0.134873 0.220756 0.183586 9.9991E-05 0.42527
0.0177042 0.151715 0.30256 0.250332 0.0468804 0.230809
9.9982E-05 0.135649 0.283179 0.47163 9.9982E-05 0.109342
0.0509742 0.196541 0.0773476 0.165267 0.0584897 0.451381
0.0673159 0.140846 0.196068 0.453201 9.9991E-05 0.14247
9.9973E-05 0.0640355 0.42214 0.513525 9.9973E-05 9.9973E-05
0.00606055 0.169108 0.1703 0.0115976 0.081998 0.560936
9.9991E-05 0.205596 0.210199 0.171628 0.0221318 0.390345
0.10867 0.231336 0.285588 9.9982E-05 9.9982E-05 0.374206
9.9973E-05 0.236172 0.190657 9.9973E-05 9.9973E-05 0.572871
0.0954382 0.204461 0.160533 0.0088853 9.9991E-05 0.530582
0.0734804 0.178402 0.206905 0.0669229 9.9991E-05 0.47419
9.9982E-05 0.177431 0.382395 9.9982E-05 0.070747 0.369227
0.0584947 0.146512 0.220754 0.0203052 0.0735543 0.48038
0.0423789 0.285173 0.273565 9.9982E-05 9.9982E-05 0.398683
0.0344103 0.247366 0.169284 0.230683 0.0187635 0.299493
0.283588 0.190297 0.15155 0.0958757 0.0542835 0.224405
0.118386 0.141555 0.162205 0.0174778 0.107791 0.452584
0.115807 0.0875452 0.222425 0.0337987 0.0395938 0.500831
0.0686926 0.103572 0.162809 9.9991E-05 0.00545098 0.659376
9.9982E-05 0.284297 0.272907 0.0537432 9.9982E-05 0.388852
9.9982E-05 0.128197 0.233572 0.105034 9.9982E-05 0.532997
9.9982E-05 0.215973 0.367748 0.251775 9.9982E-05 0.164304
0.0450847 0.185027 0.237956 9.9991E-05 0.0463533 0.485479
9.9982E-05 0.281719 0.248064 0.226999 9.9982E-05 0.243018
9.9982E-05 0.0136742 0.77814 0.0530246 0.154961 9.9982E-05
0.0273342 9.9991E-05 0.0881174 0.0065569 0.774965 0.102926
9.996E-05 9.996E-05 9.996E-05 9.996E-05 0.9995 9.996E-05
9.9964E-05 9.9964E-05 0.0277078 9.9964E-05 0.971892 9.9964E-05
9.9973E-05 0.0120154 9.9973E-05 9.9973E-05 0.95465 0.0330348
9.9964E-05 0.0718417 9.9964E-05 9.9964E-05 0.927758 9.9964E-05
9.9973E-05 9.9973E-05 0.00153275 9.9973E-05 0.931448 0.0667194
9.9964E-05 9.9964E-05 0.0859018 9.9964E-05 0.913698 9.9964E-05
9.9973E-05 0.0166024 0.18466 9.9973E-05 0.798438 9.9973E-05
9.9982E-05 0.000674486 0.890199 9.9982E-05 0.0288995 0.0800271
9.9982E-05 0.0133658 0.779154 9.9982E-05 0.14018 0.0671001
9.9982E-05 0.063291 0.894176 0.0122413 0.0300913 9.9982E-05
9.9982E-05 9.9982E-05 0.811119 0.0441065 0.102087 0.0424876
0.0414498 0.0389406 0.905072 9.9982E-05 9.9982E-05 0.0143378
9.9973E-05 0.00838267 0.876897 9.9973E-05 0.114421 9.9973E-05
9.9991E-05 0.1249 0.704984 0.030958 0.105954 0.0331039
0.0282013 0.138362 0.821782 0.000771478 9.9991E-05 0.0107834
0.00753797 0.115143 0.747917 9.9991E-05 0.116635 0.0126672
0.0560791 0.0611822 0.882439 9.9973E-05 9.9973E-05 9.9973E-05
9.9973E-05 9.9973E-05 0.969612 0.0117007 0.0183873 9.9973E-05
0.00717932 0.0660396 0.841234 0.0186735 0.0667737 9.9991E-05
9.9982E-05 0.0200969 0.936472 9.9982E-05 0.0289551 0.0142759
9.9982E-05 0.0334786 0.909588 0.00836441 9.9982E-05 0.0483685
0.0430052 0.00696692 0.866896 9.9982E-05 9.9982E-05 0.0829315
9.9973E-05 0.0126012 0.857238 9.9973E-05 9.9973E-05 0.129861
9.9973E-05 0.0722967 0.790565 9.9973E-05 9.9973E-05 0.136838
9.9973E-05 0.0686514 0.78871 9.9973E-05 9.9973E-05 0.142339
9.9973E-05 0.0431584 0.828122 9.9973E-05 9.9973E-05 0.12842
0.0807518 0.00635301 0.15069 0.221855 0.106419 0.433932
0.118939 9.9982E-05 0.0926342 0.0768595 9.9982E-05 0.711367
0.105114 0.0537087 0.106803 0.0274955 0.0688603 0.638019
0.0378387 9.9982E-05 0.0498666 0.682194 9.9982E-05 0.229901
0.0293679 9.9991E-05 0.0809294 0.183212 0.161883 0.544508
9.9973E-05 9.9973E-05 0.160911 0.665386 9.9973E-05 0.173404
0.0170961 9.9982E-05 0.0747276 0.232646 9.9982E-05 0.675331
0.127749 9.9991E-05 0.0744655 0.224139 0.102716 0.470831
0.0795699 9.9991E-05 0.0924415 0.120052 0.140487 0.567349
0.354235 0.089903 9.9991E-05 0.0262697 0.0664886 0.463003
9.9982E-05 9.9982E-05 0.0947005 0.211458 0.223045 0.470596
0.0557589 9.9982E-05 0.10969 0.146839 9.9982E-05 0.687513
0.0417556 9.9991E-05 0.106604 0.10113 0.145109 0.605302
0.175786 0.0477068 9.9991E-05 0.270557 0.432403 0.0734475
0.043032 9.9973E-05 9.9973E-05 0.851762 0.104906 9.9973E-05
9.9982E-05 9.9982E-05 0.04977 0.673995 0.0395118 0.236523
9.9991E-05 0.0356387 0.082576 0.171718 0.0590759 0.650892
9.9982E-05 9.9982E-05 0.125475 0.265479 0.00734589 0.6015
0.00410207 9.9991E-05 0.0979938 0.29583 0.0129003 0.589073
0.0851298 0.0451128 0.0853926 0.13068 0.0645947 0.58909
0.0294687 0.152777 0.157009 0.0915876 0.0242232 0.544934
9.9982E-05 0.161817 0.224035 0.0361398 9.9982E-05 0.577808
0.0872904 0.200203 0.371952 0.141879 0.0947007 0.103975
0.0692934 9.9991E-05 0.134223 0.0225649 0.117993 0.655826
0.0983561 0.126636 0.217794 0.00850492 0.0915205 0.457188
9.9973E-05 0.186244 0.428517 0.38494 9.9973E-05 9.9973E-05
0.0670864 0.222809 0.285647 0.0586262 9.9991E-05 0.365732
0.0894437 0.159682 0.358443 9.9991E-05 0.117702 0.274629
9.9982E-05 9.9982E-05 0.3458 0.0783302 0.0666934 0.508977
0.0491922 0.226606 0.109385 9.9991E-05 0.110402 0.504314
9.9991E-05 0.0617178 0.228074 0.0933547 0.00705669 0.609696
0.0276346 0.107922 0.188766 0.0861607 0.0232904 0.566226
0.093591 0.131119 0.0893262 0.216919 9.9991E-05 0.468946
0.0846054 0.1749 0.477078 9.9982E-05 9.9982E-05 0.263216
