0.903097 0.0118827 0.0527088 0.0322118 9.9991E-05
0.919102 9.9982E-05 0.0337495 9.9982E-05 0.0469486
0.837403 0.129151 0.00911122 0.024235 9.9991E-05
0.754111 9.9982E-05 0.15493 0.0907587 9.9982E-05
0.890776 0.0303208 0.0146234 0.0641798 9.9991E-05
0.666275 0.0905981 0.0973415 0.00361774 0.142167
0.892521 0.0173789 0.0449374 9.9991E-05 0.0450629
0.737908 0.0371772 0.1484 0.0411034 0.0354115
0.84825 9.9982E-05 0.0304949 9.9982E-05 0.121055
0.680952 0.11486 0.0812893 0.0786362 0.0442626
0.765609 0.0547917 0.121852 9.9991E-05 0.0576478
9.999E-05 0.229593 0.548607 0.104302 0.117398
9.9991E-05 0.520787 0.314346 0.116251 0.0485166
0.0225079 0.27211 0.479676 0.111855 0.113852
0.0234936 0.301217 0.413562 0.201944 0.0597838
0.0914938 0.455199 0.240206 0.137455 0.0756452
0.0173176 0.528228 0.269337 0.185018 9.9991E-05
0.0284159 0.41135 0.194261 0.110636 0.255337
0.0639065 0.381417 0.357393 0.107983 0.0893013
0.0267635 9.9991E-05 0.707246 0.0815589 0.184332
9.999E-05 0.498998 0.336844 0.0983812 0.0656767
0.0128817 0.461568 0.189037 0.12659 0.209923
0.0435338 0.661277 0.157632 9.9991E-05 0.137457
9.9991E-05 0.336192 0.427987 0.115428 0.120293
0.0428253 0.615236 0.179704 0.0810552 0.081179
0.0687233 0.603761 0.278095 0.0493199 9.9991E-05
0.0105208 0.236282 0.57624 0.0947718 0.0821848
0.0148759 0.216055 0.46669 0.190983 0.111396
9.9991E-05 0.208732 0.509971 0.0834204 0.197777
0.854444 0.137009 9.9982E-05 0.00834671 9.9982E-05
0.845128 0.154572 9.9973E-05 9.9973E-05 9.9973E-05
0.792548 0.124597 0.0393272 0.0434273 9.9991E-05
0.760974 0.115089 9.9991E-05 0.106438 0.0173988
0.0440257 0.662471 0.0846017 0.0208796 0.188022
0.14446 0.691089 0.0655599 9.9991E-05 0.0987908
9.9991E-05 0.727471 0.0106967 0.00504506 0.256687
0.0226307 0.164918 0.651331 0.0346481 0.126472
0.0394584 0.453934 9.9991E-05 0.00414914 0.502358
0.0660425 0.501667 0.2411 0.0687185 0.122472
0.027984 0.808863 9.9991E-05 0.0513089 0.111745
0.133799 0.639246 0.0839618 9.9991E-05 0.142893
0.096354 0.750097 0.0948595 0.00478569 0.0539035
9.9982E-05 0.320615 0.295026 9.9982E-05 0.384159
0.0950692 0.663528 0.0586159 9.9991E-05 0.182687
0.0923597 0.677473 0.0565344 0.0403398 0.133293
0.121205 0.61475 0.0255203 0.0966952 0.14183
9.9982E-05 0.487324 0.00912714 9.9982E-05 0.503349
0.0540181 0.79313 0.0251092 9.9991E-05 0.127643
0.0811329 0.589562 0.118519 0.0466099 0.164175
0.104176 9.9982E-05 0.00752364 9.9982E-05 0.8881
9.9982E-05 0.235207 0.451823 9.9982E-05 0.312769
0.0470381 0.111892 0.188789 0.0647341 0.587548
0.0967986 0.57326 0.164831 0.0328188 0.132291
0.154715 0.642412 9.9991E-05 0.0737811 0.128992
0.00921331 0.696207 0.124835 0.128147 0.0415982
0.0832724 0.249253 0.400795 9.9991E-05 0.266579
0.0346272 0.620651 0.245162 0.0240732 0.075487
0.112756 0.539623 0.123491 0.102964 0.121166
0.132564 0.403459 0.23232 0.0241181 0.207538
0.242325 0.111045 0.312653 0.0260002 0.307976
0.109165 0.61886 0.0752033 9.9991E-05 0.196672
0.00120756 0.43049 0.324264 0.144088 0.099951
0.052459 0.108561 0.510379 9.9991E-05 0.328501
9.9991E-05 0.578519 0.236686 0.0362276 0.148468
0.0685136 0.705223 0.0342793 0.0303394 0.161644
0.0678697 0.575089 0.216219 0.0808219 0.0600006
0.00646456 0.285835 0.294018 0.11125 0.302432
0.0168968 0.487178 0.263107 0.139251 0.0935683
0.114071 0.606008 0.195987 0.0838344 9.9991E-05
0.0155022 0.218802 0.41325 9.9991E-05 0.352345
9.9982E-05 0.674227 0.15207 9.9982E-05 0.173502
9.9982E-05 0.374153 0.212281 9.9982E-05 0.413366
0.0811574 0.607164 0.0614176 0.0467504 0.203511
0.000289605 0.181148 9.9982E-05 9.9982E-05 0.818363
9.9982E-05 0.170015 0.0589762 9.9982E-05 0.770808
9.9982E-05 0.445727 0.0388677 9.9982E-05 0.515205
9.9991E-05 0.551504 0.130924 0.0358752 0.281597
0.141056 0.607831 0.044541 0.116809 0.0897621
0.0304468 0.576177 0.1199 0.004014 0.269462
9.9982E-05 0.335538 0.327483 9.9982E-05 0.336779
0.0217466 0.365356 0.318369 9.9991E-05 0.294429
0.114583 0.686218 0.073165 0.075375 0.0506583
0.0107849 0.433954 0.10099 9.9991E-05 0.454171
0.0635701 0.571909 0.0671641 9.9991E-05 0.297257
9.9973E-05 0.562546 9.9973E-05 9.9973E-05 0.437154
0.0215806 0.158176 0.0506367 9.9991E-05 0.769507
0.0254947 0.690084 0.0585703 0.0886615 0.137189
0.797426 0.0856958 0.0636233 0.0531547 9.9991E-05
0.910444 0.0892558 9.9973E-05 9.9973E-05 9.9973E-05
0.863315 0.105556 9.9982E-05 0.0309288 9.9982E-05
0.927951 0.0717488 9.9973E-05 9.9973E-05 9.9973E-05
0.878013 0.10511 9.9982E-05 0.0166774 9.9982E-05
0.919579 0.0764842 9.9982E-05 0.00373692 9.9982E-05
0.928159 0.0628759 9.9982E-05 0.00876481 9.9982E-05
0.0465492 0.477221 0.109825 0.125345 0.24106
0.0563024 0.532858 0.125165 0.0396414 0.246033
9.9982E-05 0.214017 0.133951 9.9982E-05 0.651833
0.0569052 0.574279 0.168277 0.0756248 0.124914
0.0711726 0.569292 0.160648 9.9991E-05 0.198788
0.0223101 0.762389 9.9991E-05 0.00150954 0.213692
0.0641866 0.691364 9.9991E-05 0.0227745 0.221575
0.006131 0.59363 9.9991E-05 0.0355847 0.364554
0.00626332 0.0831492 0.305785 9.9991E-05 0.604703
0.151729 0.522659 0.139393 0.107196 0.0790232
0.049457 0.735306 9.9991E-05 0.0749241 0.140213
0.110149 0.560934 0.0634244 0.12172 0.143772
0.00597306 0.434924 9.9982E-05 9.9982E-05 0.558903
0.0125676 0.63666 9.9982E-05 9.9982E-05 0.350572
0.0318617 0.612122 0.128887 9.9991E-05 0.227029
9.9982E-05 0.483286 9.9982E-05 0.0387233 0.477791
0.034657 0.586839 0.184058 9.9991E-05 0.194346
0.160536 0.631798 0.054495 0.0231724 0.129998
9.9991E-05 0.208202 0.33288 0.0892899 0.369528
0.0962072 0.427898 0.35932 0.0876554 0.0289193
0.130082 0.618764 0.105375 0.0173165 0.128464
0.0499871 0.641807 0.100317 0.0833245 0.124564
0.0550447 0.542353 0.334298 9.9991E-05 0.0682047
9.9991E-05 0.587602 0.218458 0.0510643 0.142776
9.9991E-05 0.458832 0.413715 0.110424 0.0169289
0.0735768 0.626871 0.135345 0.00770739 0.1565
0.0638829 0.605457 0.126816 0.0475555 0.156289
0.0804776 0.654961 0.112357 9.9991E-05 0.152104
0.00425872 0.604911 0.329435 9.9991E-05 0.0612958
0.0466947 0.672234 0.0612207 0.0315605 0.18829
0.104853 0.588888 0.125749 0.0699597 0.11055
9.9982E-05 0.628599 0.29968 0.0715211 9.9982E-05
0.0808962 0.539369 0.191408 0.107539 0.0807874
9.9991E-05 0.623049 0.222817 0.095164 0.0588697
0.0652351 0.320061 0.318669 0.0888953 0.207139
9.9991E-05 0.638788 0.209663 0.132176 0.0192726
0.00338273 0.750204 0.123294 0.0453984 0.0777206
9.9991E-05 0.306629 0.453291 0.0691186 0.170861
0.0259036 0.148676 0.287253 0.103404 0.434764
0.0715325 0.551701 0.235382 0.0707277 0.070656
9.9991E-05 0.0706349 0.31122 0.104658 0.513387
0.0216006 0.332823 0.460672 0.0257486 0.159156
9.9982E-05 0.495738 0.29076 9.9982E-05 0.213303
0.0172675 0.362089 0.526675 9.9991E-05 0.093869
9.9991E-05 0.293329 0.538278 0.0547666 0.113526
0.0339423 0.756061 0.109621 9.9991E-05 0.100277
0.0888952 0.586875 0.186493 0.0806818 0.0570546
0.0376825 0.543093 0.285082 0.108193 0.0259496
9.9991E-05 0.0800992 0.32702 0.13566 0.457121
0.22349 0.685826 0.0194853 0.0312761 0.0399225
0.0668457 0.537751 0.0809568 0.0956462 0.2188
0.206508 0.0315506 0.102718 0.0111454 0.648077
0.141464 0.711662 9.9991E-05 0.0127976 0.133976
0.149545 0.437821 0.0512015 0.00161572 0.359817
0.130932 0.525904 0.0634406 0.070366 0.209357
0.143767 0.295845 0.118388 0.015682 0.426318
0.140043 0.293772 0.118341 9.9991E-05 0.447743
0.0766933 0.511623 0.0971248 9.9991E-05 0.314459
0.127632 0.561718 0.0620107 0.0450371 0.203602
0.117975 0.520767 0.122282 0.0821061 0.15687
0.0803151 0.0134818 0.0825102 0.192837 0.630856
0.0920075 0.610511 0.114137 0.102938 0.0804069
9.9982E-05 0.441273 0.135507 9.9982E-05 0.42302
9.9991E-05 0.503628 0.0694679 0.0439244 0.38288
0.0555363 0.654538 0.0209161 0.106987 0.162023
0.352961 0.12851 9.9991E-05 0.276239 0.24219
0.601537 9.9982E-05 9.9982E-05 0.163662 0.234601
0.509176 9.9982E-05 9.9982E-05 0.159926 0.330698
0.397499 0.0995131 9.9991E-05 0.357345 0.145543
9.9982E-05 0.59066 9.9982E-05 0.0774681 0.331672
0.0147655 0.543514 0.155099 0.0959699 0.190653
9.9973E-05 0.327122 9.9973E-05 0.672578 9.9973E-05
0.0682894 0.339322 0.10852 0.483769 9.9991E-05
0.0995642 0.351971 0.07351 0.401815 0.0731403
0.0343468 0.388767 9.9991E-05 0.0645879 0.512198
0.143614 0.486694 9.9991E-05 0.0575357 0.312057
0.0094404 0.21396 9.9991E-05 0.0914577 0.685042
0.0919472 0.647367 9.9982E-05 9.9982E-05 0.260486
0.00969768 0.446852 0.13116 0.0907571 0.321533
0.085885 0.545977 0.0369317 0.0611919 0.270015
0.00287217 0.19651 0.0510961 0.102027 0.647495
0.0839874 0.601467 9.9991E-05 0.116304 0.198142
0.055722 0.651179 0.0872413 0.0363508 0.169507
9.9973E-05 0.00953975 9.9973E-05 0.99016 9.9973E-05
9.9982E-05 0.0396496 0.0127806 0.94737 9.9982E-05
0.055009 0.349782 0.0367261 0.558383 9.9991E-05
9.9973E-05 0.330214 9.9973E-05 0.669486 9.9973E-05
0.0388191 0.109752 0.0398791 0.80844 0.00310944
9.997E-05 9.997E-05 9.997E-05 0.9996 9.997E-05
9.9973E-05 9.9973E-05 0.0242162 0.975484 9.9973E-05
9.9973E-05 0.114742 9.9973E-05 0.884958 9.9973E-05
9.9982E-05 0.0303046 0.012847 0.956648 9.9982E-05
9.997E-05 9.997E-05 9.997E-05 0.9996 9.997E-05
9.997E-05 9.997E-05 9.997E-05 0.9996 9.997E-05
0.0449812 0.116906 0.0170517 0.820962 9.9991E-05
0.0351284 0.0781414 0.0541593 0.832471 9.9991E-05
9.9973E-05 9.9973E-05 0.0199542 0.979746 9.9973E-05
0.0676324 0.359309 0.110698 0.462261 9.9991E-05
9.9991E-05 0.141595 0.0838649 0.718078 0.056363
0.0066437 0.187411 0.0517739 0.754071 9.9991E-05
9.9982E-05 0.0257796 0.0679464 0.906074 9.9982E-05
9.9973E-05 0.0250667 9.9973E-05 0.974633 9.9973E-05
0.0608417 0.0500164 9.9982E-05 0.888942 9.9982E-05
9.997E-05 9.997E-05 9.997E-05 0.9996 9.997E-05
0.00800829 0.240233 0.085152 0.649008 0.0175991
9.9982E-05 9.9982E-05 0.0904329 0.886466 0.0229007
0.379994 9.9982E-05 9.9982E-05 0.0672195 0.552587
0.224992 0.418083 0.148785 0.0480975 0.160043
0.293578 0.42894 0.0240083 0.0766373 0.176837
0.279397 0.144769 0.0181187 0.151631 0.406084
0.102772 0.402084 0.156007 0.192672 0.146466
0.338436 0.211109 9.9991E-05 0.0892628 0.361091
0.194326 0.339507 0.0630559 0.21491 0.188201
0.182238 0.321395 9.9991E-05 0.197582 0.298686
0.191925 0.529279 9.9991E-05 0.143473 0.135224
0.216214 0.32389 9.9991E-05 0.232063 0.227732
0.20046 0.51779 0.00826998 0.13908 0.134399
0.88544 0.0107144 0.0930524 9.9991E-05 0.0106937
0.916175 9.9982E-05 0.0162713 0.0673541 9.9982E-05
0.983654 9.9973E-05 0.0160456 9.9973E-05 9.9973E-05
0.970712 0.0124997 0.016588 9.9982E-05 9.9982E-05
0.86788 9.9982E-05 0.0855714 0.0463491 9.9982E-05
0.881709 9.9982E-05 9.9982E-05 0.111199 0.00689272
0.898246 0.0434967 9.9982E-05 0.058057 9.9982E-05
0.897294 9.9973E-05 9.9973E-05 9.9973E-05 0.102406
0.913832 0.0427848 9.9991E-05 0.0243338 0.0189495
0.878448 9.9982E-05 0.0262587 0.0950937 9.9982E-05
0.617683 9.9991E-05 0.239388 0.00346191 0.139367
0.596454 9.9991E-05 0.352741 0.00481901 0.045886
0.542485 9.9982E-05 0.281818 9.9982E-05 0.175497
0.512765 9.9982E-05 0.340693 9.9982E-05 0.146341
0.0337267 0.577244 0.241401 9.9991E-05 0.147528
9.9991E-05 0.599402 0.197328 0.0430015 0.160168
9.9991E-05 0.59445 0.233152 0.0648206 0.107477
0.0291527 0.512422 0.317256 9.9991E-05 0.141069
9.9982E-05 0.190944 0.702937 9.9982E-05 0.10592
0.105364 0.75882 0.00674063 0.023014 0.106061
9.9991E-05 0.607456 0.140879 0.0385404 0.213025
9.9991E-05 0.608762 0.152047 0.0350563 0.204034
9.9973E-05 0.560197 9.9973E-05 9.9973E-05 0.439503
0.0409002 0.733477 0.225423 9.9982E-05 9.9982E-05
9.9982E-05 0.533903 0.206565 9.9982E-05 0.259332
9.9982E-05 0.0970747 0.129615 9.9982E-05 0.77311
0.0447373 0.643271 0.175972 0.00161302 0.134407
9.9973E-05 0.404564 9.9973E-05 9.9973E-05 0.595136
9.9982E-05 0.621666 0.0998509 9.9982E-05 0.278283
0.0301299 0.237349 0.287574 9.9991E-05 0.444847
0.160338 9.9991E-05 0.790303 0.00415504 0.045104
0.0902191 0.0926214 0.802849 9.9991E-05 0.01421
0.00877247 9.9982E-05 0.983852 9.9982E-05 0.00717577
0.0991532 9.9982E-05 0.831791 9.9982E-05 0.068856
9.9982E-05 9.9982E-05 0.900945 0.0581535 0.0407013
0.0444408 0.0444767 0.851134 0.0598486 9.9991E-05
0.871802 0.127898 9.9973E-05 9.9973E-05 9.9973E-05
0.800811 0.033551 0.117181 0.0483566 9.9991E-05
0.763662 0.100044 0.00269397 0.1335 9.9991E-05
0.734498 9.9982E-05 0.113971 0.15133 9.9982E-05
0.803429 0.141724 9.9982E-05 0.054647 9.9982E-05
0.371283 9.9982E-05 0.557916 9.9982E-05 0.070601
0.490341 9.9982E-05 0.404863 9.9982E-05 0.104596
0.433549 9.9982E-05 0.474938 9.9982E-05 0.0913133
0.837737 0.161964 9.9973E-05 9.9973E-05 9.9973E-05
0.363395 9.9982E-05 0.564247 9.9982E-05 0.072158
0.259934 0.272506 0.017358 0.373084 0.0771184
0.161766 0.536725 0.013627 0.201506 0.0863761
0.141495 0.554482 9.9982E-05 0.303823 9.9982E-05
0.294585 0.343203 9.9991E-05 0.23897 0.123141
0.226932 0.606489 0.0641721 0.0954573 0.0069503
0.47364 9.9982E-05 9.9982E-05 0.3422 0.18396
9.9982E-05 0.49946 0.421227 9.9982E-05 0.0791124
0.0238122 0.423561 0.269063 0.0130483 0.270516
0.105436 0.28318 0.558665 0.0334561 0.0192624
0.00405083 0.485039 0.17401 0.0303823 0.306518
9.9973E-05 9.9973E-05 0.166799 9.9973E-05 0.832901
0.104815 0.53267 0.152305 0.0552957 0.154915
0.0145534 0.404001 0.256515 0.105759 0.219171
0.0404476 0.435045 0.390414 9.9991E-05 0.133994
0.045535 0.582064 0.248706 0.091227 0.0324682
9.9982E-05 0.194332 0.259826 9.9982E-05 0.545642
9.9991E-05 0.412187 0.251235 0.0719158 0.264562
9.9982E-05 0.54085 0.353731 0.10522 9.9982E-05
0.0968646 0.362311 0.143379 0.210441 0.187005
9.9991E-05 0.333978 0.311448 0.0674972 0.286977
0.0408916 0.507735 0.178282 0.0334334 0.239658
9.9991E-05 0.523921 0.1343 0.142149 0.199529
0.0493931 0.619637 0.183606 9.9991E-05 0.147264
9.9991E-05 0.66252 0.105995 0.125889 0.105496
0.105016 0.624876 0.115203 0.104625 0.0502799
0.122866 0.599876 0.125795 0.045296 0.106167
0.772033 0.118966 9.9982E-05 0.108801 9.9982E-05
0.89213 0.0771995 9.9991E-05 0.0232184 0.00735236
0.799643 0.0814107 0.0786813 9.9991E-05 0.0401648
0.854362 0.0397827 0.0748747 0.0308807 9.9991E-05
0.853217 0.139923 9.9982E-05 0.00665974 9.9982E-05
9.9991E-05 0.199273 0.616334 0.047071 0.137222
0.0835949 0.451007 0.111026 0.191462 0.16291
0.169205 0.464634 0.0389143 0.224791 0.102455
0.0516604 0.636483 0.200958 0.110799 9.9991E-05
0.0833433 0.546468 0.254043 0.0565556 0.0595903
9.9991E-05 0.28429 0.423766 0.0692073 0.222637
0.181393 0.0452833 0.587644 9.9991E-05 0.18558
0.0817457 0.519823 0.327509 9.9991E-05 0.0708226
9.9991E-05 0.124259 0.592237 0.107595 0.175809
0.0325031 0.403543 0.167792 0.0936368 0.302525
0.0894259 0.0852439 0.66652 0.0587154 0.100095
0.0565011 0.662197 0.207233 0.0739679 9.9991E-05
0.0576146 0.21394 0.573181 9.9991E-05 0.155165
0.0133694 0.34617 0.334018 0.0795378 0.226905
0.020202 0.525695 0.122521 0.0714554 0.260126
0.0405989 0.2604 0.153741 0.0856185 0.459642
0.12039 0.524856 0.142444 0.0260692 0.186242
0.101806 0.47168 0.0767762 0.159113 0.190625
0.0599471 0.401829 0.0936178 0.00407412 0.440532
0.0853348 0.453136 0.114109 0.159562 0.187858
0.154652 0.575564 9.9982E-05 9.9982E-05 0.269584
9.9982E-05 0.156657 0.107228 9.9982E-05 0.735915
0.0567351 0.30236 0.0340637 9.9991E-05 0.606741
0.015971 0.564508 0.111103 0.00943719 0.29898
0.0242399 0.235267 0.0962255 9.9991E-05 0.644167
9.9982E-05 0.546158 0.15902 9.9982E-05 0.294622
0.0127577 0.141752 0.619965 0.0464349 0.179091
9.9991E-05 0.231822 0.378533 0.0605993 0.328945
0.0525972 0.3705 0.459991 0.0728131 0.0440979
0.0197812 0.653835 0.256882 0.0694016 9.9991E-05
9.9982E-05 0.289654 0.556595 9.9982E-05 0.153551
0.0465427 0.451613 0.149525 0.100822 0.251498
9.9991E-05 0.582691 0.245707 0.117007 0.0544945
0.0115728 0.511952 0.232677 0.120561 0.123237
0.0485784 0.607242 0.210855 0.0225656 0.110759
0.00575118 0.424078 0.372954 0.123344 0.0738736
9.9991E-05 0.230108 0.603176 0.0867007 0.0799151
0.0184849 0.414418 0.447539 0.0466875 0.0728708
9.9982E-05 0.579143 0.278014 0.142643 9.9982E-05
0.0059788 0.637962 0.240467 0.0312195 0.0843733
0.0312966 0.391726 0.326125 0.103085 0.147768
9.9991E-05 0.524831 0.225136 0.119929 0.130004
0.115997 0.372198 0.428108 0.0835979 9.9991E-05
0.0129527 0.625438 0.247418 0.0561693 0.0580218
0.0482907 0.543528 0.231998 0.107205 0.068978
0.145866 0.511445 0.140936 0.128139 0.0736143
0.34706 0.460045 0.0556885 0.137106 9.9991E-05
0.174362 0.474292 9.9991E-05 0.217159 0.134086
0.0983218 0.611128 0.0823033 0.147212 0.0610351
0.135376 0.58624 0.0904076 0.131914 0.0560617
0.232423 0.476909 0.00782945 0.263128 0.0197098
9.9991E-05 0.453788 0.18941 0.117449 0.239253
0.0758963 0.605914 0.213532 0.074672 0.0299863
0.299988 0.00247683 9.9991E-05 0.183991 0.513445
0.0640246 0.486904 0.0619791 0.265704 0.121388
0.0891864 0.539622 0.0433551 0.192881 0.134955
0.0931834 0.4542 0.0536442 0.270729 0.128243
0.248112 0.444144 0.0187277 0.0858481 0.203168
0.198117 0.637978 9.9991E-05 0.159302 0.00450205
0.113861 0.599744 9.9991E-05 0.217893 0.068402
0.509857 9.9982E-05 9.9982E-05 0.219111 0.270832
0.229824 0.47769 0.02112 0.228535 0.0428319
0.212507 0.416396 0.02624 0.272307 0.0725493
0.059862 0.561387 0.0394392 0.216654 0.122657
0.217703 0.591712 9.9982E-05 0.190385 9.9982E-05
0.100624 0.494247 0.120144 0.183188 0.101797
9.9991E-05 0.501121 0.103216 0.131645 0.263918
0.129654 0.609572 0.0100059 0.0281123 0.222656
9.9991E-05 0.0850826 0.121663 0.0187683 0.774386
9.9982E-05 0.0892165 0.0654373 9.9982E-05 0.845146
0.0385524 0.506803 0.078555 0.0923543 0.283735
0.0952319 0.365327 0.0409543 0.391906 0.106581
0.112306 0.331564 9.9991E-05 0.393833 0.162197
0.254083 0.20224 9.9991E-05 0.291849 0.251729
0.17477 0.365628 9.9991E-05 0.308281 0.151222
0.108416 0.0438761 9.9991E-05 0.213465 0.634143
0.145103 0.169384 9.9991E-05 0.125691 0.559722
9.9991E-05 0.609355 0.10715 0.140004 0.14339
0.100344 0.450296 9.9991E-05 0.128508 0.320751
0.0801802 0.226677 9.9991E-05 0.1829 0.510142
0.105999 0.585127 0.0399816 0.0685214 0.200371
0.00223281 0.499016 0.0699166 0.178639 0.250196
0.107116 0.423618 0.102119 0.154143 0.213005
0.00967 0.408544 0.0755444 9.9991E-05 0.506142
0.0229825 0.417458 0.0601296 0.0381975 0.461232
0.0556601 0.630404 9.9991E-05 0.0600821 0.253754
0.0791895 0.427725 0.21263 0.0278246 0.25263
0.0279843 0.381491 0.118149 0.198985 0.27339
0.0624971 0.521222 0.0217145 0.00327419 0.391292
9.9982E-05 0.284747 0.11289 9.9982E-05 0.602163
0.0312656 0.676621 0.0106321 0.0252125 0.256269
9.9991E-05 0.294228 0.0778456 0.0374642 0.590363
0.0696612 0.56059 9.9991E-05 0.0241393 0.34551
0.0965238 0.523586 0.0956135 0.0675027 0.216774
0.0554674 0.443087 0.0802575 0.0750517 0.346136
0.135681 0.458153 0.146061 0.227796 0.0323094
0.0578815 0.466843 0.222016 0.15887 0.0943892
0.166217 0.337517 0.108543 0.294192 0.0935307
0.267765 0.328527 0.0262599 0.229912 0.147536
0.159609 0.354693 0.159498 0.258961 0.0672388
0.127173 0.371539 0.129766 0.263296 0.108226
0.231673 9.9982E-05 9.9982E-05 0.223676 0.544451
0.131749 0.57293 0.0348624 0.174443 0.0860158
0.473694 9.9982E-05 9.9982E-05 0.149056 0.377049
0.0198271 0.444738 9.9991E-05 0.287421 0.247913
9.9973E-05 0.227445 9.9973E-05 9.9973E-05 0.772255
0.0184535 0.0104711 0.0480931 9.9991E-05 0.922882
9.9991E-05 0.590683 0.038931 0.0183687 0.351917
9.9991E-05 0.703718 0.0679462 0.0252167 0.203019
9.9973E-05 0.56177 9.9973E-05 9.9973E-05 0.43793
9.9982E-05 0.6218 0.051249 9.9982E-05 0.326751
9.9982E-05 0.600619 9.9982E-05 0.0411443 0.358037
0.805502 0.0978727 0.0355952 0.04045 0.0205803
0.6997 9.9982E-05 0.157522 0.142578 9.9982E-05
0.907158 9.9982E-05 0.0164289 0.0762129 9.9982E-05
0.968758 0.0309418 9.9973E-05 9.9973E-05 9.9973E-05
0.110247 0.65362 0.00179707 0.00374426 0.230592
0.0671776 0.632028 0.135997 9.9991E-05 0.164697
9.9982E-05 0.58309 0.175952 9.9982E-05 0.240757
0.106003 0.731266 0.0603772 0.00327275 0.0990809
0.147418 0.648499 0.157649 0.0104455 0.0359885
9.9982E-05 0.388477 0.202009 9.9982E-05 0.409314
9.9991E-05 0.748829 0.12946 0.0289947 0.092616
9.9973E-05 0.558495 9.9973E-05 9.9973E-05 0.441205
0.26169 0.463795 0.0507603 0.209518 0.0142361
9.9991E-05 0.538362 0.0872247 0.0311166 0.343197
9.9982E-05 0.462153 0.234216 9.9982E-05 0.303431
9.9991E-05 0.660557 0.0959419 0.00984227 0.233558
9.9982E-05 0.606552 0.135729 9.9982E-05 0.257519
9.9982E-05 0.667979 9.9982E-05 0.0301996 0.301621
0.0919846 0.629857 0.0647246 0.0385366 0.174898
9.9973E-05 0.267884 9.9973E-05 9.9973E-05 0.731816
9.9982E-05 0.37549 0.0698422 9.9982E-05 0.554468
9.9982E-05 0.465173 0.0696158 9.9982E-05 0.465012
9.9973E-05 0.0412264 9.9973E-05 9.9973E-05 0.958474
0.0492325 0.57585 0.168729 9.9991E-05 0.206088
0.00178197 0.237891 0.0595648 9.9991E-05 0.700662
9.9973E-05 0.0972096 9.9973E-05 9.9973E-05 0.902491
0.083654 0.618856 0.0419319 9.9991E-05 0.255458
0.00890871 0.389312 0.114612 9.9991E-05 0.487067
9.9991E-05 0.450951 0.180306 0.0712899 0.297353
0.123999 0.669064 9.9991E-05 0.0781046 0.128733
9.9982E-05 0.655416 0.188813 9.9982E-05 0.155571
9.9991E-05 0.32156 0.279976 0.131801 0.266563
0.0318851 0.731679 0.0766169 9.9991E-05 0.159719
9.9982E-05 0.562001 0.180613 9.9982E-05 0.257186
9.9982E-05 0.46864 0.0225128 9.9982E-05 0.508647
0.15126 0.510132 9.9991E-05 0.0376548 0.300854
0.64622 9.9982E-05 0.336079 9.9982E-05 0.0175002
0.798421 0.066107 0.0865303 9.9991E-05 0.0488419
0.818305 9.9982E-05 0.120672 9.9982E-05 0.0608221
0.78755 9.9982E-05 0.192035 9.9982E-05 0.0202148
0.72269 0.0318473 0.245262 9.9982E-05 9.9982E-05
9.9982E-05 0.31337 0.270159 9.9982E-05 0.41627
9.9982E-05 0.283419 0.219335 9.9982E-05 0.497046
9.9973E-05 0.305437 9.9973E-05 9.9973E-05 0.694263
0.106511 0.6016 0.0100507 0.0581504 0.223688
0.148219 0.657786 9.9982E-05 9.9982E-05 0.193794
0.0137359 0.432031 0.0104435 9.9991E-05 0.543689
9.9991E-05 0.68983 0.0038886 0.0491753 0.257006
0.105402 0.550687 9.9991E-05 0.00486028 0.33895
9.9982E-05 0.641129 0.109832 9.9982E-05 0.24884
0.110805 0.692032 0.0545024 0.00291906 0.139741
9.9982E-05 0.37154 0.167571 9.9982E-05 0.460689
9.9982E-05 0.488685 0.118436 9.9982E-05 0.392679
9.9982E-05 0.471118 0.239163 9.9982E-05 0.289518
0.120493 0.652813 0.0529142 0.0595079 0.114272
0.00495721 0.528342 0.111238 9.9991E-05 0.355363
0.0478805 0.56919 0.106951 9.9991E-05 0.275879
0.150545 0.425022 9.9982E-05 0.424233 9.9982E-05
0.118604 0.423762 9.9991E-05 0.43945 0.0180838
0.103572 0.444735 9.9991E-05 0.443454 0.00813835
0.124796 0.252538 9.9991E-05 0.512186 0.11038
0.226677 0.527665 9.9991E-05 0.244744 0.000813856
0.054722 0.617839 9.9982E-05 9.9982E-05 0.327239
0.310349 0.0385357 9.9991E-05 0.637369 0.0136455
0.141131 0.328243 0.0567346 0.473791 9.9991E-05
0.11753 0.355974 0.0845467 0.223931 0.218018
0.168518 0.603585 0.108261 9.9991E-05 0.119536
0.215052 0.458549 0.0927497 0.0393655 0.194284
0.150145 0.67421 0.127721 0.032705 0.0152191
0.141189 0.627332 0.100537 9.9991E-05 0.130843
0.219765 0.330071 9.9982E-05 0.449965 9.9982E-05
0.139899 0.386319 0.117489 0.356193 9.9991E-05
0.0534655 0.367217 9.9982E-05 0.579117 9.9982E-05
0.145509 0.406041 9.9991E-05 0.383175 0.0651754
0.166174 0.300883 0.0373509 0.490091 0.00550049
0.124391 0.529946 0.0755189 0.270044 9.9991E-05
0.174771 0.246631 0.000206298 0.578292 9.9991E-05
0.164307 0.431083 0.0457752 0.358735 9.9991E-05
0.147345 0.598123 0.0392371 9.9991E-05 0.215195
0.115889 0.302455 0.182533 0.399023 9.9991E-05
0.157391 0.213758 9.9982E-05 0.628651 9.9982E-05
0.0420166 0.27798 0.0848363 0.469277 0.12589
0.202947 0.259665 0.201294 9.9991E-05 0.335994
9.9991E-05 0.572091 0.184385 0.136587 0.106836
0.136179 0.376677 0.154159 0.332884 9.9991E-05
0.156634 0.578936 0.0873858 0.0650965 0.111948
0.181584 0.55001 0.0736101 0.0183593 0.176436
0.195136 0.363648 0.0758851 0.246036 0.119295
0.200543 0.343197 9.9991E-05 0.315269 0.140891
0.100618 0.675818 0.0928136 0.118576 0.0121747
0.160913 0.445903 9.9991E-05 0.372711 0.0203733
0.0711062 0.37098 0.0230659 0.534747 9.9991E-05
0.217648 0.187233 9.9991E-05 0.586538 0.00848109
0.115967 0.608712 0.0818028 0.0327307 0.160788
0.132901 0.567007 0.121324 9.9991E-05 0.178668
0.211454 0.222728 9.9991E-05 0.0367078 0.52901
0.112043 0.537244 9.9991E-05 0.12947 0.221142
0.160214 0.284992 0.242821 0.0888894 0.223084
0.210657 0.502502 9.9991E-05 0.15612 0.130621
0.123963 0.425281 0.273276 0.0987148 0.0787647
0.349346 9.9982E-05 9.9982E-05 0.229715 0.420739
0.384516 9.9982E-05 9.9982E-05 0.131951 0.483334
0.186433 0.228422 9.9991E-05 0.171804 0.413242
0.370745 0.0505285 9.9991E-05 0.220444 0.358182
0.522246 9.9982E-05 9.9982E-05 0.228701 0.248852
0.149433 0.392244 9.9991E-05 0.141115 0.317108
0.259045 0.396324 0.101482 0.121944 0.121205
0.284444 0.126402 0.0581496 0.250507 0.280497
0.383819 0.0502404 9.9991E-05 0.167569 0.398272
0.181258 0.539811 9.9991E-05 0.112294 0.166537
0.247466 0.162288 0.00779044 0.156793 0.425664
0.499839 9.9982E-05 9.9982E-05 0.121928 0.378032
0.120402 0.488406 0.0802845 0.255357 0.0555495
0.287188 0.271542 0.0468919 0.22687 0.167508
0.339533 0.374898 0.0822562 0.1645 0.0388128
0.205062 0.590746 9.9982E-05 0.203991 9.9982E-05
0.157561 0.589271 9.9991E-05 0.180176 0.0728917
0.152725 0.56172 0.0410358 0.244419 9.9991E-05
0.363769 0.318488 0.0832044 0.234439 9.9991E-05
0.19831 0.59624 0.0149851 0.190365 9.9991E-05
0.242248 0.45556 0.0309075 0.271184 9.9991E-05
0.218625 0.389247 9.9991E-05 0.270451 0.121577
0.137633 0.374175 0.205626 0.125359 0.157206
0.120699 0.582111 0.0809511 0.148286 0.0679529
0.208191 0.475323 0.0504349 0.172156 0.093895
0.0810526 0.589557 0.0374236 0.152517 0.13945
0.333982 0.396113 0.0198737 0.249932 9.9991E-05
0.174172 0.534232 0.0584928 0.205732 0.0273714
0.434105 0.104354 9.9991E-05 0.245991 0.21545
0.160149 0.513315 0.0516431 0.255194 0.0196989
0.281303 0.148074 9.9991E-05 0.388195 0.182328
0.815397 9.9982E-05 0.123561 9.9982E-05 0.0608417
0.0307374 0.116374 0.852451 0.000337422 9.9991E-05
9.997E-05 9.997E-05 0.9996 9.997E-05 9.997E-05
0.00259283 9.9973E-05 0.997107 9.9973E-05 9.9973E-05
9.9982E-05 0.0224789 0.968384 0.0089368 9.9982E-05
9.9982E-05 0.0345403 0.934669 0.0305906 9.9982E-05
9.9973E-05 0.0658567 0.933843 9.9973E-05 9.9973E-05
0.0458363 9.9973E-05 0.953864 9.9973E-05 9.9973E-05
0.193407 9.9973E-05 0.806293 9.9973E-05 9.9973E-05
0.899874 0.0138272 0.0491879 0.037011 9.9991E-05
0.789211 0.0530059 0.157583 9.9982E-05 9.9982E-05
0.876759 0.0227839 9.9991E-05 0.067635 0.0327223
0.837278 0.0387177 0.123804 9.9982E-05 9.9982E-05
0.867297 0.0486996 0.0157251 0.0681786 9.9991E-05
0.901013 0.0258908 0.0728966 9.9982E-05 9.9982E-05
0.746419 0.0176331 0.0635211 0.172327 9.9991E-05
0.860706 0.0753617 9.9982E-05 0.0637324 9.9982E-05
0.706929 0.0559001 0.118025 0.0716985 0.047448
0.898917 0.045711 9.9982E-05 0.0551717 9.9982E-05
0.956845 9.9973E-05 0.0428555 9.9973E-05 9.9973E-05
0.831406 0.0451026 0.112705 0.0106865 9.9991E-05
0.971323 0.00876149 0.0149298 0.00488593 9.9991E-05
0.905745 0.0939549 9.9973E-05 9.9973E-05 9.9973E-05
0.876767 0.0741516 0.0154716 0.0335101 9.9991E-05
0.885456 0.107361 9.9982E-05 0.0069825 9.9982E-05
0.783023 0.0955347 9.9982E-05 0.121242 9.9982E-05
0.795029 0.128106 0.0173441 0.0594218 9.9991E-05
0.840101 0.152074 9.9982E-05 0.00762538 9.9982E-05
0.189309 0.494637 0.107445 9.9991E-05 0.208509
0.0599893 0.745112 0.0262161 9.9991E-05 0.168583
0.193609 0.585455 0.0277391 0.046683 0.146515
0.13235 0.188047 9.9991E-05 0.00463202 0.674872
0.129946 0.582345 0.150172 9.9991E-05 0.137436
0.200858 0.122578 9.9991E-05 0.071192 0.605272
0.161299 0.653457 9.9991E-05 0.0939289 0.0912157
0.126448 0.464632 0.166267 9.9991E-05 0.242552
0.115357 0.527258 0.166215 9.9991E-05 0.191071
0.0329077 0.638891 0.073216 9.9991E-05 0.254886
0.130026 0.503579 0.167507 9.9991E-05 0.198788
0.14687 0.677246 0.0380578 0.0107562 0.127071
0.0788469 0.612656 0.189182 0.0350332 0.0842823
9.9991E-05 0.0545074 0.428035 0.0483885 0.468969
0.108685 9.9982E-05 0.0705073 9.9982E-05 0.820608
0.0960376 0.149305 0.0630787 0.0614538 0.630125
0.136836 0.620609 0.0322255 0.145642 0.0646875
0.110622 0.610491 0.0435136 0.0043292 0.231044
0.18128 0.60479 0.0241498 9.9991E-05 0.18968
0.0855767 0.638632 9.9991E-05 0.0818329 0.193859
0.216101 0.486581 9.9991E-05 0.185935 0.111282
0.168797 0.585867 0.0619793 0.183257 9.9991E-05
0.395743 0.120924 0.181111 0.20142 0.100803
0.186392 0.707824 0.0889674 9.9991E-05 0.0167165
0.259941 0.450416 0.0931392 0.140717 0.0557867
0.463705 9.9982E-05 9.9982E-05 0.193762 0.342334
0.295626 0.298521 9.9991E-05 0.220758 0.184994
0.314245 0.362194 0.0187329 0.203361 0.101467
0.330883 0.475193 0.136481 0.0573427 9.9991E-05
0.120711 0.549022 0.170733 0.159434 9.9991E-05
0.241495 0.494025 0.00602772 0.194033 0.0644192
0.194365 0.601897 0.0490521 0.139183 0.0155035
0.216063 0.445561 9.9991E-05 0.142157 0.196118
0.466978 0.382833 9.9991E-05 0.145519 0.00457009
