0.916959 0.0266465 0.0343998 9.9991E-05 0.0218952
0.949056 9.9982E-05 9.9982E-05 0.0034052 0.0473389
0.825295 0.146053 0.0107181 9.9991E-05 0.0178335
0.80714 0.0583226 0.0540139 9.9991E-05 0.0804232
0.914994 0.0222161 0.0389944 0.00704746 0.0167477
0.656955 0.0796244 0.0531942 0.11594 0.0942863
0.882196 0.00709567 9.9991E-05 0.055234 0.0553744
0.737697 0.038052 0.0342138 0.0665961 0.123441
0.841795 9.9982E-05 9.9982E-05 0.0851736 0.0728313
0.728986 0.100321 0.0816339 0.0610341 0.0280255
0.769515 0.0660901 9.9991E-05 0.0293772 0.134917
9.999E-05 0.332145 0.0843935 0.108856 0.474505
0.0147646 0.494869 0.138947 0.0320173 0.319403
0.0423063 0.222563 0.102057 0.217363 0.415711
0.0697153 0.344925 0.193968 0.0420038 0.349388
0.152926 0.442841 0.133143 0.0427859 0.228304
0.0510738 0.534883 0.207546 0.0393187 0.167178
0.0215961 0.50606 0.0759066 0.157509 0.238929
0.178788 0.355602 0.0909556 0.0376384 0.337016
0.0142911 9.9991E-05 0.0653582 0.240056 0.680195
0.0545529 0.402423 0.155836 0.122887 0.2643
9.999E-05 0.539305 0.0682957 0.215004 0.177295
0.0495712 0.587504 0.0890568 0.0491173 0.224751
0.00811649 0.412421 0.117458 0.187623 0.274382
0.172621 0.683203 0.0600211 0.0422851 0.0418701
0.0459331 0.603276 0.114173 0.0461566 0.190461
0.0617142 0.31028 0.0746309 0.0842567 0.469118
9.9991E-05 0.232337 0.229192 0.098614 0.439757
9.9991E-05 0.320801 0.0189103 0.166247 0.493942
0.844461 0.0939338 0.0614052 9.9982E-05 9.9982E-05
0.835496 0.145715 0.0185885 9.9982E-05 9.9982E-05
0.80809 0.166241 0.0254699 9.9982E-05 9.9982E-05
0.742092 0.166902 0.0908057 9.9982E-05 9.9982E-05
0.0274274 0.70845 9.9991E-05 0.144522 0.119501
0.0553881 0.520302 0.182811 0.148701 0.0927985
0.0505921 0.79672 9.9982E-05 0.152488 9.9982E-05
0.100691 0.219136 9.9991E-05 0.128071 0.552003
0.0204404 0.534178 9.9991E-05 0.426287 0.0189946
0.11013 0.630991 0.0455697 0.0946465 0.118663
0.0101978 0.804583 0.097398 0.0765433 0.0112776
0.129141 0.750327 0.0128849 0.0936679 0.013979
0.133586 0.594782 0.0843568 0.0456354 0.14164
0.0142204 0.354687 9.9991E-05 0.379012 0.251981
0.0716091 0.681978 0.0474849 0.171101 0.0278271
0.0786735 0.689443 0.0489138 0.111839 0.0711311
0.143493 0.711868 0.0237299 0.0480398 0.07287
9.9973E-05 0.543044 9.9973E-05 0.456656 9.9973E-05
0.101735 0.705128 0.0680576 0.0967522 0.0283271
0.0903167 0.612789 0.126558 0.0777454 0.0925908
0.118189 0.0374914 9.9991E-05 0.786255 0.0579642
9.9991E-05 0.300034 0.00792951 0.225966 0.46597
0.056403 0.173617 0.0510499 0.512375 0.206555
0.0821862 0.594746 0.100508 0.0629131 0.159646
0.11829 0.602874 0.107432 0.171305 9.9991E-05
9.9991E-05 0.611749 0.180909 0.138643 0.0685998
0.111076 0.280033 9.9991E-05 0.368373 0.240418
0.00964074 0.607087 0.0398937 0.153867 0.189511
0.019932 0.647528 0.143794 9.9991E-05 0.188646
0.151107 0.482523 0.00385373 0.158782 0.203734
0.188108 0.148411 0.0761702 0.266167 0.321144
0.10919 0.654122 0.0444194 0.0732939 0.118975
0.0374452 0.475114 0.112514 0.0813779 0.293549
0.0478395 0.124629 9.9991E-05 0.264757 0.562675
9.9991E-05 0.494623 0.0554678 0.179481 0.270328
0.0764638 0.667748 0.0857253 0.130425 0.0396378
0.132194 0.55301 0.0657683 0.152499 0.0965286
0.0480542 0.380754 0.0541411 0.29253 0.22452
0.00616366 0.490386 0.138669 0.194147 0.170635
9.9991E-05 0.601149 0.125383 0.0923598 0.181008
0.00609043 0.33503 9.9991E-05 0.283143 0.375637
9.9982E-05 0.70324 9.9982E-05 0.188487 0.108072
9.9982E-05 0.482028 9.9982E-05 0.354319 0.163453
0.101732 0.566178 0.0781507 0.163382 0.0905571
9.9982E-05 0.204315 9.9982E-05 0.74176 0.0537253
9.9982E-05 0.209021 9.9982E-05 0.74604 0.0447393
9.9982E-05 0.520386 9.9982E-05 0.419737 0.0596776
0.00205946 0.590939 9.9991E-05 0.333972 0.0729297
0.102225 0.565544 0.102583 0.179483 0.0501635
0.054552 0.680627 0.00510996 0.193032 0.0666793
9.9982E-05 0.402946 9.9982E-05 0.293148 0.303706
0.00516087 0.409757 9.9991E-05 0.261832 0.323151
0.150288 0.625812 0.0156581 0.131755 0.0764871
0.0341887 0.471867 9.9991E-05 0.363297 0.130547
0.0809126 0.566658 9.9991E-05 0.232823 0.119506
9.9973E-05 0.577525 9.9973E-05 0.422176 9.9973E-05
9.9982E-05 0.203802 9.9982E-05 0.743537 0.0524609
9.9991E-05 0.725826 0.0725454 0.0830932 0.118435
0.832016 0.101362 0.00337006 9.9991E-05 0.0631526
0.914748 0.0849516 9.9973E-05 9.9973E-05 9.9973E-05
0.868732 0.0383953 0.0926729 9.9982E-05 9.9982E-05
0.943625 0.0538719 0.00230344 9.9982E-05 9.9982E-05
0.893434 0.0639271 0.0424392 9.9982E-05 9.9982E-05
0.910069 0.0169595 0.0412228 0.0249063 0.00684243
0.93005 0.0683211 0.00142931 9.9982E-05 9.9982E-05
0.135768 0.656497 0.0326466 0.154233 0.0208549
0.0526933 0.624439 0.134203 0.0532782 0.135386
9.9982E-05 0.239084 9.9982E-05 0.548805 0.211911
0.128933 0.655382 0.0323397 0.0861801 0.0971649
0.0504558 0.587182 9.9991E-05 0.239089 0.123173
0.115157 0.736459 0.00253308 0.119848 0.0260028
0.070659 0.700536 0.00408741 0.224617 9.9991E-05
0.00469656 0.6929 0.0871962 0.215107 9.9991E-05
0.018005 0.137343 9.9991E-05 0.511425 0.333127
0.144149 0.624959 0.0729392 0.0837706 0.0741827
0.123593 0.828589 0.0279349 0.00241784 0.0174652
0.0685794 0.65342 0.138356 0.0175867 0.122057
0.0254856 0.485629 9.9982E-05 0.488685 9.9982E-05
0.0359136 0.655716 0.0107753 0.297495 9.9991E-05
9.9982E-05 0.674643 9.9982E-05 0.17783 0.147327
9.9991E-05 0.504011 0.0513458 0.405017 0.0395264
0.073556 0.597937 9.9991E-05 0.218841 0.109567
0.109349 0.666122 9.9991E-05 0.028261 0.196168
0.109917 0.282246 9.9991E-05 0.361758 0.245979
0.133867 0.385659 0.0770109 0.0684108 0.335052
0.102302 0.551924 0.102408 0.0190497 0.224316
0.0871954 0.701261 0.0683954 0.0189274 0.124221
0.0433292 0.549117 0.00398024 0.0602904 0.343283
9.9991E-05 0.59804 0.128849 0.0289137 0.244097
0.00668893 0.477688 0.0789152 0.0676201 0.369088
0.149008 0.451791 9.9991E-05 0.142359 0.256742
0.175862 0.581401 0.0756583 0.118479 0.0486009
0.0603903 0.572491 0.0848584 0.0590774 0.223183
9.9982E-05 0.61778 9.9982E-05 0.000681054 0.381339
0.00696637 0.637289 0.166891 0.0364344 0.15242
0.0704563 0.67236 0.0771455 0.0658599 0.114178
9.9991E-05 0.581119 0.125001 0.0263752 0.267405
0.102703 0.584872 0.148895 0.0693997 0.0941313
0.0581749 0.572838 0.0836966 0.0998731 0.185417
0.0680614 0.403017 0.0893079 0.185715 0.253898
0.0323608 0.707252 0.0888315 9.9991E-05 0.171456
0.0144982 0.650613 0.124743 0.0750556 0.135091
9.9991E-05 0.291948 0.0724834 0.243839 0.39163
9.9991E-05 0.158119 0.0941066 0.43619 0.311484
0.0311911 0.63801 0.0540219 0.046828 0.22995
9.9991E-05 0.0914958 0.0928129 0.536792 0.2788
0.0231525 0.322988 0.0511562 0.169277 0.433426
0.0135874 0.47598 9.9991E-05 0.151219 0.359114
0.0230136 0.444078 9.9991E-05 0.088249 0.444559
9.9991E-05 0.32613 0.0271075 0.139201 0.507461
0.0594112 0.646719 0.123049 0.0483473 0.122474
0.0414804 0.595352 0.140367 0.0697807 0.15302
9.9991E-05 0.595597 0.0774073 0.0425053 0.284391
0.0137338 0.167616 0.0903982 0.384839 0.343413
0.238823 0.648076 9.9991E-05 0.0684967 0.0445043
0.111445 0.503698 0.110705 0.274051 9.9991E-05
0.187428 0.075044 9.9991E-05 0.635885 0.101543
0.13648 0.744537 0.0238388 0.095044 9.9991E-05
0.0974009 0.356576 0.0816872 0.43062 0.0337156
0.133216 0.465473 0.12386 0.238837 0.0386145
0.110747 0.340024 0.023393 0.432572 0.0932646
0.0750615 0.313942 9.9991E-05 0.454095 0.156802
0.0373969 0.512053 0.0339514 0.273985 0.142614
0.0844502 0.555892 0.119107 0.0288031 0.211747
0.126789 0.357707 0.14127 0.19039 0.183845
0.0695759 0.0615935 0.177419 0.531312 0.1601
0.041328 0.590939 0.102287 0.205194 0.0602521
9.9982E-05 0.469201 9.9982E-05 0.413586 0.117014
9.9991E-05 0.533217 0.0348784 0.288559 0.143246
0.126449 0.608052 0.0736419 0.116816 0.0750408
0.331092 0.058256 0.359171 0.189693 0.0617881
0.614216 9.9982E-05 0.139215 0.246369 9.9982E-05
0.506053 9.9982E-05 0.150212 0.343535 9.9982E-05
0.431979 0.0384255 0.370627 0.102673 0.0562954
9.9991E-05 0.727469 0.0564913 0.206615 0.00932427
0.0748122 0.601536 0.0842149 0.194132 0.045305
9.9982E-05 0.215282 0.708864 9.9982E-05 0.075654
0.0212117 0.232697 0.513533 9.9991E-05 0.232458
0.133739 0.318717 0.442016 0.0656487 0.0398795
0.0335174 0.386905 0.0471585 0.532319 9.9991E-05
0.0802262 0.468391 0.127638 0.182237 0.141508
0.0512442 0.249916 0.0399059 0.658834 9.9991E-05
0.0342299 0.63176 0.116065 0.191121 0.0268244
0.00818873 0.462428 0.0979669 0.431317 9.9991E-05
0.0629129 0.603626 0.0849821 0.241772 0.00670656
0.00990762 0.252769 0.036478 0.58816 0.112685
0.0242254 0.645214 0.174863 0.155598 9.9991E-05
0.140903 0.660367 0.0548279 0.143802 9.9991E-05
9.9982E-05 9.9982E-05 0.97473 0.0240179 0.00105188
9.9982E-05 0.0774483 0.91964 9.9982E-05 0.00271159
0.0517791 0.232675 0.629623 0.0224454 0.0634774
9.9982E-05 0.267903 0.718046 9.9982E-05 0.0138507
0.0161911 0.115934 0.81138 9.9991E-05 0.0563949
9.997E-05 9.997E-05 0.9996 9.997E-05 9.997E-05
9.9973E-05 9.9973E-05 0.989587 9.9973E-05 0.0101129
9.9973E-05 0.0707693 0.928931 9.9973E-05 9.9973E-05
9.9973E-05 9.9973E-05 0.937397 9.9973E-05 0.0623033
9.997E-05 9.997E-05 0.9996 9.997E-05 9.997E-05
9.997E-05 9.997E-05 0.9996 9.997E-05 9.997E-05
0.0624903 0.166445 0.769154 9.9991E-05 0.00181056
0.047157 0.15885 0.772976 9.9991E-05 0.0209167
9.9973E-05 9.9973E-05 0.982067 9.9973E-05 0.0176335
0.0431267 0.343855 0.434678 0.0140107 0.16433
0.00954645 0.291796 0.624042 9.9991E-05 0.0745157
9.9982E-05 0.108188 0.817022 9.9982E-05 0.0745894
0.00356482 0.0278743 0.94272 9.9991E-05 0.0257411
9.997E-05 9.997E-05 0.9996 9.997E-05 9.997E-05
0.0345823 0.00472214 0.953058 0.00753776 9.9991E-05
9.997E-05 9.997E-05 0.9996 9.997E-05 9.997E-05
0.0736379 0.21209 0.660639 0.0278967 0.0257366
9.9982E-05 9.9982E-05 0.941592 0.00164523 0.0565627
0.396733 9.9982E-05 0.0619379 0.541129 9.9982E-05
0.220837 0.401561 0.086839 0.156754 0.134008
0.261358 0.493879 0.0549183 0.189746 9.9991E-05
0.275024 0.223146 0.108733 0.392996 9.9991E-05
0.149697 0.36821 0.229696 0.226157 0.0262399
0.32202 0.227257 0.0951949 0.355428 9.9991E-05
0.201145 0.429573 0.16429 0.132235 0.0727572
0.170597 0.292971 0.245348 0.290984 9.9991E-05
0.212438 0.506696 0.148248 0.132517 9.9991E-05
0.191335 0.355011 0.261431 0.192123 9.9991E-05
0.252339 0.627894 0.0469325 0.0627704 0.0100638
0.858322 0.0505968 9.9991E-05 0.0369478 0.0540335
0.960135 9.9973E-05 0.0395648 9.9973E-05 9.9973E-05
0.949278 9.9973E-05 9.9973E-05 0.0504217 9.9973E-05
0.949071 0.0142491 9.9982E-05 9.9982E-05 0.0364796
0.901073 9.9982E-05 0.0545724 9.9982E-05 0.0441545
0.89424 9.9982E-05 0.0975419 0.00801766 9.9982E-05
0.887321 9.9982E-05 0.0801374 9.9982E-05 0.0323421
0.902496 9.9982E-05 0.00676401 0.0905402 9.9982E-05
0.909762 0.0801501 9.9982E-05 9.9982E-05 0.009888
0.855555 0.0203726 0.0857071 9.9991E-05 0.0382655
0.625482 9.9982E-05 9.9982E-05 0.08366 0.290658
0.608202 9.9982E-05 9.9982E-05 0.02603 0.365568
0.544004 9.9982E-05 9.9982E-05 0.153678 0.302117
0.512903 9.9982E-05 9.9982E-05 0.174276 0.312621
0.0395022 0.665838 0.0153809 0.152362 0.126917
0.0152148 0.621395 0.0277975 0.107409 0.228184
0.0735442 0.581087 0.0727537 0.0752994 0.197316
9.9991E-05 0.52775 0.0155447 0.225014 0.231591
9.9991E-05 0.173325 0.0498299 0.13179 0.644955
0.0353865 0.689599 0.0810606 0.175979 0.0179746
9.9991E-05 0.651541 0.0606581 0.215271 0.0724303
9.9991E-05 0.590287 0.0518511 0.324533 0.0332294
9.9991E-05 0.470784 0.0538107 0.406543 0.0687626
0.0423004 0.673702 0.0760616 0.108822 0.0991143
9.9982E-05 0.560219 9.9982E-05 0.236354 0.203227
9.9982E-05 0.0730302 9.9982E-05 0.807427 0.119342
0.0902843 0.551672 0.0219387 0.151776 0.184329
0.0182575 0.453546 9.9982E-05 0.527996 9.9982E-05
0.0203005 0.671745 0.051455 0.2564 9.9991E-05
0.0231482 0.282011 9.9991E-05 0.426614 0.268127
0.120992 9.9982E-05 9.9982E-05 0.115083 0.763725
0.131297 0.0342973 9.9991E-05 0.0852419 0.749064
0.0299158 9.9982E-05 9.9982E-05 0.136708 0.833176
0.132689 9.9982E-05 9.9982E-05 0.0919451 0.775166
0.0369608 0.0116179 0.0100741 0.114003 0.827344
0.0427697 0.043529 0.0817314 0.0644085 0.767561
0.893305 0.0624472 0.0440478 9.9982E-05 9.9982E-05
0.816475 0.0450866 0.0752148 9.9991E-05 0.0631237
0.789769 0.0666713 0.14336 9.9982E-05 9.9982E-05
0.772182 0.0148697 0.125725 9.9991E-05 0.0871233
0.844126 0.0722953 0.0693696 9.9991E-05 0.0141093
0.412613 9.9982E-05 9.9982E-05 0.0525365 0.534651
0.44932 9.9982E-05 9.9982E-05 0.113774 0.436707
0.433748 9.9982E-05 9.9982E-05 0.0781774 0.487875
0.800638 0.102367 0.0556516 9.9991E-05 0.0412432
0.375794 9.9982E-05 9.9982E-05 0.149913 0.474092
0.234709 0.275964 0.384886 0.10434 9.9991E-05
0.137331 0.508651 0.25329 9.9991E-05 0.100629
0.169448 0.490341 0.340011 9.9982E-05 9.9982E-05
0.318728 0.359564 0.262587 0.0524809 0.00663967
0.176393 0.555168 0.161574 0.0828465 0.0240179
0.499142 9.9982E-05 0.325701 0.174957 9.9982E-05
0.0556176 0.55967 9.9991E-05 0.103147 0.281465
0.0211192 0.358861 0.0553702 0.386858 0.177792
0.0585403 0.280513 0.0587955 0.0424725 0.559679
9.9982E-05 0.539816 9.9982E-05 0.332061 0.127923
9.9973E-05 9.9973E-05 9.9973E-05 0.795544 0.204156
0.105228 0.589904 0.064751 0.00808858 0.232029
0.0396185 0.538069 0.0563701 0.210272 0.155671
0.0471322 0.410444 9.9991E-05 0.125518 0.416806
0.0667144 0.589061 0.0515388 9.9991E-05 0.292585
0.0044605 0.183864 0.0127769 0.579189 0.219709
9.9991E-05 0.505558 0.0372597 0.215245 0.241837
9.9991E-05 0.590338 0.0292239 0.0949394 0.285399
0.109552 0.425884 0.20142 0.184642 0.0785021
9.9991E-05 0.375741 0.0785025 0.29565 0.250007
0.00917182 0.485476 0.0376061 0.195887 0.27186
9.9991E-05 0.591771 0.0958717 0.27148 0.0407767
9.9991E-05 0.651408 0.0181753 0.0780397 0.252277
9.9991E-05 0.594919 0.144146 0.123351 0.137485
0.0749469 0.495134 0.19054 0.0758441 0.163535
0.139651 0.684494 9.9991E-05 0.0183258 0.15743
0.80131 0.119313 0.079177 9.9982E-05 9.9982E-05
0.864371 0.0701868 0.0652426 9.9982E-05 9.9982E-05
0.810466 0.105383 9.9991E-05 0.0665705 0.0174802
0.814364 0.0643867 0.0255286 0.0497649 0.0459554
0.85156 0.0876746 0.0605656 9.9982E-05 9.9982E-05
9.9991E-05 0.161601 0.0848122 0.112231 0.641255
0.0596577 0.586997 0.10317 0.196241 0.0539345
0.168533 0.390733 0.314809 0.125825 9.9991E-05
9.9991E-05 0.619143 0.14585 0.00354822 0.231359
0.00210946 0.566342 0.0569922 0.117731 0.256825
9.9991E-05 0.227275 0.148674 0.299272 0.324679
0.145975 0.0623387 9.9991E-05 0.218513 0.573073
0.0373964 0.474735 0.086077 0.0491457 0.352646
0.0650463 0.172116 0.0857913 0.1739 0.503146
0.0564266 0.514594 0.0722945 0.199861 0.156823
0.141996 0.141521 0.0101769 0.179604 0.526701
0.108259 0.712491 0.0104581 0.0117577 0.157034
0.0636389 0.247268 9.9991E-05 0.181992 0.507001
9.9991E-05 0.41372 0.0729331 0.222167 0.29108
0.0591649 0.533805 0.07725 0.185246 0.144534
0.0747784 0.361686 0.00294811 0.483643 0.0769445
0.167308 0.50861 0.0537528 0.27023 9.9991E-05
0.109557 0.496549 0.139416 0.254378 9.9991E-05
0.0090478 0.439394 9.9991E-05 0.480736 0.0707216
0.0474612 0.526159 0.119772 0.204176 0.102431
0.0805989 0.622229 0.0493011 0.217853 0.0300177
9.9982E-05 0.204515 9.9982E-05 0.662664 0.132621
0.0302738 0.339691 9.9982E-05 0.629836 9.9982E-05
0.0396843 0.565402 0.0371085 0.347312 0.0104931
0.0377663 0.265727 9.9991E-05 0.603586 0.092821
9.9982E-05 0.53681 9.9982E-05 0.343398 0.119592
9.9991E-05 0.168922 0.0409361 0.185464 0.604578
9.9991E-05 0.265149 0.0639994 0.402819 0.267933
0.0311404 0.374572 0.121789 9.9991E-05 0.472398
0.00136579 0.560908 0.150544 0.0367945 0.250388
9.9991E-05 0.286609 0.0428626 0.150242 0.520186
0.103505 0.533796 0.102168 0.216234 0.0442964
0.0269902 0.67962 0.0868245 0.0585084 0.148057
9.9991E-05 0.492949 0.184781 0.0867641 0.235406
0.0361824 0.490846 0.133502 0.0249397 0.31453
0.0331862 0.474316 0.124669 0.0737027 0.294126
9.9991E-05 0.230342 0.100572 0.0798963 0.58909
9.9991E-05 0.364485 0.106082 0.0952922 0.43404
0.0234293 0.54061 0.113942 0.105291 0.216728
0.0899214 0.624941 0.0438177 0.161913 0.0794065
0.0545662 0.430533 0.0748348 0.168911 0.271155
9.9991E-05 0.464393 0.154844 0.151182 0.229482
0.130008 0.392213 0.0716069 9.9991E-05 0.406072
0.0343891 0.616031 0.129821 9.9991E-05 0.219659
9.9991E-05 0.441622 0.168544 0.115148 0.274586
0.0915645 0.498866 0.171243 0.0410398 0.197287
0.386647 0.417597 0.172409 0.0232468 9.9991E-05
0.174362 0.509448 0.290231 0.0258588 9.9991E-05
0.0867246 0.514381 0.207786 0.0584899 0.132619
0.112523 0.585019 0.179542 0.0851471 0.0377695
0.212657 0.418708 0.281735 0.0636126 0.0232877
9.9991E-05 0.430983 0.101271 0.268729 0.198917
0.151391 0.464431 0.259641 9.9991E-05 0.124438
0.286684 0.0222415 0.173709 0.478268 0.0390978
0.113966 0.515478 0.228554 9.9991E-05 0.141902
0.0990746 0.5074 0.209402 0.0342075 0.149916
0.0985093 0.489664 0.265718 0.0841718 0.061937
0.170448 0.245854 0.204853 0.239945 0.1389
0.228113 0.537064 0.197647 9.9991E-05 0.0370752
0.175403 0.524071 0.251464 0.0489627 9.9991E-05
0.52202 9.9982E-05 0.184469 0.293311 9.9982E-05
0.153119 0.378936 0.392531 0.0645278 0.0108859
0.187887 0.528228 0.276687 0.0070978 9.9991E-05
0.141779 0.584265 0.207037 9.9991E-05 0.0668202
0.181129 0.504875 0.313796 9.9982E-05 9.9982E-05
0.127083 0.481675 0.188845 0.142996 0.0594009
0.0389493 0.441276 0.0613969 0.380264 0.078114
0.0894781 0.533667 0.114847 0.258061 0.00394736
9.9991E-05 0.0496614 0.0161271 0.827248 0.106863
0.0181951 0.0473707 0.00261495 0.833581 0.0982383
0.0585352 0.583109 0.0659901 0.281012 0.011353
0.13634 0.438411 0.378282 0.0468667 9.9991E-05
0.0840283 0.235466 0.452308 0.228097 9.9991E-05
0.189505 0.128 0.373203 0.309192 9.9991E-05
0.232237 0.25577 0.353321 0.158572 9.9991E-05
0.0927723 0.064248 0.154292 0.688588 9.9991E-05
0.169105 0.138391 0.153518 0.538886 9.9991E-05
9.9982E-05 0.498127 0.229885 0.271787 9.9982E-05
0.0677414 0.475257 0.156422 0.300479 9.9991E-05
0.0571856 0.16676 0.235954 0.528592 0.0115086
0.052854 0.477277 0.190465 0.118832 0.160572
0.0590365 0.517238 0.184299 0.165812 0.0736152
0.111924 0.454903 0.168711 0.134455 0.130007
0.0250195 0.386693 0.0219434 0.459524 0.10682
9.9991E-05 0.430751 0.0498714 0.484946 0.0343316
0.0854518 0.592029 9.9991E-05 0.266758 0.0556612
0.0749121 0.424458 0.0417057 0.323207 0.135717
0.000928411 0.357371 0.319031 0.286689 0.0359812
9.9991E-05 0.486964 0.0279803 0.441349 0.0436067
9.9991E-05 0.238654 0.0511629 0.677843 0.0322405
0.0460661 0.603473 0.103468 0.246893 9.9991E-05
9.9991E-05 0.237936 0.0364044 0.64551 0.0800493
0.0219701 0.465492 0.0423254 0.395495 0.0747181
0.0871482 0.551047 0.0888688 0.230664 0.0422727
0.0169374 0.585512 0.0344053 0.284386 0.0787589
0.223137 0.396619 0.2398 0.140345 9.9991E-05
0.109685 0.358148 0.234805 0.103562 0.193801
0.206871 0.333464 0.282147 0.135987 0.0415301
0.190461 0.262555 0.251824 0.145116 0.150044
0.172759 0.384844 0.231186 0.0331947 0.178017
0.224636 0.486344 0.177858 0.111062 9.9991E-05
0.204316 9.9991E-05 0.215068 0.557986 0.0225292
0.0613606 0.583653 0.278097 0.0767892 9.9991E-05
0.436658 9.9982E-05 0.154233 0.408909 9.9982E-05
0.0643678 0.474914 0.310325 0.150293 9.9991E-05
9.9973E-05 0.236186 9.9973E-05 0.763514 9.9973E-05
9.9991E-05 0.0232557 0.0178448 0.895634 0.0631654
9.9991E-05 0.591235 0.0291575 0.35772 0.0217872
9.9991E-05 0.628593 0.114239 0.169772 0.0872958
9.9982E-05 0.482858 9.9982E-05 0.472875 0.0440672
0.0313432 0.599168 0.0565636 0.310001 0.00292428
9.9991E-05 0.612335 0.0513379 0.316527 0.0197003
0.809426 0.0855139 0.0200954 0.0454034 0.039561
0.727302 9.9991E-05 0.124989 0.00341027 0.144199
0.891484 9.9982E-05 0.0728275 9.9982E-05 0.035488
0.961077 0.0386231 9.9973E-05 9.9973E-05 9.9973E-05
0.0463445 0.632167 9.9991E-05 0.22458 0.096808
0.0408889 0.604688 0.0898882 0.215986 0.0485489
0.041445 0.750261 9.9991E-05 0.165499 0.0426947
0.108242 0.747897 9.9991E-05 0.123331 0.0204305
0.12679 0.57104 0.0574239 0.106544 0.138202
0.0265863 0.402493 9.9991E-05 0.422619 0.148201
9.9991E-05 0.761627 0.0394212 0.174174 0.0246779
0.00943703 0.505069 9.9991E-05 0.46854 0.0168549
0.249773 0.39779 0.268851 0.0495789 0.0340067
9.9991E-05 0.591802 0.0713338 0.314176 0.0225878
9.9982E-05 0.533773 9.9982E-05 0.33775 0.128278
9.9991E-05 0.652752 0.0727952 0.235233 0.0391196
0.0427057 0.597948 9.9991E-05 0.290711 0.0685353
0.0114859 0.719678 9.9982E-05 0.268636 9.9982E-05
0.0987708 0.649052 0.0817533 0.138064 0.0323597
9.9973E-05 0.31794 9.9973E-05 0.68176 9.9973E-05
0.0267415 0.404947 9.9991E-05 0.507752 0.0604601
0.0277511 0.448813 9.9991E-05 0.471966 0.0513699
9.9973E-05 0.103755 9.9973E-05 0.895945 9.9973E-05
0.00809984 0.581736 0.0269163 0.185323 0.197925
0.00232981 0.296043 9.9991E-05 0.641456 0.0600712
9.9982E-05 0.096974 9.9982E-05 0.864341 0.0384848
0.107817 0.680324 9.9991E-05 0.187556 0.0242036
9.9982E-05 0.392592 9.9982E-05 0.407505 0.199703
9.9982E-05 0.647127 9.9982E-05 0.197401 0.155272
0.183365 0.709201 9.9991E-05 0.0944285 0.0129057
9.9982E-05 0.717055 9.9982E-05 0.158004 0.124741
9.9991E-05 0.333986 0.0889621 0.295712 0.28124
9.9982E-05 0.643723 9.9982E-05 0.270623 0.0854544
0.0680858 0.666706 0.0174474 0.112611 0.13515
9.9982E-05 0.54075 9.9982E-05 0.43834 0.0207092
0.119034 0.650584 9.9991E-05 0.189942 0.0403398
0.675536 0.0221034 9.9991E-05 0.082373 0.219888
0.773703 0.125019 9.9991E-05 0.0183233 0.0828543
0.823259 9.9982E-05 9.9982E-05 0.0164391 0.160102
0.776943 9.9982E-05 9.9982E-05 0.0725649 0.150292
0.725831 0.0410542 9.9982E-05 9.9982E-05 0.232915
0.0210041 0.406503 9.9991E-05 0.379446 0.192947
0.012927 0.299388 9.9991E-05 0.48708 0.200505
9.9973E-05 0.363637 9.9973E-05 0.636063 9.9973E-05
0.110712 0.704395 0.0665586 0.0645481 0.0537868
0.116242 0.6434 0.0974794 0.0295326 0.113346
0.0419827 0.512204 0.00427476 0.438539 0.00299931
9.9982E-05 0.684558 0.114304 0.200938 9.9982E-05
0.0738899 0.586704 0.0452234 0.294083 9.99948E-05
0.0586618 0.642467 0.0233515 0.154244 0.121276
0.0454784 0.772666 0.0662043 0.115552 9.9991E-05
9.9991E-05 0.411535 0.00222435 0.407409 0.178732
9.9982E-05 0.596638 9.9982E-05 0.337926 0.0652357
9.9982E-05 0.529582 9.9982E-05 0.269934 0.200284
0.158881 0.629618 0.00521624 0.165948 0.0403366
0.0285142 0.635185 9.9991E-05 0.211095 0.125106
0.0258483 0.606458 9.9991E-05 0.261065 0.106528
0.131359 0.485159 0.381097 9.9991E-05 0.00228553
0.115158 0.389244 0.478314 0.0171841 9.9991E-05
0.0923684 0.395408 0.488799 0.0233246 9.9991E-05
0.127478 0.296393 0.479763 0.0962653 9.9991E-05
0.230697 0.359691 0.372038 0.025975 0.011599
0.0756017 0.664708 9.9982E-05 0.25949 9.9982E-05
0.245891 0.00645462 0.669244 0.0783098 9.9991E-05
0.182282 0.290918 0.519972 0.0067283 9.9991E-05
0.21752 0.473256 0.110826 0.198298 9.9991E-05
0.244763 0.636114 9.9991E-05 0.0474134 0.0716095
0.136424 0.449354 0.107947 0.228528 0.0777467
0.138965 0.755333 0.0140552 0.0306403 0.0610057
0.0810661 0.741065 9.9991E-05 0.103926 0.0738427
0.213322 0.332241 0.454237 9.9982E-05 9.9982E-05
0.150125 0.328849 0.450685 0.0292299 0.041111
0.0346778 0.459322 0.5058 9.9982E-05 9.9982E-05
0.0673396 0.340235 0.387062 0.138238 0.0671254
0.110536 0.294508 0.589328 0.00552795 9.9991E-05
0.18072 0.439274 0.301849 0.078057 9.9991E-05
0.0966829 0.224912 0.589567 0.0887379 9.9991E-05
0.107583 0.402226 0.467831 9.9991E-05 0.0222591
0.0904656 0.558656 0.0648926 0.247065 0.0389209
0.120185 0.380288 0.393861 0.026651 0.0790148
0.149623 0.136198 0.713979 9.9982E-05 9.9982E-05
0.166824 0.302436 0.34564 0.115509 0.0695909
0.209955 0.284581 9.9991E-05 0.335493 0.169871
9.9991E-05 0.556445 0.163605 0.137695 0.142155
0.138652 0.339484 0.346274 0.0184685 0.157121
0.152225 0.534981 0.080797 0.0645121 0.167484
0.23896 0.568869 0.0461259 0.103568 0.0424768
0.126031 0.323088 0.386975 0.139216 0.024691
0.2151 0.283317 0.372333 0.12915 9.9991E-05
0.0928395 0.560023 0.139774 0.116306 0.0910575
0.108218 0.26906 0.463975 0.147814 0.0109338
0.0703302 0.329437 0.563293 0.0368393 9.9991E-05
0.212547 0.0711911 0.708169 0.00799333 9.9991E-05
0.0975374 0.681867 0.051706 0.147368 0.0215216
0.159703 0.576984 9.9991E-05 0.150078 0.113136
0.199545 0.206629 0.0645312 0.529195 9.9991E-05
0.144609 0.549753 0.165428 0.0785828 0.0616275
0.0931053 0.402998 0.112785 0.149677 0.241436
0.246757 0.503743 0.142292 0.107107 9.9991E-05
0.0469228 0.391094 0.193854 0.148411 0.219719
0.34569 9.9982E-05 0.234446 0.419664 9.9982E-05
0.379721 9.9982E-05 0.13887 0.48121 9.9982E-05
0.182669 0.189252 0.216729 0.371813 0.0395369
0.409493 9.9982E-05 0.216229 0.374079 9.9982E-05
0.49719 9.9982E-05 0.22491 0.2777 9.9982E-05
0.134175 0.347315 0.228698 0.289713 9.9991E-05
0.279298 0.397284 0.18708 0.136238 9.9991E-05
0.270817 0.192406 0.211753 0.324925 9.9991E-05
0.314311 0.00842975 0.261127 0.416032 9.9991E-05
0.154514 0.477051 0.18628 0.182055 9.9991E-05
0.233402 0.174059 0.160831 0.431607 9.9991E-05
0.52342 9.9982E-05 0.104288 0.372092 9.9982E-05
0.058778 0.4131 0.268422 0.128869 0.130832
0.181125 0.301078 0.280587 0.237111 9.9991E-05
0.287572 0.467293 0.231409 9.9991E-05 0.0136261
0.153108 0.510713 0.335979 9.9982E-05 9.9982E-05
0.181075 0.571106 0.216116 0.0316026 9.9991E-05
0.145969 0.508371 0.326747 0.018812 9.9991E-05
0.374532 0.360368 0.240404 9.9991E-05 0.0245963
0.229087 0.578163 0.19255 9.9982E-05 9.9982E-05
0.223409 0.427415 0.348977 9.9982E-05 9.9982E-05
0.344659 0.293171 0.251853 0.0962097 0.0141076
0.134954 0.315612 0.152783 0.264151 0.132499
0.116064 0.55266 0.118776 0.117103 0.0953959
0.0844063 0.552194 0.2011 0.0909084 0.0713913
0.0599962 0.54803 0.184788 0.163555 0.0436314
0.334032 0.317069 0.340378 9.9991E-05 0.00842078
0.175849 0.424534 0.260845 0.107395 0.0313766
0.3964 0.101571 0.288153 0.213776 9.9991E-05
0.18743 0.509924 0.254151 0.0037272 0.0447667
0.270411 0.187386 0.376735 0.165368 9.9991E-05
0.792827 9.9991E-05 0.0256485 0.0371293 0.144296
0.0958649 0.089604 9.9991E-05 0.0293879 0.785043
9.997E-05 9.997E-05 9.997E-05 9.997E-05 0.9996
0.00252621 9.9973E-05 9.9973E-05 9.9973E-05 0.997174
9.9982E-05 0.0451112 0.00244152 9.9982E-05 0.952247
9.9973E-05 9.9973E-05 0.0407955 9.9973E-05 0.958905
9.9973E-05 0.0171194 9.9973E-05 9.9973E-05 0.982581
0.0725619 9.9973E-05 9.9973E-05 9.9973E-05 0.927138
0.165889 9.9973E-05 9.9973E-05 9.9973E-05 0.833811
0.888846 9.9982E-05 0.0545478 9.9982E-05 0.056406
0.849624 0.0352578 9.9991E-05 0.00706007 0.107958
0.87865 9.9982E-05 0.0638006 9.9982E-05 0.0573496
0.833266 0.030459 9.9982E-05 9.9982E-05 0.136075
0.898469 0.0354314 0.0658996 9.9982E-05 9.9982E-05
0.90662 9.9973E-05 9.9973E-05 9.9973E-05 0.0930799
0.707545 0.0305818 0.163762 9.9991E-05 0.0980113
0.868035 0.060849 0.0709162 9.9982E-05 9.9982E-05
0.723714 0.0618214 0.0661006 0.0240553 0.124308
0.92654 9.9982E-05 0.072887 0.000373317 9.9982E-05
0.978994 9.9973E-05 9.9973E-05 9.9973E-05 0.0207059
0.850306 0.0214523 0.0505859 0.0214999 0.0561554
0.911696 9.9982E-05 0.0107784 9.9982E-05 0.0773257
0.904368 0.0730539 0.0223785 9.9982E-05 9.9982E-05
0.878766 0.120934 9.9973E-05 9.9973E-05 9.9973E-05
0.844872 0.118055 0.0368728 9.9982E-05 9.9982E-05
0.762704 0.0602261 0.17687 9.9982E-05 9.9982E-05
0.779798 0.0952925 0.12471 9.9982E-05 9.9982E-05
0.81409 0.127226 0.058484 9.9982E-05 9.9982E-05
0.156798 0.463383 0.0383232 0.251339 0.0901572
0.130807 0.809646 9.9982E-05 0.0593468 9.9982E-05
0.161014 0.619423 0.0720165 0.0917382 0.0558079
0.12027 0.136567 0.0634513 0.656839 0.0228726
0.197578 0.61372 0.0235084 0.0532922 0.111902
0.24245 0.171756 0.0267246 0.55897 9.9991E-05
0.134096 0.711232 0.0216603 0.0780331 0.0549792
0.101744 0.573646 9.9991E-05 0.199842 0.124667
0.140956 0.628628 9.9991E-05 0.130078 0.100238
0.0697663 0.702553 0.0105689 0.150086 0.0670257
0.154232 0.525169 9.9991E-05 0.0940265 0.226473
0.112357 0.734046 9.9991E-05 0.060159 0.093337
0.103046 0.6092 0.0395527 0.0613196 0.186882
9.9991E-05 0.127506 0.0746979 0.400763 0.396934
0.117536 9.9991E-05 0.0142649 0.786749 0.0813493
0.126776 0.194493 0.0424699 0.564254 0.0720081
0.126291 0.720221 0.0313219 9.9991E-05 0.122066
0.119057 0.577094 0.0422893 0.217612 0.043948
0.215375 0.588944 0.00195782 0.193622 9.9991E-05
0.101808 0.551168 0.155873 0.19105 9.9991E-05
0.18776 0.615299 0.185823 9.9991E-05 0.0110184
0.189276 0.59517 0.173383 9.9991E-05 0.0420711
0.384337 0.17083 0.17054 0.144251 0.130041
0.152961 0.683245 0.0630312 0.038757 0.0620055
0.219041 0.458098 0.150734 0.105646 0.0664809
0.459019 9.9982E-05 0.171197 0.369583 9.9982E-05
0.283682 0.313527 0.255327 0.147364 9.9991E-05
0.33442 0.312804 0.21695 0.0565878 0.079238
0.372279 0.520152 0.0559588 9.9991E-05 0.0515102
0.171345 0.47941 0.230575 0.0524294 0.0662408
0.268006 0.508065 0.204188 0.0145232 0.00521755
0.176111 0.619786 0.161936 0.042067 9.9991E-05
0.111529 0.394397 0.240305 0.253669 9.9991E-05
0.475513 0.327738 0.170265 9.9991E-05 0.0263841
