9.9991E-05 0.902208 0.0976916
0.0101062 0.945057 0.0448372
0.022654 0.763856 0.21349
0.0101142 0.795393 0.194493
9.9991E-05 0.846479 0.153421
0.176416 0.692882 0.130702
0.0526309 0.89023 0.0571393
0.168564 0.790199 0.0412363
0.101712 0.898188 9.9991E-05
0.0764558 0.726034 0.19751
0.14793 0.784049 0.0680204
0.744776 0.110893 0.144331
0.630085 0.0765202 0.293395
0.699011 0.14627 0.154719
0.566818 0.138088 0.295095
0.458405 0.17614 0.365455
0.534205 0.0482063 0.417589
0.630328 9.9991E-05 0.369572
0.515595 0.205203 0.279202
0.775803 0.224097 9.9991E-05
0.701646 0.0122747 0.286079
0.695559 0.0266565 0.277784
0.640068 0.0166241 0.343308
0.652749 0.142141 0.20511
0.47068 0.026226 0.503094
0.592653 0.00935423 0.397993
0.712616 0.171819 0.115566
0.597863 0.132885 0.269252
0.780237 0.119547 0.100215
9.9991E-05 0.799868 0.200032
9.9991E-05 0.79617 0.20373
0.0472749 0.750318 0.202407
9.9991E-05 0.753844 0.246056
0.683332 9.9991E-05 0.316568
0.567141 0.027654 0.405205
0.674955 9.9991E-05 0.324945
0.721822 0.278078 9.9991E-05
0.798529 9.9991E-05 0.201371
0.654482 0.0385984 0.30692
0.562876 9.9991E-05 0.437024
0.584455 0.0412994 0.374245
0.590631 0.0869186 0.322451
0.895398 0.102789 0.00181272
0.533874 0.0340102 0.432116
0.612554 9.9991E-05 0.387346
0.507337 0.020894 0.471769
0.841006 9.9991E-05 0.158894
0.573206 9.9991E-05 0.426694
0.518187 0.0880697 0.393743
0.816966 0.182934 9.9991E-05
0.898713 0.0790897 0.0221971
0.825239 0.159782 0.0149795
0.530277 0.0541973 0.415525
0.499109 0.0538476 0.447044
0.543507 0.0298779 0.426615
0.705463 0.246197 0.0483404
0.652071 0.00214702 0.345782
0.492279 0.0660558 0.441665
0.604103 0.163526 0.232371
0.612655 0.34478 0.0425647
0.607965 0.0703727 0.321662
0.607013 0.146902 0.246085
0.773329 0.226571 9.9991E-05
0.685964 0.0167477 0.297288
0.587426 9.9991E-05 0.412474
0.51196 0.101678 0.386363
0.696897 0.112208 0.190895
0.643742 9.9991E-05 0.356158
0.554599 0.0532896 0.392112
0.816548 0.160517 0.0229345
0.742973 9.9991E-05 0.256927
0.894178 0.0390919 0.0667306
0.630743 0.0141899 0.355067
0.938819 0.0610807 9.9991E-05
0.983469 0.0164305 9.9991E-05
0.882435 9.9991E-05 0.117465
0.782082 0.00148094 0.216437
0.584053 0.0828478 0.333099
0.711253 9.9991E-05 0.288647
0.776527 0.0900707 0.133402
0.842108 0.0614681 0.0964244
0.546048 0.0555175 0.398435
0.801476 0.00245918 0.196065
0.730684 0.0119785 0.257337
0.798281 9.9991E-05 0.201619
0.920278 0.0796217 9.9991E-05
0.578776 9.9991E-05 0.421124
0.0137387 0.803983 0.182278
9.9991E-05 0.885649 0.114251
9.9991E-05 0.821386 0.178514
9.9991E-05 0.872972 0.126928
9.9991E-05 0.859139 0.140761
9.9991E-05 0.859981 0.13992
9.9991E-05 0.904494 0.0954063
0.586446 0.0598118 0.353743
0.495385 0.0654728 0.439142
0.901809 0.0980909 9.9991E-05
0.581504 0.0584771 0.360019
0.707484 0.0435204 0.248996
0.586356 9.9991E-05 0.413544
0.643953 9.9991E-05 0.355947
0.689766 9.9991E-05 0.310134
0.869363 0.130537 9.9991E-05
0.567954 0.081093 0.350953
0.625475 9.9991E-05 0.374425
0.564548 0.0131002 0.422352
0.753335 0.0512546 0.19541
0.718271 9.9991E-05 0.281629
0.724729 0.0180018 0.257269
0.761557 9.9991E-05 0.238343
0.746525 0.00450943 0.248965
0.570176 0.0731344 0.35669
0.758131 0.124508 0.11736
0.598222 0.183926 0.217852
0.551502 0.137621 0.310877
0.525141 0.0656105 0.409248
0.707731 0.0439263 0.248343
0.611742 9.9991E-05 0.388158
0.70363 0.0510355 0.245335
0.645041 0.0372579 0.317701
0.649443 0.0389896 0.311567
0.639819 0.0393319 0.320849
0.778793 9.9991E-05 0.221107
0.568565 0.0194039 0.412031
0.488808 0.0774975 0.433695
0.66155 9.9991E-05 0.33835
0.57739 0.0375601 0.38505
0.555158 0.0360378 0.408804
0.613515 0.161562 0.224923
0.537286 9.9991E-05 0.462614
0.567622 0.0400933 0.392285
0.717476 0.106868 0.175656
0.77206 0.141994 0.0859457
0.589157 9.9991E-05 0.410743
0.872484 0.111113 0.0164025
0.819804 0.144971 0.0352247
0.763943 0.065285 0.170772
0.785793 0.0887189 0.125488
0.777664 0.0995682 0.122768
0.564838 0.0232162 0.411946
0.6323 9.9991E-05 0.3676
0.631054 0.0781846 0.290761
0.836392 0.126054 0.0375546
0.528069 0.153714 0.318218
0.653033 0.0561088 0.290858
0.689514 0.310386 9.9991E-05
0.581342 0.030608 0.38805
0.695398 0.0844514 0.22015
0.592044 0.0490098 0.358947
0.698805 0.148189 0.153006
0.779954 0.199087 0.0209594
0.724621 0.0706229 0.204756
0.54476 0.128845 0.326395
0.540512 0.168388 0.2911
0.628885 0.237982 0.133132
0.595276 0.0455465 0.359177
0.87684 9.9991E-05 0.12306
0.765497 0.00479567 0.229707
0.598485 0.0716627 0.329852
0.251177 0.39825 0.350573
0.0733712 0.748553 0.178076
0.171745 0.678164 0.150091
0.119358 0.460499 0.420143
0.601185 9.9991E-05 0.398715
0.582257 0.0768176 0.340926
0.0620675 0.0437671 0.894165
0.313677 0.0660536 0.62027
0.264141 0.096386 0.639473
0.751215 0.0688643 0.179921
0.594528 0.0511034 0.354369
0.775307 0.0945731 0.13012
0.587923 9.9991E-05 0.411977
0.712243 0.0308708 0.256886
0.562342 9.9991E-05 0.437558
0.842169 0.0807993 0.0770317
0.54268 9.9991E-05 0.45722
0.610346 0.0533371 0.336317
9.9991E-05 0.0455639 0.954336
9.9991E-05 0.00380513 0.996095
0.116511 0.132387 0.751102
0.0221413 0.0239484 0.95391
0.00629881 0.0815114 0.91219
9.9991E-05 0.0579457 0.941954
9.9991E-05 0.0676907 0.932209
9.9991E-05 0.0024574 0.997443
9.9991E-05 0.0345425 0.965358
9.9991E-05 0.0353771 0.964523
9.9991E-05 0.0848906 0.915009
0.031223 0.095273 0.873504
9.9991E-05 0.136626 0.863274
9.9991E-05 0.0402726 0.959627
0.33467 0.111779 0.553551
0.11297 0.104517 0.782512
0.00130475 0.109505 0.88919
9.9991E-05 0.0885331 0.911367
9.9991E-05 0.0582176 0.941682
9.9991E-05 0.118418 0.881482
9.9991E-05 0.049306 0.950594
0.129793 0.0999661 0.770241
9.9991E-05 0.0652101 0.93469
0.442857 0.529152 0.0279909
0.483631 0.143285 0.373084
0.456256 0.238285 0.305459
0.42956 0.337403 0.233037
0.446552 0.15586 0.397588
0.437999 0.32764 0.234361
0.502117 0.153864 0.344019
0.426086 0.204996 0.368918
0.428912 0.148102 0.422985
0.315253 0.234337 0.45041
0.378787 0.22641 0.394802
0.0636343 0.873279 0.0630863
9.9991E-05 0.895605 0.104295
9.9991E-05 0.959386 0.0405138
9.9991E-05 0.935469 0.0644311
9.9991E-05 0.894767 0.105133
9.9991E-05 0.875601 0.124299
9.9991E-05 0.863264 0.136636
0.00380518 0.89835 0.0978446
9.9991E-05 0.890283 0.109617
9.9991E-05 0.855624 0.144276
0.282359 0.717541 9.9991E-05
0.272764 0.727136 9.9991E-05
0.331485 0.668415 9.9991E-05
0.385223 0.614677 9.9991E-05
0.644779 0.00444244 0.350779
0.697893 9.9991E-05 0.302007
0.628591 0.0568395 0.31457
0.803568 0.0120939 0.184338
0.85323 0.146338 0.000431625
0.597171 0.00377308 0.399056
0.661898 9.9991E-05 0.338002
0.742667 9.9991E-05 0.257233
0.747786 9.9991E-05 0.252114
0.567757 0.0314451 0.400798
0.76764 9.9991E-05 0.23226
0.934163 0.0657369 9.9991E-05
0.628558 0.0256307 0.345811
0.857694 0.0353189 0.106988
0.702976 9.9991E-05 0.296924
0.920773 0.0791272 9.9991E-05
0.675051 0.324849 9.9991E-05
0.675152 0.324748 9.9991E-05
0.700486 0.299414 9.9991E-05
0.671343 0.328557 9.9991E-05
0.757363 0.242537 9.9991E-05
0.709351 0.290549 9.9991E-05
9.9991E-05 0.840068 0.159832
9.9991E-05 0.8194 0.1805
9.9991E-05 0.708542 0.291358
9.9991E-05 0.778503 0.221397
9.9991E-05 0.762977 0.236923
0.435767 0.564133 9.9991E-05
0.364274 0.635626 9.9991E-05
0.452046 0.547854 9.9991E-05
9.9991E-05 0.781935 0.217965
0.450859 0.549041 9.9991E-05
0.195827 0.269973 0.5342
0.362122 0.0820683 0.555809
0.201807 0.123286 0.674907
0.240885 0.213555 0.54556
0.358585 0.227035 0.41438
0.128616 0.532792 0.338593
0.807938 0.06243 0.129632
0.737937 0.0605988 0.201464
0.70493 0.199879 0.0951911
0.72004 0.00771814 0.272241
0.924315 0.0755851 9.9991E-05
0.630774 0.0294511 0.339775
0.636793 0.0745259 0.288681
0.776221 0.135639 0.08814
0.557055 0.0614965 0.381448
0.891711 0.108189 9.9991E-05
0.723473 9.9991E-05 0.276427
0.736316 9.9991E-05 0.263584
0.386215 0.167366 0.446418
0.790483 9.9991E-05 0.209417
0.697298 0.0733822 0.22932
0.6606 9.9991E-05 0.3393
0.67185 0.0241486 0.304002
0.570674 9.9991E-05 0.429226
0.501107 0.0518029 0.44709
0.56755 0.071175 0.361275
9.9991E-05 0.774073 0.225827
0.00234791 0.828074 0.169578
0.0526749 0.818411 0.128914
0.0441815 0.837057 0.118762
9.9991E-05 0.796327 0.203573
0.782364 0.143538 0.0740985
0.535098 0.0608518 0.404051
0.355797 0.218248 0.425955
0.602019 9.9991E-05 0.397881
0.665039 0.0572444 0.277717
0.763561 0.067286 0.169153
0.682727 0.317173 9.9991E-05
0.66845 0.0416338 0.289916
0.735018 0.184147 0.0808356
0.669327 0.0507562 0.279917
0.719192 0.280708 9.9991E-05
0.527121 0.0658755 0.407004
0.753608 0.179916 0.0664756
0.689168 0.104376 0.206455
0.631043 9.9991E-05 0.368857
0.713955 0.12899 0.157055
0.641663 0.0121873 0.34615
0.540295 0.0839096 0.375795
0.814279 0.0454417 0.14028
0.615676 0.0676893 0.316635
0.650709 0.025893 0.323398
0.929403 0.0704975 9.9991E-05
0.853088 0.0537176 0.0931949
0.717474 9.9991E-05 0.282426
0.88639 0.11351 9.9991E-05
0.747772 9.9991E-05 0.252128
0.807404 0.188249 0.004347
0.895138 9.9991E-05 0.104762
0.688109 0.0877077 0.224183
0.60663 0.00398765 0.389382
0.896041 0.0705033 0.0334557
0.609876 0.0969112 0.293213
0.557795 0.0641126 0.378092
0.636422 0.0480622 0.315516
0.595805 0.0692322 0.334963
0.631784 0.102508 0.265708
0.787579 0.0496877 0.162733
0.706687 0.0937063 0.199607
0.630139 9.9991E-05 0.369761
0.564612 0.0500117 0.385377
0.686102 0.0913851 0.222513
0.663285 9.9991E-05 0.336615
0.625681 0.160358 0.21396
0.585659 0.0062035 0.408138
0.664921 0.0198896 0.31519
0.49717 0.116395 0.386435
0.263014 0.335387 0.401599
0.32535 0.182528 0.492122
0.363537 0.0888748 0.547589
0.516205 9.9991E-05 0.483695
0.409713 0.156564 0.433722
0.748618 9.9991E-05 0.251282
0.470706 0.156745 0.372549
0.458556 0.400722 0.140722
0.443335 0.0821211 0.474544
0.428466 0.0738519 0.497682
0.359546 0.104057 0.536397
0.486602 0.185885 0.327513
0.343794 0.166963 0.489244
0.346679 0.0973535 0.555967
0.132155 0.687724 0.180121
0.304272 0.163695 0.532033
0.277317 0.0845959 0.638087
0.42693 0.0582294 0.514841
0.268282 0.120693 0.611025
0.427713 0.127209 0.445078
0.629529 0.0457839 0.324687
0.496881 0.0731457 0.429973
0.941126 0.0587742 9.9991E-05
0.884859 0.115041 9.9991E-05
0.573213 9.9991E-05 0.426687
0.339524 0.0845624 0.575913
0.333471 0.106924 0.559605
0.369475 0.246088 0.384437
0.298929 0.199171 0.5019
0.660496 0.220694 0.11881
0.582549 0.212411 0.20504
0.554925 9.9991E-05 0.444975
0.539961 0.0587946 0.401245
0.636492 0.133815 0.229693
0.476156 0.0634336 0.460411
0.545735 9.9991E-05 0.454165
0.530617 0.0555385 0.413845
0.801815 0.070442 0.127743
0.821887 9.9991E-05 0.178013
0.618167 0.00518554 0.376648
0.708745 0.0690192 0.222236
0.515715 0.0447348 0.43955
0.705315 9.9991E-05 0.294585
0.864727 0.0628894 0.0723837
0.640727 9.9991E-05 0.359173
0.880065 0.00954714 0.110388
0.734444 9.9991E-05 0.265456
0.603015 0.0295484 0.367436
0.664225 9.9991E-05 0.335675
0.338217 0.183467 0.478317
0.44194 0.182395 0.375665
0.334923 0.174877 0.490201
0.35809 0.209058 0.432851
0.426766 0.128659 0.444575
0.380544 0.148422 0.471034
0.550883 0.340973 0.108144
0.338953 0.0652529 0.595794
0.346673 0.543011 0.110316
0.412186 0.0315611 0.556253
0.981034 0.0188662 9.9991E-05
0.894588 0.105312 9.9991E-05
0.754894 9.9991E-05 0.245006
0.621958 9.9991E-05 0.377942
0.824044 9.9991E-05 0.175856
0.687597 9.9991E-05 0.312303
0.666163 9.9991E-05 0.333737
0.0208518 0.825875 0.153274
0.0470736 0.771078 0.181849
9.9991E-05 0.879791 0.120109
9.9991E-05 0.887686 0.112214
0.683258 0.0360131 0.280729
0.640857 0.043814 0.315329
0.753315 9.9991E-05 0.246585
0.61654 0.00839829 0.375062
0.584913 0.065837 0.34925
0.869395 0.058752 0.0718535
0.655461 9.9991E-05 0.344439
0.867928 9.9991E-05 0.131972
0.281801 0.254285 0.463914
0.683794 9.9991E-05 0.316106
0.790023 9.9991E-05 0.209877
0.716736 9.9991E-05 0.283164
0.783824 9.9991E-05 0.216076
0.642875 9.9991E-05 0.357025
0.629916 0.0179687 0.352115
0.969163 9.9991E-05 0.0307368
0.809416 0.061051 0.129533
0.783558 0.0348722 0.18157
0.994377 0.00552348 9.9991E-05
0.721084 0.0277344 0.251181
0.912356 0.0490423 0.0386014
0.892544 0.107356 9.9991E-05
0.655512 9.9991E-05 0.344388
0.892477 0.0460333 0.0614902
0.739758 9.9991E-05 0.260142
0.45398 0.0271126 0.518907
0.705109 9.9991E-05 0.294791
0.764561 0.0523353 0.183104
0.699997 9.9991E-05 0.299903
0.699453 9.9991E-05 0.300447
0.884028 9.9991E-05 0.115872
0.640598 0.00208626 0.357316
0.256771 0.730731 0.0124978
0.147932 0.774745 0.0773231
0.0978855 0.902014 9.9991E-05
0.106863 0.893037 9.9991E-05
0.193821 0.802092 0.00408688
0.878923 0.053066 0.0680113
0.888776 0.104375 0.00684836
0.920119 9.9991E-05 0.0797811
0.499586 0.0602134 0.440201
0.575489 0.0643691 0.360141
0.741101 0.0485169 0.210382
0.551404 9.9991E-05 0.448496
0.648576 0.0586983 0.292726
0.701322 9.9991E-05 0.298578
0.630618 0.00639654 0.362985
0.857027 0.0278981 0.115075
0.812385 0.00124628 0.186369
0.847345 9.9991E-05 0.152555
0.602224 0.0733491 0.324427
0.80687 9.9991E-05 0.19303
0.72434 9.9991E-05 0.27556
0.211191 0.0835518 0.705257
0.232499 0.0557654 0.711736
0.16066 0.102061 0.737279
0.141202 0.184213 0.674585
0.210109 0.132766 0.657125
0.673499 0.0104419 0.316059
9.9991E-05 0.256148 0.743752
0.150849 0.16031 0.688841
0.490598 0.109357 0.400046
0.525076 0.12907 0.345854
0.591809 0.186739 0.221452
0.516753 0.0777513 0.405496
0.536713 0.0606193 0.402668
0.0851632 0.23872 0.676117
0.264626 0.0999208 0.635454
0.135185 0.0536883 0.811126
0.278816 0.159496 0.561688
0.114478 0.16928 0.716242
0.316003 0.115816 0.568181
0.0586049 0.201181 0.740214
0.274364 0.0934232 0.632213
0.552668 0.138067 0.309265
0.23234 0.17183 0.59583
9.9991E-05 0.253088 0.746812
0.286726 0.148972 0.564302
0.651206 0.267016 0.0817787
0.503466 0.014535 0.481999
0.254719 0.232439 0.512842
0.508316 0.0945935 0.39709
0.551345 0.17863 0.270024
0.445134 0.187518 0.367348
0.28623 0.19304 0.52073
0.463194 0.0732798 0.463526
0.257002 0.162398 0.5806
0.127249 0.129246 0.743505
9.9991E-05 0.26533 0.73457
0.520658 0.0562849 0.423057
0.620528 0.16219 0.217282
0.646073 0.256943 0.0969836
0.499485 0.0607092 0.439806
0.568394 0.134118 0.297488
0.345789 0.168175 0.486036
0.495024 0.160825 0.344151
0.296172 0.503252 0.200575
0.311268 0.529242 0.15949
0.528978 0.236772 0.23425
0.271338 0.478047 0.250615
0.15287 0.579079 0.268051
0.524501 0.168561 0.306939
0.334414 0.23384 0.431746
0.346851 0.358494 0.294654
0.315477 0.405869 0.278654
0.459499 0.142452 0.398049
0.449646 0.299698 0.250656
0.234184 0.645215 0.120601
0.433494 0.107727 0.45878
0.315409 0.243625 0.440966
0.267931 0.276534 0.455535
0.203713 0.12894 0.667346
0.33326 0.107566 0.559174
0.317307 0.111053 0.57164
0.21243 0.344069 0.443501
0.344583 0.15365 0.501768
0.272693 0.18792 0.539388
0.269358 0.288649 0.441994
0.496256 0.175988 0.327756
0.428727 0.113834 0.457439
0.45254 0.116895 0.430565
0.533646 0.0939484 0.372406
0.190412 0.266841 0.542747
0.31175 0.239284 0.448965
0.213317 0.456819 0.329864
0.311112 0.111451 0.577437
0.148625 0.341617 0.509758
0.114382 0.856087 0.0295302
0.74306 0.25684 9.9991E-05
0.703532 0.296368 9.9991E-05
0.700507 0.299393 9.9991E-05
0.759817 0.240083 9.9991E-05
0.74531 0.25459 9.9991E-05
0.790609 0.209291 9.9991E-05
0.683775 0.316125 9.9991E-05
0.583048 0.416852 9.9991E-05
9.9991E-05 0.888374 0.111526
0.0389911 0.830051 0.130958
0.00855317 0.86952 0.121927
0.0588695 0.835887 0.105244
9.9991E-05 0.879086 0.120814
9.9991E-05 0.930562 0.0693383
9.9991E-05 0.771538 0.228362
9.9991E-05 0.837138 0.162762
0.118973 0.746726 0.134301
9.9991E-05 0.877106 0.122794
9.9991E-05 0.969918 0.0299819
0.00556247 0.844877 0.149561
9.9991E-05 0.907346 0.0925539
9.9991E-05 0.865407 0.134493
9.9991E-05 0.870664 0.129236
9.9991E-05 0.796314 0.203586
9.9991E-05 0.770681 0.229219
9.9991E-05 0.770966 0.228934
9.9991E-05 0.798351 0.201549
0.590644 0.179281 0.230075
0.573636 9.9991E-05 0.426264
0.452388 0.15544 0.392172
0.769926 0.202438 0.0276365
0.585364 0.127461 0.287175
0.641397 0.292325 0.0662773
0.474131 0.0210494 0.50482
0.686721 0.112433 0.200846
0.61317 0.102651 0.284179
0.727961 9.9991E-05 0.271939
0.642089 0.132149 0.225762
0.584122 0.0523708 0.363507
0.532377 0.123952 0.343672
0.838778 0.1593 0.00192254
0.760683 0.239217 9.9991E-05
0.717761 0.219722 0.0625175
0.519239 0.0727072 0.408054
0.604949 0.0622623 0.332789
0.541118 0.114594 0.344289
0.520897 9.9991E-05 0.479003
0.359024 0.120556 0.52042
0.321011 0.126062 0.552927
0.242813 0.512736 0.244451
0.549662 0.0903961 0.359942
0.392214 0.231523 0.376262
0.269077 0.575379 0.155544
0.311142 0.271018 0.41784
0.289388 0.34276 0.367852
0.307101 0.337377 0.355521
0.410548 0.130086 0.459366
0.384829 0.157645 0.457525
0.302842 0.101777 0.59538
0.407789 0.138262 0.453949
0.162084 0.449626 0.38829
