0.0910921 9.9955E-05 9.9955E-05 9.9955E-05 0.908408 9.9955E-05 9.9955E-05
0.00646939 9.9973E-05 9.9973E-05 0.0576715 0.92871 0.00684902 9.9973E-05
0.0176811 9.9964E-05 9.9964E-05 9.9964E-05 0.847405 9.9964E-05 0.134514
0.115184 0.0106717 9.9973E-05 9.9973E-05 0.779482 9.9973E-05 0.094362
9.9973E-05 0.00867283 0.0330974 9.9973E-05 0.871361 9.9973E-05 0.086569
0.0902109 0.0609591 9.9991E-05 0.00806919 0.619355 0.121471 0.0998356
0.111787 0.0201651 9.9973E-05 9.9973E-05 0.811914 0.0558344 9.9973E-05
0.15837 0.0206844 0.00793204 9.9982E-05 0.680441 0.132372 9.9982E-05
0.0919434 9.99729E-05 9.99729E-05 0.0148383 0.823326 0.0695925 9.99729E-05
0.0366589 0.0554583 0.0474837 9.9991E-05 0.670858 0.0949719 0.0944695
0.154546 0.00736304 9.9991E-05 0.00550444 0.704137 0.120429 0.00792108
0.426074 0.0608321 9.9982E-05 0.176726 9.9982E-05 0.0920899 0.244078
0.276151 0.0713834 0.00796944 0.0269216 0.0052842 0.0629006 0.549389
0.354892 0.0508745 0.104772 0.10461 0.0600303 0.0899969 0.234824
0.386467 0.152433 0.0376326 0.0441933 0.0467712 0.0184454 0.314057
0.188402 0.218112 9.9991E-05 0.165871 0.11433 0.0187802 0.294406
0.111803 0.0352492 0.0946062 0.0180448 0.0851503 0.0259446 0.629202
0.243164 0.0688099 9.9982E-05 0.112844 9.9982E-05 0.114544 0.460438
0.33052 0.106729 0.00967532 0.105624 0.14935 9.9991E-05 0.298001
0.622852 0.0710587 0.0217377 0.12285 9.9982E-05 0.161302 9.9982E-05
0.286968 0.042432 0.0630437 0.145624 9.9991E-05 0.0510219 0.41081
0.189066 0.0142758 0.0617482 0.0149689 0.0309574 0.204724 0.48426
0.130884 9.9991E-05 0.0848398 0.119703 0.0624769 0.0303409 0.571655
0.339014 0.0745591 0.0447009 0.172842 9.9991E-05 0.0824331 0.286351
0.0233664 0.0100994 0.0353414 0.0626255 0.11707 0.148547 0.602951
0.249358 0.0354205 9.9991E-05 0.0901204 0.0480853 0.0887124 0.488204
0.439323 0.12557 9.9991E-05 0.162258 0.029732 0.0815229 0.161494
0.43152 0.191253 9.9982E-05 0.0853661 9.9982E-05 0.0644975 0.227163
0.429454 9.9982E-05 0.143583 0.0829006 9.9982E-05 0.125678 0.218184
9.9964E-05 0.0428415 9.9964E-05 9.9964E-05 0.837863 9.9964E-05 0.118896
9.9955E-05 9.9955E-05 9.9955E-05 9.9955E-05 0.84982 9.9955E-05 0.14968
9.9982E-05 0.00651605 9.9982E-05 0.0239166 0.825156 0.00755432 0.136657
9.9973E-05 0.0679972 9.9973E-05 0.0883593 0.722933 9.9973E-05 0.12041
0.0918347 9.9982E-05 0.0738546 0.279187 9.9982E-05 0.0619991 0.492925
0.0709176 0.0895102 0.0192065 0.247936 0.0513943 0.0262793 0.494756
9.9982E-05 0.0811029 0.0732555 0.418552 0.0144343 9.9982E-05 0.412455
0.497301 0.0424277 0.0975261 0.118626 0.113597 9.9991E-05 0.130421
0.0363134 0.0729219 9.9991E-05 0.579948 0.00506563 0.0203733 0.285278
0.152667 0.0685999 0.108753 0.179215 0.0496176 9.9991E-05 0.441048
9.9982E-05 0.0972002 9.9982E-05 0.250354 0.00579686 0.0451213 0.601328
0.0354329 9.9982E-05 9.9982E-05 0.0545578 0.0631916 0.246477 0.600141
0.0866548 0.0185599 0.0518611 0.0744404 0.121949 0.0486277 0.597907
0.101538 9.9973E-05 9.9973E-05 0.758515 0.0506245 9.9973E-05 0.0890222
0.0364379 0.0064207 9.9991E-05 0.0666662 0.0510547 0.231974 0.607346
9.9973E-05 0.0218491 9.9973E-05 0.268529 0.14143 9.9973E-05 0.567892
0.0514787 0.131865 9.9991E-05 0.0755314 0.0384384 0.134961 0.567626
9.9964E-05 9.9964E-05 0.0230319 0.670615 9.9964E-05 9.9964E-05 0.305953
0.0287032 9.9982E-05 0.0114608 0.261646 0.0560834 9.9982E-05 0.641907
9.9973E-05 0.0400901 9.9973E-05 0.265305 0.102355 9.9973E-05 0.591951
9.9973E-05 9.9973E-05 0.0325494 0.641119 0.0823949 0.243637 9.9973E-05
0.401935 9.9982E-05 0.0606979 0.226555 9.9982E-05 0.140145 0.170466
0.223193 0.0364536 0.056734 0.268169 0.00274774 0.340959 0.071744
0.0905767 0.0211478 0.0925515 0.121835 0.113485 9.9991E-05 0.560304
0.043363 9.9973E-05 9.9973E-05 9.9973E-05 0.154134 0.132689 0.669514
0.0930012 0.0534179 0.0585879 0.0334688 0.0296235 0.0628705 0.66903
0.388894 9.9982E-05 9.9982E-05 0.207613 0.0660812 0.167536 0.169676
0.227412 0.0197405 0.0354087 0.0188583 0.0294267 0.0886621 0.580492
0.132354 0.0642937 9.9991E-05 0.00800865 0.0877605 0.088522 0.618961
0.174707 0.0140811 0.0584069 0.143013 0.11981 0.112557 0.377425
0.325053 0.0671294 0.0124567 0.169054 0.16542 0.19726 0.0636266
0.125807 9.9991E-05 0.0925425 0.154348 0.0841307 0.058146 0.484927
0.337972 0.0573848 0.112214 0.0689258 0.0483502 9.9991E-05 0.375053
0.475471 9.9991E-05 0.0432512 0.272623 0.0403551 0.163049 0.00515136
0.246405 9.9982E-05 0.0632093 0.0527294 9.9982E-05 0.123104 0.514352
0.0699113 0.0584844 0.137656 0.0422113 9.9991E-05 0.043969 0.647668
0.140392 9.9991E-05 0.0576657 0.107025 0.12931 0.0417344 0.523773
0.252548 0.0437577 0.0573067 0.20108 0.0387428 0.134877 0.271688
0.264461 0.0352414 0.0633476 0.077703 0.0301315 0.0385059 0.490609
0.0891284 0.0970251 0.16189 0.0756603 0.117016 0.00355157 0.455729
0.360764 9.9982E-05 0.119132 0.17002 9.9982E-05 0.131937 0.217947
0.0650563 9.9964E-05 9.9964E-05 0.399697 9.9964E-05 9.9964E-05 0.534847
0.156723 9.9964E-05 9.9964E-05 0.648114 9.9964E-05 9.9964E-05 0.194763
0.106419 0.0356757 9.9982E-05 0.253835 0.106975 9.9982E-05 0.496895
9.9955E-05 9.9955E-05 9.9955E-05 0.825917 9.9955E-05 0.173584 9.9955E-05
0.0277293 9.9973E-05 0.0434863 0.794458 9.9973E-05 0.134027 9.9973E-05
9.9964E-05 0.00433257 9.9964E-05 0.706432 9.9964E-05 9.9964E-05 0.288835
0.0632658 9.9973E-05 9.9973E-05 0.501737 0.000112355 9.9973E-05 0.434585
0.116973 0.0817114 0.0521485 0.201135 0.0326605 0.0128703 0.502502
0.0689034 0.0341487 0.0154153 0.432799 0.014765 0.00163595 0.432333
0.133206 9.9973E-05 9.9973E-05 0.668165 0.0539836 9.9973E-05 0.144346
0.185639 9.9973E-05 9.9973E-05 0.534538 0.0730148 9.9973E-05 0.206508
9.9982E-05 0.216697 0.0538863 0.334711 0.0592575 9.9982E-05 0.335249
0.0876355 0.0445411 9.9982E-05 0.575615 0.0385119 9.9982E-05 0.253497
0.0561722 0.00305911 9.9982E-05 0.437895 0.127765 9.9982E-05 0.374909
9.9973E-05 9.9973E-05 9.9973E-05 0.590396 0.00495898 0.03077 0.373575
9.9964E-05 9.9964E-05 0.111938 0.729385 9.9964E-05 0.158277 9.9964E-05
0.0674569 0.0118352 0.031054 0.240572 0.0360561 9.9991E-05 0.612926
0.0886145 9.9973E-05 9.9973E-05 0.000752494 0.774153 9.9973E-05 0.13618
9.9955E-05 9.9955E-05 9.9955E-05 9.9955E-05 0.909348 9.9955E-05 0.0901523
9.9964E-05 0.0172231 9.9964E-05 9.9964E-05 0.876947 9.9964E-05 0.10543
9.9982E-05 0.0134475 9.9982E-05 0.0193887 0.917165 0.0282592 0.0215396
9.9964E-05 9.9964E-05 0.0262426 9.9964E-05 0.881179 9.9964E-05 0.0921785
9.9991E-05 0.0158146 0.0134824 0.0356025 0.905846 0.000718231 0.0284359
9.9973E-05 0.0335714 0.00684526 9.9973E-05 0.917984 9.9973E-05 0.0412996
0.0689216 0.086155 9.9982E-05 0.298172 0.051117 9.9982E-05 0.495434
0.0523696 0.0689628 9.9991E-05 0.267593 0.04218 0.0578744 0.51092
0.13326 9.9973E-05 0.0730221 0.771744 0.0216737 9.9973E-05 9.9973E-05
0.094138 0.0638955 0.00103784 0.122553 0.0872109 0.094313 0.536851
0.0761814 0.00482084 9.9991E-05 0.405405 0.00938332 0.0379549 0.466155
9.9991E-05 0.0760604 0.0652284 0.213327 0.0721037 0.00731647 0.565864
9.9982E-05 9.9982E-05 0.0415909 0.315226 0.0688183 0.0659794 0.508186
9.9973E-05 0.0438159 9.9973E-05 0.506812 0.0411885 9.9973E-05 0.407884
0.204108 9.9964E-05 9.9964E-05 0.74012 0.055372 9.9964E-05 9.9964E-05
0.0478056 9.9991E-05 0.0986799 0.20986 0.134083 0.0161715 0.493299
0.109145 0.0603038 0.0140485 0.204898 0.019468 0.0397034 0.552433
0.211019 0.0880793 9.9973E-05 0.161835 9.9973E-05 9.9973E-05 0.538767
9.9982E-05 0.0116497 0.0395509 0.551497 9.9982E-05 0.161547 0.235556
9.9973E-05 9.9973E-05 0.0987669 0.361098 9.9973E-05 0.0177791 0.522056
0.0596393 0.0331156 9.9982E-05 0.440124 0.0553881 9.9982E-05 0.411533
9.9964E-05 0.116156 9.9964E-05 0.645158 9.9964E-05 9.9964E-05 0.238286
0.120485 9.9973E-05 9.9973E-05 0.434175 0.0025579 9.9973E-05 0.442483
0.0605072 0.0410136 0.0442001 0.216066 0.0517698 9.9991E-05 0.586343
0.318422 9.9991E-05 0.279726 0.0232836 0.0252191 0.077262 0.275988
0.371397 0.0727054 9.9982E-05 9.9982E-05 0.0373814 0.0751944 0.443122
0.193379 9.9991E-05 0.0613264 0.0473626 0.0653248 0.0476367 0.584871
9.9982E-05 0.00385926 0.0794486 9.9982E-05 0.126487 0.100552 0.689453
0.374032 9.9982E-05 0.0903252 9.9982E-05 0.0230678 0.0453931 0.466982
0.299535 0.00936001 0.0309024 0.0432638 0.0139841 9.9991E-05 0.602855
0.272817 0.00382711 0.135429 0.00951114 0.0747149 9.9991E-05 0.503601
0.171331 9.9991E-05 0.085879 0.0342626 0.105719 0.0277418 0.574967
0.155678 9.9991E-05 0.0152087 0.0678642 0.134002 0.0718248 0.555322
0.15354 9.9991E-05 0.0263975 0.0957106 0.0698481 0.04415 0.610254
0.352568 9.9982E-05 0.00733145 0.0719236 0.0255774 9.9982E-05 0.5424
0.113488 0.105063 0.01028 0.146753 0.00964521 0.0584393 0.556331
0.146427 9.9991E-05 0.0889074 0.0585274 0.0841774 0.10404 0.517821
0.248146 9.9964E-05 0.141252 9.9964E-05 9.9964E-05 9.9964E-05 0.610202
0.228033 0.111462 0.0558645 9.9982E-05 9.9982E-05 0.0287438 0.575696
0.156702 0.0998891 0.0515605 0.145755 9.9982E-05 9.9982E-05 0.545894
0.298665 9.9982E-05 0.133812 9.9982E-05 0.0664294 0.145157 0.355737
0.251502 0.0468108 0.0549373 9.9982E-05 9.9982E-05 0.0464648 0.600085
0.0766265 0.00101337 0.127729 9.9991E-05 0.0705499 0.0330031 0.690978
0.457979 0.125644 0.122205 0.146106 9.9982E-05 9.9982E-05 0.147866
0.267888 0.0213193 0.303963 0.0562396 0.00736739 0.187402 0.155821
0.162218 0.0182657 9.9982E-05 0.147959 9.9982E-05 0.115244 0.556113
0.309199 0.0347096 0.26099 0.189632 9.9991E-05 0.129919 0.0754514
0.446873 9.9982E-05 0.0833181 0.145729 0.0569079 9.9982E-05 0.266973
0.363018 9.9982E-05 0.0393111 0.192716 9.9982E-05 0.00070489 0.40405
0.435068 9.9973E-05 0.0823135 0.105044 9.9973E-05 9.9973E-05 0.377274
0.460679 0.0565527 0.0333492 0.190255 9.9991E-05 0.00482478 0.254239
0.10911 9.9991E-05 0.0366786 0.0248441 0.000426623 0.149867 0.678974
0.175944 0.0415726 0.0692514 0.00568269 0.0722743 0.0963601 0.538915
0.154933 0.101072 0.161119 0.064209 0.0706901 0.0600334 0.387944
0.354827 0.0536218 0.105742 0.129384 9.9991E-05 0.234963 0.121363
0.0545507 9.9991E-05 0.0447478 0.0780991 0.17265 0.0465237 0.603328
0.0877685 0.0259309 9.9982E-05 0.164436 9.9982E-05 0.219475 0.502189
0.206738 9.9982E-05 0.124131 0.123259 0.0873367 0.458335 9.9982E-05
9.9991E-05 0.0380789 0.0800262 0.0888385 0.0785749 0.0631287 0.651253
0.0930135 0.0125587 0.114017 0.130513 0.0384593 0.297086 0.314353
0.0577067 0.0632067 0.0860125 0.0638606 0.0640729 0.197968 0.467172
0.093756 0.0206325 9.9991E-05 0.10826 0.029424 0.458332 0.289496
0.186073 9.9991E-05 0.0634348 0.101056 0.0622499 0.377765 0.209321
0.165098 9.9991E-05 0.0391633 0.0415238 0.0775173 0.228207 0.448391
0.178073 0.0905571 0.0681935 0.0111194 0.0970643 0.0988382 0.456154
0.170291 9.9991E-05 0.0566202 0.107472 0.161793 0.102088 0.401636
0.103516 0.180429 0.0686313 0.252384 0.017167 0.377773 9.9991E-05
0.0848224 0.104543 0.116539 0.160523 0.0480396 0.0990461 0.386486
0.130964 9.9982E-05 0.0292237 0.190419 9.9982E-05 0.276612 0.372581
0.0829641 9.9973E-05 9.9973E-05 0.132745 9.9973E-05 0.279075 0.504915
0.0403947 0.0138718 0.0852913 0.0680525 0.178629 0.0137163 0.600045
0.015648 0.216299 9.9982E-05 9.9982E-05 0.282418 0.317334 0.168101
9.9964E-05 0.136854 9.9964E-05 9.9964E-05 0.452515 0.410231 9.9964E-05
9.9964E-05 0.137162 9.9964E-05 9.9964E-05 0.431755 0.430684 9.9964E-05
9.9973E-05 0.330462 9.9973E-05 9.9973E-05 0.329487 0.278539 0.061212
9.9973E-05 9.9973E-05 0.0323349 0.0341527 9.9973E-05 0.261306 0.671906
0.0653062 0.00384666 9.9982E-05 9.9982E-05 0.123096 0.116299 0.691251
0.0119616 0.688864 9.9964E-05 9.9964E-05 9.9964E-05 9.9964E-05 0.298775
0.153878 0.495999 0.0670279 0.0215155 9.9982E-05 9.9982E-05 0.26138
0.00103816 0.424956 0.0516811 0.0777655 0.0508592 9.9991E-05 0.3936
9.9973E-05 9.9973E-05 0.156105 0.155572 9.9973E-05 0.325541 0.362482
9.9982E-05 9.9982E-05 0.135643 0.0569186 0.0223351 0.228937 0.555966
9.9973E-05 9.9973E-05 0.193354 0.0190174 9.9973E-05 0.572768 0.214561
9.9964E-05 9.9964E-05 9.9964E-05 0.0562798 9.9964E-05 0.291181 0.65214
0.0465299 9.9991E-05 0.110247 0.144907 0.00804874 0.258513 0.431654
0.0626175 0.0288077 0.0659597 0.0750415 9.9991E-05 0.190114 0.57736
0.0981136 9.9982E-05 0.0689323 0.156817 9.9982E-05 0.476735 0.199203
0.0874663 0.0645932 9.9991E-05 0.114648 0.000861928 0.129416 0.602915
9.9991E-05 0.123529 0.0753554 0.0515892 0.0649254 0.155502 0.528998
9.9964E-05 0.949656 0.0160603 0.033884 9.9964E-05 9.9964E-05 9.9964E-05
9.99702E-05 0.874733 0.0246703 9.99702E-05 9.99702E-05 9.99702E-05 0.100197
0.103909 0.563747 0.022926 9.9982E-05 0.0483102 9.9982E-05 0.260908
0.0223966 0.703385 9.9964E-05 9.9964E-05 9.9964E-05 9.9964E-05 0.273819
0.00855767 0.81685 9.9982E-05 0.0532405 0.00876464 9.9982E-05 0.112387
9.995E-05 0.9994 9.995E-05 9.995E-05 9.995E-05 9.995E-05 9.995E-05
0.0166126 0.936656 9.9964E-05 9.9964E-05 0.046332 9.9964E-05 9.9964E-05
9.9955E-05 0.841783 9.9955E-05 9.9955E-05 9.9955E-05 9.9955E-05 0.157718
0.0693415 0.928641 9.9964E-05 9.9964E-05 9.9964E-05 9.9964E-05 0.00161795
9.995E-05 0.9994 9.995E-05 9.995E-05 9.995E-05 9.995E-05 9.995E-05
9.995E-05 0.9994 9.995E-05 9.995E-05 9.995E-05 9.995E-05 9.995E-05
0.0302185 0.780618 9.9973E-05 9.9973E-05 0.0156382 9.9973E-05 0.173226
9.9964E-05 0.775906 9.9964E-05 9.9964E-05 0.0880906 9.9964E-05 0.135604
9.9955E-05 0.971812 9.9955E-05 0.0276881 9.9955E-05 9.9955E-05 9.9955E-05
0.0660819 0.513394 9.9982E-05 0.107466 9.9982E-05 0.018626 0.294232
0.131798 0.651756 9.9982E-05 9.9982E-05 0.0741636 0.0119292 0.130154
0.0207078 0.751676 9.9982E-05 9.9982E-05 0.0379134 0.0349018 0.154601
0.0423443 0.896556 9.9964E-05 9.9964E-05 9.9964E-05 9.9964E-05 0.0606995
9.9964E-05 0.963853 9.9964E-05 0.0210355 9.9964E-05 9.9964E-05 0.014712
9.9973E-05 0.857819 9.9973E-05 0.00531376 0.0489972 9.9973E-05 0.0875696
9.995E-05 0.9994 9.995E-05 9.995E-05 9.995E-05 9.995E-05 9.995E-05
0.0171522 0.667981 9.9973E-05 9.9973E-05 0.102571 9.9973E-05 0.211996
9.9964E-05 0.86888 0.0488958 0.0818239 9.9964E-05 9.9964E-05 9.9964E-05
9.9982E-05 0.0346914 0.0229441 0.0082241 0.312531 0.62141 9.9982E-05
0.0997734 0.0508255 9.9982E-05 9.9982E-05 0.179435 0.258445 0.41132
0.0258522 0.105469 9.9991E-05 0.0909242 0.185351 0.212229 0.380075
9.9982E-05 0.0151228 9.9982E-05 0.0285914 0.176163 0.552749 0.227174
0.0559861 0.0661487 0.0400251 0.182379 0.144415 0.142284 0.368762
9.9982E-05 0.114584 9.9982E-05 0.096729 0.216861 0.410103 0.161523
9.9982E-05 9.9982E-05 0.156017 0.00446796 0.203577 0.155071 0.480667
9.9982E-05 0.198712 0.00551438 9.9982E-05 0.0700117 0.399512 0.32605
0.0808303 0.158802 9.9991E-05 0.0027234 0.184163 0.163203 0.410178
9.9973E-05 0.181782 9.9973E-05 9.9973E-05 0.0964257 0.351929 0.369563
9.9982E-05 0.0983869 9.9982E-05 0.0585033 0.183959 0.213833 0.445118
0.0522781 9.9982E-05 0.0178943 9.9982E-05 0.792986 0.0767539 0.0598878
9.9982E-05 0.0377862 0.0183715 0.00745219 0.901028 0.0351625 9.9982E-05
9.9964E-05 9.9964E-05 9.9964E-05 0.0223828 0.971211 0.00600625 9.9964E-05
0.00947361 9.9964E-05 9.9964E-05 9.9964E-05 0.945472 9.9964E-05 0.044655
0.0644429 0.00059781 9.9973E-05 9.9973E-05 0.869258 0.065401 9.9973E-05
9.9964E-05 0.0676712 0.0314128 9.9964E-05 0.900516 9.9964E-05 9.9964E-05
0.0378756 0.0867284 9.9982E-05 0.0213112 0.842749 9.9982E-05 0.0111359
0.00430706 9.9982E-05 0.0422402 0.0404601 0.882867 0.0299254 9.9982E-05
0.00117042 0.0436781 0.023245 0.0486698 0.883037 9.9982E-05 9.9982E-05
0.0112142 0.111044 9.9973E-05 9.9973E-05 0.820464 0.0569779 9.9973E-05
0.19338 9.9973E-05 0.11361 0.0824504 0.610259 9.9973E-05 9.9973E-05
0.326924 9.9973E-05 0.00364047 0.0766409 0.592495 9.9973E-05 9.9973E-05
0.293199 9.9982E-05 0.0593042 0.0275499 0.501333 0.118414 9.9982E-05
0.310695 9.9982E-05 0.0915299 0.0890768 0.500852 0.0076461 9.9982E-05
0.0785592 0.0528376 0.0820318 0.303802 0.0561624 9.9991E-05 0.426507
0.0665287 9.9982E-05 0.00139328 0.365196 0.077728 9.9982E-05 0.488954
0.141815 0.0702108 9.9991E-05 0.232572 0.0487417 0.0173508 0.48921
0.268365 9.9991E-05 0.0187937 0.29762 0.027564 0.0340511 0.353507
0.628306 0.00632559 0.0839307 0.134912 9.9982E-05 9.9982E-05 0.146326
0.0131628 0.110429 0.0420036 0.240176 0.0417446 9.9991E-05 0.552384
0.110986 0.0248309 9.9973E-05 0.30418 9.9973E-05 9.9973E-05 0.559704
0.0790691 9.9982E-05 0.0248851 0.427826 0.00546052 9.9982E-05 0.462559
0.0264472 0.0419012 0.0521472 0.537119 9.9982E-05 9.9982E-05 0.342186
0.124215 9.9982E-05 9.9982E-05 0.0982625 0.0652695 0.0199423 0.692111
0.119723 0.00209015 0.0534508 0.410293 9.9982E-05 9.9982E-05 0.414243
0.0923907 9.9964E-05 0.116238 0.790971 9.9964E-05 9.9964E-05 9.9964E-05
0.124964 0.0450917 0.103712 0.216132 0.0598181 0.0279689 0.422313
9.9982E-05 0.00454475 0.0711795 0.546729 9.9982E-05 0.178217 0.19913
9.9982E-05 0.0228234 0.0438682 0.437323 9.9982E-05 0.0595011 0.436285
0.157649 9.9982E-05 0.0602344 0.657476 0.0439632 9.9982E-05 0.0804777
0.693061 9.9973E-05 9.9973E-05 9.9973E-05 0.108207 0.190398 0.0080343
0.713538 9.9973E-05 9.9973E-05 9.9973E-05 0.0674632 0.139694 0.0790047
0.809137 9.9973E-05 0.023717 9.9973E-05 0.0404154 0.12643 9.9973E-05
0.743207 9.9991E-05 0.0096868 0.0707049 0.116215 0.0592723 0.000813971
0.771537 0.0218729 0.0350023 9.9982E-05 9.9982E-05 0.0791768 0.0922108
0.803117 0.0505841 0.018373 9.9982E-05 0.0454609 9.9982E-05 0.0822656
9.9973E-05 0.0100397 9.9973E-05 0.0311324 0.874333 9.9973E-05 0.0841945
0.0859851 0.0217796 9.9973E-05 9.9973E-05 0.809115 9.9973E-05 0.0828205
0.0442727 0.165079 9.9982E-05 9.9982E-05 0.707775 0.0164413 0.0662327
0.075052 0.143956 9.9973E-05 9.9973E-05 0.736748 9.9973E-05 0.0439445
0.0420843 0.116947 9.9982E-05 9.9982E-05 0.7397 0.0511729 0.049896
0.527152 9.9973E-05 9.9973E-05 0.00931921 0.336574 0.126655 9.9973E-05
0.409922 9.9982E-05 0.0331681 0.02627 0.425942 0.104498 9.9982E-05
0.43855 9.9973E-05 0.0707732 0.0712255 0.419152 9.9973E-05 9.9973E-05
9.9964E-05 0.0161984 9.9964E-05 9.9964E-05 0.854294 9.9964E-05 0.129108
0.447662 0.00010527 0.0430632 0.106841 0.35872 0.0435082 9.9991E-05
0.00716092 0.376968 0.092283 9.9991E-05 0.204788 0.0927795 0.225921
0.0574317 0.258939 0.0131036 9.9991E-05 0.0515666 0.086446 0.532413
9.9964E-05 0.226534 9.9964E-05 9.9964E-05 0.226114 9.9964E-05 0.546952
0.0437666 0.221579 9.9991E-05 0.0243848 0.259277 0.131051 0.319842
0.0431492 0.181207 9.9991E-05 0.132355 0.154112 0.0453738 0.443703
9.9973E-05 0.315199 0.00308446 9.9973E-05 0.384337 0.29708 9.9973E-05
0.322382 9.9982E-05 0.161335 0.0756024 9.9982E-05 0.0186528 0.421828
0.241624 0.0275368 0.28441 0.0636609 9.9991E-05 0.0783922 0.304276
0.500016 0.0239189 0.0761658 0.0622846 0.0667381 0.000524157 0.270352
0.150366 9.9991E-05 0.288182 0.0786596 0.0119347 0.00711817 0.46364
0.181675 9.9973E-05 0.405544 0.113549 9.9973E-05 0.298932 9.9973E-05
0.0821486 0.0191001 0.0978143 0.0879643 0.140869 0.0484309 0.523673
0.128392 9.9982E-05 0.1986 0.0797215 9.9982E-05 0.101672 0.491414
0.384285 9.9991E-05 0.0514879 0.0972516 0.0255703 0.0698846 0.37142
0.226171 0.083814 9.9991E-05 0.0771193 0.0680893 0.03051 0.514196
0.276017 9.9982E-05 0.101493 0.208641 9.9982E-05 0.311229 0.10242
0.122814 0.0330351 0.134134 0.101597 9.9991E-05 0.17001 0.438309
0.336884 9.9982E-05 0.0486026 0.0384296 9.9982E-05 0.0324194 0.543465
0.118287 0.183489 0.0385021 0.109385 0.124781 0.105484 0.320072
0.277455 9.9982E-05 0.213009 0.0195289 9.9982E-05 0.0907327 0.399073
0.247585 9.9991E-05 0.1632 0.055879 0.016913 0.0161936 0.500129
0.187286 0.147422 0.181837 0.0979258 9.9982E-05 9.9982E-05 0.385329
0.145169 0.0031411 0.132001 0.11432 9.9991E-05 0.0408038 0.564466
0.159653 0.00564772 0.185462 0.0082375 0.0433057 9.9991E-05 0.597593
0.0809258 0.0270793 9.9991E-05 0.180881 0.0462386 0.117035 0.54774
0.0791713 0.00010752 0.0816273 0.0991212 0.11288 0.0500427 0.57705
9.9964E-05 0.0500222 9.9964E-05 9.9964E-05 0.796381 9.9964E-05 0.153197
9.9973E-05 9.9973E-05 0.0200456 0.0034022 0.846209 9.9973E-05 0.130043
0.0633559 9.9991E-05 0.0138181 0.00654152 0.759185 0.0856296 0.0713702
0.0581317 9.9973E-05 9.9973E-05 0.0467689 0.836418 9.9973E-05 0.0583816
9.9955E-05 9.9955E-05 9.9955E-05 9.9955E-05 0.836307 9.9955E-05 0.163193
0.585221 0.0482667 0.00437642 0.116843 0.0346286 0.0374315 0.173233
0.157929 0.0207989 0.234479 0.0611369 0.0324453 0.0319671 0.461244
0.00558491 0.16058 0.0407628 0.0442573 0.218493 0.0987111 0.431611
0.192702 0.107602 0.0117425 0.0819795 0.0159253 9.9991E-05 0.589949
0.26115 9.9982E-05 0.0856693 0.0982496 0.0124705 9.9982E-05 0.542261
0.306742 0.037895 0.246027 9.9982E-05 9.9982E-05 0.0814686 0.327668
0.589444 9.9982E-05 0.0204652 0.12616 0.165227 0.0985034 9.9982E-05
0.346237 0.0226363 0.068594 0.0118082 0.0270431 0.00708315 0.516598
0.450433 0.0597848 0.241089 0.109204 0.0461313 9.9991E-05 0.093258
0.20416 0.0214631 0.125093 0.00599386 0.0486914 0.125747 0.468852
0.552112 0.0764839 0.141487 0.0506445 0.104604 9.9991E-05 0.0745687
0.193417 0.032698 9.9991E-05 0.0796737 0.0435773 0.0535176 0.597017
0.521539 9.9991E-05 0.0982138 0.0464257 0.0746874 0.0527167 0.206317
0.254794 0.133077 0.0485808 0.166636 0.00741341 0.100002 0.289497
0.118742 0.127106 0.159781 0.0556033 0.0240976 0.0830951 0.431575
0.0794397 9.9982E-05 0.0726008 0.0184515 9.9982E-05 0.504758 0.32455
0.112168 9.9982E-05 9.9982E-05 0.105449 0.00998235 0.254959 0.517241
9.9982E-05 9.9982E-05 0.00995939 0.0698088 0.0846311 0.189419 0.645982
0.0607623 9.9973E-05 0.0627632 9.9973E-05 9.9973E-05 0.505871 0.370303
0.116199 0.120008 9.9991E-05 0.0972733 0.0399653 0.19976 0.426694
9.9973E-05 9.9973E-05 0.0843736 9.9973E-05 0.00452969 0.330608 0.580189
0.0782344 9.9982E-05 0.154125 0.0789929 9.9982E-05 0.576586 0.111862
0.0249862 9.9973E-05 9.9973E-05 0.0550251 9.9973E-05 0.645595 0.274093
0.058792 9.9973E-05 0.0744106 9.9973E-05 9.9973E-05 0.320798 0.545699
0.116245 9.9982E-05 0.025555 0.145545 9.9982E-05 0.565402 0.147053
0.0832715 9.9973E-05 9.9973E-05 0.117591 9.9973E-05 0.350604 0.448234
0.604805 0.0353644 0.16007 0.153432 9.99849E-05 9.99849E-05 0.0461281
0.305208 9.9973E-05 0.451797 9.9973E-05 9.9973E-05 0.0253015 0.217394
0.414437 0.0512917 0.152028 0.0339584 0.032633 9.9991E-05 0.315552
0.237249 0.102386 0.00825793 0.0625386 0.0032626 0.0116001 0.574705
0.51661 0.017957 9.9982E-05 0.19179 9.9982E-05 0.00956413 0.263878
0.162705 9.9982E-05 0.154282 9.9982E-05 0.0537269 0.122548 0.506538
0.218457 0.0628339 0.0443635 0.00827094 0.0221267 0.0413849 0.602563
0.226404 0.0503926 0.0942043 0.0334679 0.0441307 0.0228442 0.528556
0.261752 0.0638077 0.171598 9.9982E-05 0.0054206 9.9982E-05 0.497223
0.24869 9.9991E-05 0.0559264 0.147927 0.0939477 0.0310813 0.422328
0.536236 0.104619 0.0708901 0.0969722 9.9982E-05 9.9982E-05 0.191083
0.413004 0.14523 0.0967035 0.106349 9.9982E-05 9.9982E-05 0.238512
0.168983 0.0306027 0.129222 9.9982E-05 9.9982E-05 0.0344354 0.636556
0.131589 0.0374943 0.0808661 0.0321424 0.0844885 0.0840182 0.549402
0.238249 9.9991E-05 0.183367 0.107969 0.096261 0.0512016 0.322852
0.266554 0.0475389 0.154294 9.9973E-05 9.9973E-05 9.9973E-05 0.531313
0.424769 0.023756 9.9982E-05 9.9982E-05 0.0393048 0.0958932 0.416077
0.255549 0.00158981 0.075163 9.9982E-05 9.9982E-05 0.0160927 0.651406
0.184711 0.0765545 0.0465852 0.143849 0.0172055 0.00208119 0.529013
0.135697 0.0373206 0.111565 0.0495116 0.132573 9.9991E-05 0.533233
0.00856816 0.133092 9.9991E-05 0.053482 0.354978 0.116521 0.333258
0.0489705 0.294326 0.0989689 9.9991E-05 0.0999362 0.104242 0.353456
0.0369089 0.129363 0.00607446 0.0238659 0.146419 0.171812 0.485557
0.0855578 0.208632 0.148273 0.0878974 9.9982E-05 9.9982E-05 0.46944
9.9982E-05 0.215796 0.0650015 0.12143 0.222242 9.9982E-05 0.37533
0.158395 9.9973E-05 0.189775 9.9973E-05 9.9973E-05 0.106062 0.545467
0.0110336 0.0531213 9.9991E-05 0.037706 0.246103 0.0543061 0.59763
9.9991E-05 0.105371 0.0058909 0.189194 0.233636 0.414948 0.0508594
0.11953 0.165565 9.9991E-05 0.0806241 0.0940795 0.0692245 0.470877
0.0134403 0.0719223 0.146566 9.9982E-05 0.151689 9.9982E-05 0.616183
0.0792718 0.16405 9.9991E-05 0.0586116 0.0566332 0.166964 0.47437
0.162083 0.0715897 0.0858416 0.0500654 0.207883 0.121113 0.301425
9.9991E-05 0.193972 0.0677564 0.0882677 0.177296 0.05172 0.420887
0.0575155 0.114118 0.0330977 9.9991E-05 0.121562 0.0682513 0.605355
9.9964E-05 0.202605 9.9964E-05 9.9964E-05 0.443887 0.353108 9.9964E-05
9.9982E-05 0.15552 0.0983733 9.9982E-05 0.229583 0.0507904 0.465533
9.9982E-05 0.174027 0.0386703 9.9982E-05 0.110684 0.129384 0.547035
0.0569234 0.108745 9.9991E-05 0.0178026 0.0838485 0.121498 0.611082
0.0196563 0.189692 0.036186 9.9991E-05 0.13197 0.0671933 0.555202
0.070048 9.9982E-05 0.0645959 9.9982E-05 0.197672 0.0678216 0.599662
0.0843338 0.0522757 0.387907 0.0735675 0.0601574 9.9991E-05 0.341658
9.9982E-05 9.9982E-05 0.21676 0.053914 0.118513 0.0876431 0.522969
0.109465 9.9973E-05 0.775967 0.10735 9.9973E-05 0.00691876 9.9973E-05
0.0757382 9.9973E-05 0.857754 0.025669 9.9973E-05 0.0405384 9.9973E-05
0.00815694 0.0494248 0.269236 0.00941647 0.131145 0.0754348 0.457186
0.0117379 0.281707 0.0940446 9.9991E-05 0.105193 0.103246 0.403972
9.9982E-05 0.373634 0.271596 9.9982E-05 0.0523379 0.0338996 0.268333
9.9982E-05 0.301937 0.241347 9.9982E-05 0.180063 0.128886 0.147567
9.9982E-05 0.248035 0.198459 9.9982E-05 0.225016 0.0344165 0.293873
9.9982E-05 0.0556736 0.778133 9.9982E-05 0.106081 0.0440429 0.0158699
9.9982E-05 0.0238457 0.602742 9.9982E-05 0.102926 0.0996557 0.17063
0.0028367 0.0763175 0.35704 0.00755899 0.0468864 9.9991E-05 0.50926
9.9973E-05 0.07112 0.473288 9.9973E-05 0.0673118 9.9973E-05 0.38798
9.9973E-05 0.0337791 0.717744 9.9973E-05 0.13459 9.9973E-05 0.113588
0.00408731 0.0804962 0.358503 0.0072959 0.0618087 9.9991E-05 0.487709
9.9964E-05 0.0717411 0.415085 9.9964E-05 9.9964E-05 9.9964E-05 0.512774
0.0284346 0.130787 0.206621 0.0519142 0.0619871 0.0842128 0.436043
9.9973E-05 9.9973E-05 0.565948 0.160848 0.0536847 9.9973E-05 0.21922
0.0450947 0.0201421 0.48843 0.114699 0.0135274 0.030845 0.287262
0.08696 9.9982E-05 0.296276 0.074183 0.0517589 9.9982E-05 0.490622
0.145002 0.0913232 0.411529 0.0335833 9.9991E-05 0.0166701 0.301792
0.110548 0.0897338 0.12789 0.0576544 0.0136727 0.120041 0.48046
9.9964E-05 9.9964E-05 0.447904 9.9964E-05 9.9964E-05 0.0878948 0.463801
0.0370391 9.9964E-05 0.785137 9.9964E-05 9.9964E-05 9.9964E-05 0.177424
9.9982E-05 0.0569827 0.273774 0.142213 0.0454906 9.9982E-05 0.48134
0.00499401 9.9973E-05 0.730329 0.119024 9.9973E-05 9.9973E-05 0.145353
9.9964E-05 9.9964E-05 0.560754 9.9964E-05 0.0371166 9.9964E-05 0.401729
9.9973E-05 9.9973E-05 0.187577 0.167667 0.0673352 9.9973E-05 0.57712
9.9982E-05 0.00648232 0.356785 0.0254608 9.9982E-05 0.0500522 0.56102
9.9991E-05 0.190976 0.117203 0.0524873 0.177084 0.0395661 0.422584
0.0709501 0.0944007 0.0971542 9.9991E-05 0.132667 0.136762 0.467966
0.0360069 0.242628 0.0740358 9.9991E-05 0.142257 0.180932 0.32404
0.15101 0.253873 0.0226263 9.9991E-05 0.111804 0.135872 0.324714
0.161021 0.132895 9.9982E-05 9.9982E-05 0.12448 0.126194 0.45521
0.0593916 0.199879 0.175155 9.9991E-05 0.164009 0.00260262 0.398862
9.9973E-05 0.077059 0.598133 9.9973E-05 0.216163 0.108345 9.9973E-05
9.9982E-05 0.135355 0.0890123 9.9982E-05 0.076794 0.0821167 0.616522
9.9973E-05 0.0909991 0.416062 9.9973E-05 0.363293 0.129346 9.9973E-05
9.9973E-05 0.199444 0.290016 9.9973E-05 0.0386065 9.9973E-05 0.471634
9.9964E-05 9.9964E-05 0.792446 0.20134 9.9964E-05 9.9964E-05 0.00581371
0.0144664 9.9973E-05 0.802301 0.170291 0.0126417 9.9973E-05 9.9973E-05
9.9964E-05 9.9964E-05 0.472628 0.0941264 9.9964E-05 9.9964E-05 0.432846
9.9964E-05 0.0103442 0.406466 9.9964E-05 9.9964E-05 9.9964E-05 0.58279
9.9964E-05 9.9964E-05 0.601701 0.050156 9.9964E-05 9.9964E-05 0.347743
9.9964E-05 9.9964E-05 0.535209 0.0165467 9.9964E-05 9.9964E-05 0.447844
9.9955E-05 9.9955E-05 0.464798 9.9955E-05 9.9955E-05 9.9955E-05 0.534702
0.00384782 0.00531226 0.0895859 9.9991E-05 0.779773 0.00703457 0.114347
0.19667 0.102406 9.9964E-05 9.9964E-05 0.700524 9.9964E-05 9.9964E-05
0.0426322 0.057058 9.9964E-05 9.9964E-05 0.89991 9.9964E-05 9.9964E-05
9.9955E-05 9.9955E-05 9.9955E-05 9.9955E-05 0.928638 9.9955E-05 0.0708624
0.0168435 9.9991E-05 0.0709153 0.408688 0.0447242 0.0392564 0.419472
9.9973E-05 0.0528366 9.9973E-05 0.374301 0.085459 9.9973E-05 0.487103
9.9964E-05 9.9964E-05 0.0425884 0.481466 9.9964E-05 9.9964E-05 0.475545
0.00152389 9.9973E-05 9.9973E-05 0.324766 0.127869 9.9973E-05 0.545542
0.108728 0.0524736 9.9991E-05 0.102147 0.0677894 0.159459 0.509303
0.0938418 9.9982E-05 0.0351272 0.559806 9.9982E-05 0.0621297 0.248895
0.0353238 0.0470979 9.9982E-05 0.359707 0.0339954 9.9982E-05 0.523676
9.9973E-05 9.9973E-05 0.0788445 0.543145 9.9973E-05 0.104604 0.273107
0.0165777 0.106164 0.0451549 9.9991E-05 0.30591 0.046987 0.479106
9.9973E-05 0.0962348 0.130942 0.382893 9.9973E-05 9.9973E-05 0.38963
0.14118 0.0295546 9.9982E-05 0.495077 0.00592779 9.9982E-05 0.328061
0.0719767 0.0152043 0.0507634 0.320412 9.9982E-05 9.9982E-05 0.541444
0.0480423 9.9982E-05 0.0617352 0.506502 0.00980095 9.9982E-05 0.37372
9.9991E-05 0.020071 0.0341349 0.356139 0.00288241 0.0371737 0.549499
9.9982E-05 0.0459012 0.0379924 0.378328 0.0334378 9.9982E-05 0.504141
9.9964E-05 9.9964E-05 0.0873649 0.891064 9.9964E-05 9.9964E-05 0.0211717
9.9982E-05 0.0120082 0.0801175 0.613257 9.9982E-05 0.0327648 0.261652
0.0429689 9.9982E-05 0.0338631 0.575173 9.9982E-05 0.026239 0.321556
9.9964E-05 9.9964E-05 0.129183 0.743135 9.9964E-05 0.127282 9.9964E-05
0.119719 9.9982E-05 0.00990153 0.37121 0.0684827 9.9982E-05 0.430487
9.9964E-05 9.9964E-05 9.9964E-05 0.693418 9.9964E-05 0.234566 0.0716166
9.9964E-05 9.9964E-05 0.139607 0.624018 9.9964E-05 0.235974 9.9964E-05
9.9973E-05 0.0288447 9.9973E-05 0.327868 0.0720304 9.9973E-05 0.570957
0.0989895 9.9973E-05 9.9973E-05 0.675258 0.0636006 9.9973E-05 0.161852
0.0616184 0.026592 9.9991E-05 0.431765 0.0189158 0.0106193 0.450389
9.9982E-05 0.0723911 9.9982E-05 0.3477 0.0779701 0.00939212 0.492346
0.0934688 9.9973E-05 9.9973E-05 0.285341 9.9973E-05 0.101542 0.519348
0.2665 0.0542402 0.230879 0.0507106 9.9991E-05 0.0814772 0.316093
0.00667318 9.9982E-05 0.0131154 0.467449 0.0322348 9.9982E-05 0.480328
0.0879538 0.0205443 0.0258348 0.377631 0.0208713 9.9991E-05 0.467065
9.9964E-05 9.9964E-05 9.9964E-05 0.684502 9.9964E-05 0.0359135 0.279184
0.0771144 9.9982E-05 0.0721807 0.241041 0.0216614 9.9982E-05 0.587802
0.236825 0.016078 0.064617 9.9982E-05 0.612145 0.0701354 9.9982E-05
0.0639076 9.9982E-05 9.9982E-05 0.0653582 0.733732 0.0716928 0.0651095
0.147799 9.9973E-05 9.9973E-05 0.00841944 0.812316 0.0311659 9.9973E-05
0.140395 9.9964E-05 0.0611313 9.9964E-05 0.798074 9.9964E-05 9.9964E-05
0.201819 9.9973E-05 9.9973E-05 9.9973E-05 0.723398 0.045686 0.0287972
0.158897 0.0624278 9.9982E-05 0.695757 0.0127846 9.9982E-05 0.0699332
0.0810785 9.9991E-05 0.0144843 0.661782 0.0623885 0.0573497 0.122817
9.9973E-05 9.9973E-05 0.0944339 0.750444 9.9973E-05 0.0514553 0.103367
0.0514159 0.0415155 0.0953846 0.215447 0.0940772 9.9991E-05 0.50206
0.0372231 0.0503598 0.00845284 0.240918 0.110702 0.0182405 0.534103
9.9982E-05 9.9982E-05 0.0198273 0.578412 0.0579271 0.0752535 0.26838
0.0573514 0.070641 0.0563679 0.250743 9.9982E-05 9.9982E-05 0.564697
9.9991E-05 0.0476333 0.0156474 0.489311 0.102242 0.0225696 0.322496
0.0563739 9.9982E-05 0.0795211 0.263461 9.9982E-05 0.0197535 0.58069
0.0269971 0.0288511 0.0761837 0.223142 0.0431026 9.9991E-05 0.601623
0.172867 0.0346246 0.0169405 0.534025 9.9991E-05 0.00249336 0.23895
0.0552617 9.9973E-05 9.9973E-05 0.593593 0.004493 9.9973E-05 0.346352
0.184968 9.9964E-05 9.9964E-05 0.446217 9.9964E-05 9.9964E-05 0.368415
0.0399701 9.9982E-05 9.9982E-05 0.0440755 0.0941703 0.231499 0.590085
9.9964E-05 9.9964E-05 9.9964E-05 0.6103 0.049565 9.9964E-05 0.339736
0.0333869 0.0188789 0.0590833 0.390473 0.0272829 9.9991E-05 0.470795
9.9982E-05 0.413427 9.9982E-05 0.058481 0.0279634 0.148994 0.350935
9.9982E-05 0.440162 0.000277443 9.9982E-05 0.0461036 0.141471 0.371786
9.9991E-05 0.4237 0.00831673 0.00578228 0.117744 0.0691591 0.375199
9.9973E-05 0.450588 9.9973E-05 9.9973E-05 0.150791 0.089482 0.308839
9.9991E-05 0.310225 0.0587438 0.0859837 0.0692109 0.0855892 0.390147
9.9982E-05 0.048812 0.0244157 0.287559 9.9982E-05 0.204563 0.43445
9.9973E-05 0.65034 0.0584879 9.9973E-05 0.229171 0.0617017 9.9973E-05
0.0616609 0.467313 0.0355634 0.0203134 0.142524 9.9991E-05 0.272526
9.9982E-05 0.153841 9.9982E-05 0.0211687 0.0562738 0.300776 0.467741
0.0675142 9.9982E-05 0.00484753 9.9982E-05 0.0940946 0.242794 0.59055
0.110813 9.9973E-05 9.9973E-05 9.9973E-05 0.0783774 0.338489 0.472021
0.0623042 9.9973E-05 9.9973E-05 9.9973E-05 0.09751 0.217621 0.622265
0.0766042 9.9991E-05 0.0646277 0.013869 0.0894741 0.1514 0.603925
9.9973E-05 0.345706 9.9973E-05 9.9973E-05 0.267285 0.0247197 0.36199
0.133214 0.404088 9.9982E-05 0.117109 0.0660682 9.9982E-05 0.279321
0.000771269 0.487111 9.9973E-05 9.9973E-05 0.0556074 9.9973E-05 0.45621
0.128973 0.278557 9.9982E-05 0.0232438 0.141032 9.9982E-05 0.427994
9.9982E-05 0.520525 9.9982E-05 0.000921259 0.13898 0.00817911 0.331195
9.9982E-05 0.264506 0.0693301 0.0277382 0.192083 9.9982E-05 0.446143
9.9982E-05 0.478952 0.0575413 9.9982E-05 0.16083 0.0232622 0.279214
0.0351903 0.33435 0.131583 9.9991E-05 0.100799 0.0190492 0.378928
9.9982E-05 0.0210428 0.000651953 9.9982E-05 0.0295195 0.373994 0.574592
0.0062739 0.32471 0.0553194 0.0442564 0.178167 0.0800059 0.311268
9.9973E-05 0.55427 9.9973E-05 9.9973E-05 0.153031 0.0897625 0.202637
0.119766 0.325067 0.014447 0.0208902 0.130388 0.00130963 0.388131
0.250621 9.9982E-05 9.9982E-05 0.0814163 0.0767137 0.37477 0.216278
9.9964E-05 0.0321446 9.9964E-05 9.9964E-05 9.9964E-05 0.365988 0.601468
0.0628094 0.345745 0.0712528 9.9991E-05 0.187236 0.0427196 0.290137
0.0984471 9.9982E-05 0.0502634 9.9982E-05 0.14043 0.161934 0.548725
0.0172945 9.9982E-05 9.9982E-05 0.0663234 0.10475 0.301112 0.51032
9.9982E-05 0.251584 9.9982E-05 0.176829 0.140913 0.086125 0.344348
9.9991E-05 0.273179 0.1558 0.00563091 0.211065 0.0410326 0.313192
0.0606139 0.0494347 9.9991E-05 0.0547152 0.118615 0.146357 0.570163
9.9982E-05 0.257298 9.9982E-05 0.0562652 0.1908 0.000885729 0.494551
9.9991E-05 0.464896 0.0203165 0.00431929 0.113759 0.00402283 0.392587
9.9982E-05 0.633701 0.0834669 9.9982E-05 0.146868 0.0574231 0.0783415
0.0194979 0.0370969 9.9991E-05 0.0275154 0.118279 0.17466 0.622851
0.0686108 9.9982E-05 9.9982E-05 0.13731 0.0618624 0.277736 0.45428
9.9973E-05 0.00836872 9.9973E-05 9.9973E-05 0.0569285 0.702288 0.232114
0.111811 0.0906061 9.9991E-05 0.0671984 0.162025 0.0528099 0.515449
0.237799 0.0583712 0.0967032 0.0369023 0.0692994 0.0961191 0.404805
0.00753997 0.145687 0.000845968 0.0340588 0.162376 0.234701 0.414792
0.0438216 0.0709683 0.0157553 9.9991E-05 0.0830598 0.251419 0.534876
9.9964E-05 0.195089 9.9964E-05 9.9964E-05 0.234827 0.569684 9.9964E-05
9.9964E-05 0.119844 9.9964E-05 9.9964E-05 0.233856 0.6459 9.9964E-05
0.0171854 0.149616 0.118468 9.9991E-05 0.124411 0.353422 0.236798
9.9973E-05 0.190722 9.9973E-05 9.9973E-05 0.275828 0.48788 0.0452707
9.9964E-05 0.187717 9.9964E-05 9.9964E-05 0.389733 0.422151 9.9964E-05
0.0259495 0.220214 0.127061 0.10225 0.0711615 0.235389 0.217975
9.9991E-05 0.116469 0.0471027 0.0262603 0.21402 0.225685 0.370363
9.9982E-05 0.164462 9.9982E-05 0.0342396 0.263563 0.359894 0.177641
9.9973E-05 0.143668 9.9973E-05 9.9973E-05 0.216016 0.532565 0.10745
0.0026891 0.0624466 9.9991E-05 0.149591 0.179882 0.114505 0.490785
9.9991E-05 0.125439 0.0580858 0.0266581 0.147395 0.419067 0.223255
9.9964E-05 0.0462791 9.9964E-05 9.9964E-05 0.342491 0.61083 9.9964E-05
0.157939 0.166765 0.0288965 0.0241131 0.0945911 0.0759875 0.451708
0.0855731 0.254343 0.0601974 0.00611109 0.135082 0.165006 0.293688
9.9982E-05 0.114414 9.9982E-05 0.0848451 0.320537 0.0355541 0.44445
9.9964E-05 0.229651 9.9964E-05 9.9964E-05 0.165057 9.9964E-05 0.604892
0.0325836 0.264542 9.9991E-05 0.129314 0.134355 0.0343082 0.404797
0.00361536 0.100989 0.0416652 0.0478483 0.258429 0.0921703 0.455283
9.9973E-05 0.195166 9.9973E-05 9.9973E-05 0.367935 0.117417 0.319181
0.0158787 0.162577 0.0971966 9.9982E-05 0.220316 9.9982E-05 0.503832
0.0108977 0.248959 9.9991E-05 0.048818 0.213897 0.00602268 0.471306
9.9982E-05 0.23995 0.060627 9.9982E-05 0.257895 0.170062 0.271266
0.128497 0.14281 9.9991E-05 0.243477 0.169943 0.0319493 0.283224
0.0152424 0.0815897 9.9991E-05 0.0907328 0.157851 0.127546 0.526939
9.9991E-05 0.109619 0.0177729 0.147586 0.150035 0.0177035 0.557184
9.9991E-05 0.0026506 0.102403 0.0398784 0.144637 0.0554146 0.654916
0.0295807 0.240806 9.9982E-05 9.9982E-05 0.256887 0.0570185 0.415508
0.00458254 0.181096 9.9991E-05 0.049712 0.208792 0.0469312 0.508787
9.9982E-05 0.179173 0.0735004 9.9982E-05 0.39877 0.18102 0.167336
0.0571208 0.136337 0.0259356 0.034568 0.168037 0.0430303 0.534972
9.9991E-05 0.352375 0.0154812 0.075601 0.266641 0.0975957 0.192206
0.148441 9.9973E-05 9.9973E-05 0.0264416 0.796369 9.9973E-05 0.0284486
0.75355 9.9982E-05 9.9982E-05 0.0169926 0.0571782 0.026171 0.145909
0.9994 9.995E-05 9.995E-05 9.995E-05 9.995E-05 9.995E-05 9.995E-05
0.983718 9.9955E-05 9.9955E-05 9.9955E-05 0.015782 9.9955E-05 9.9955E-05
0.950082 0.013897 9.9964E-05 9.9964E-05 9.9964E-05 9.9964E-05 0.0356216
0.956165 0.024997 9.9973E-05 9.9973E-05 0.00520567 9.9973E-05 0.0133325
0.940871 9.9955E-05 9.9955E-05 9.9955E-05 9.9955E-05 9.9955E-05 0.0586288
0.974679 9.9955E-05 9.9955E-05 9.9955E-05 0.024821 9.9955E-05 9.9955E-05
0.766746 9.9955E-05 9.9955E-05 9.9955E-05 0.232755 9.9955E-05 9.9955E-05
0.00410445 0.00980069 9.9982E-05 0.0246116 0.902348 9.9982E-05 0.058935
0.107835 9.9973E-05 0.0186485 9.9973E-05 0.834502 9.9973E-05 0.0387143
9.9964E-05 0.0588327 9.9964E-05 0.0534887 0.887279 9.9964E-05 9.9964E-05
0.0574323 9.9982E-05 0.0500178 9.9982E-05 0.782833 0.0496053 0.0599113
9.9973E-05 0.0701496 9.9973E-05 0.00398801 0.894059 0.031504 9.9973E-05
0.0636034 0.0178042 0.0337305 9.9973E-05 0.884562 9.9973E-05 9.9973E-05
9.9982E-05 0.146639 0.0164549 9.9982E-05 0.7233 0.0807848 0.0326211
9.9982E-05 0.072446 0.00854903 9.9982E-05 0.838824 0.0454601 0.0345207
0.0306282 0.0556934 9.9982E-05 0.0717885 0.761227 9.9982E-05 0.0804634
9.9964E-05 0.0761261 0.0335995 9.9964E-05 0.889875 9.9964E-05 9.9964E-05
0.0056391 9.9973E-05 0.0385883 0.0109764 0.944496 9.9973E-05 9.9973E-05
0.0310396 0.071355 0.0242445 9.9991E-05 0.828614 0.00461277 0.0400343
0.0408045 9.9964E-05 9.9964E-05 0.0312397 0.927556 9.9964E-05 9.9964E-05
9.9973E-05 0.00736535 9.9973E-05 9.9973E-05 0.921383 0.00618798 0.0647639
9.9964E-05 0.0172206 9.9964E-05 9.9964E-05 0.873473 9.9964E-05 0.108907
9.9973E-05 0.0332778 0.0162818 9.9973E-05 0.836259 9.9973E-05 0.113881
9.9964E-05 0.139123 9.9964E-05 9.9964E-05 0.754501 9.9964E-05 0.105975
9.9964E-05 0.126293 9.9964E-05 9.9964E-05 0.76046 9.9964E-05 0.112848
9.9964E-05 0.0797131 9.9964E-05 9.9964E-05 0.812946 9.9964E-05 0.106942
0.0648599 9.9982E-05 9.9982E-05 0.105205 0.146748 0.302547 0.380441
0.0387038 9.9982E-05 9.9982E-05 0.109677 0.035104 0.110392 0.705923
0.00723334 0.0105747 0.0627298 0.165428 0.168442 0.0552422 0.530349
0.0346244 9.9982E-05 0.0678291 0.0962279 9.9982E-05 0.620019 0.1811
0.211347 9.9982E-05 0.0469994 9.9982E-05 0.0692729 0.147334 0.524847
9.9964E-05 9.9964E-05 9.9964E-05 9.9964E-05 0.0818965 0.72926 0.188444
0.00463122 9.9973E-05 9.9973E-05 9.9973E-05 0.119524 0.209375 0.66617
0.127116 9.9982E-05 9.9982E-05 0.129318 0.0500353 0.269631 0.423699
0.0363326 9.9982E-05 9.9982E-05 0.0229802 0.0427573 0.390502 0.507228
0.106652 0.0604639 0.0485243 0.307842 0.0335729 9.9991E-05 0.442845
0.0893215 9.9982E-05 9.9982E-05 0.078467 0.0197046 0.362201 0.450106
9.9982E-05 9.9982E-05 0.0564513 0.0048381 0.110515 0.180741 0.647255
0.224949 9.9964E-05 9.9964E-05 9.9964E-05 9.9964E-05 0.189388 0.585264
0.451821 0.0637591 0.230555 0.158049 9.9982E-05 0.0956158 9.9982E-05
0.0749358 9.9973E-05 0.0679603 0.0239168 9.9973E-05 0.832887 9.9973E-05
0.0170172 9.9964E-05 9.9964E-05 9.9964E-05 9.9964E-05 0.765228 0.217355
0.0629644 9.9973E-05 9.9973E-05 9.9973E-05 0.0710139 0.22546 0.640262
0.030882 9.9982E-05 9.9982E-05 0.0376392 0.0753545 0.301356 0.554569
9.9973E-05 0.00962941 9.9973E-05 9.9973E-05 0.0656176 0.392121 0.532332
