9.9982E-05 9.9982E-05 0.0647829 0.000690396 0.0563057 0.878021
0.0328952 0.0337077 0.000873112 9.9982E-05 9.9982E-05 0.932324
0.0108909 9.9991E-05 0.0220575 0.112108 0.0382016 0.816642
9.9982E-05 9.9982E-05 0.141659 0.0206937 0.083117 0.75433
9.9982E-05 9.9982E-05 0.00542252 0.0943934 0.0050047 0.894979
0.0732674 0.0931502 0.0635675 0.0231904 0.0935124 0.653312
0.00831787 0.101165 9.9991E-05 0.0170501 0.00734155 0.866025
0.0281812 0.0944119 0.114602 0.0329803 0.0212236 0.708601
0.0767053 0.0613407 0.0368724 9.9982E-05 9.9982E-05 0.824882
9.9982E-05 0.157612 9.9982E-05 0.113045 0.0424423 0.686701
9.9982E-05 0.125194 0.0930841 0.0275938 9.9982E-05 0.753929
0.158764 0.0800329 0.498133 0.180103 0.0828668 9.9991E-05
0.0670972 0.00584102 0.363967 0.559612 0.00338216 9.9991E-05
0.0630816 0.169367 0.42417 0.201474 0.0940456 0.0478622
0.0977341 9.9991E-05 0.389286 0.330229 0.139954 0.0426958
0.139558 0.0784633 0.206124 0.351566 0.120696 0.103592
0.00262989 0.0568072 0.214754 0.566327 0.0995568 0.0599242
0.144446 0.0764497 0.235985 0.442021 0.100998 9.9991E-05
0.166926 9.9991E-05 0.363071 0.236502 0.110513 0.122889
0.118411 0.0650516 0.670944 0.0124762 0.0724864 0.0606308
0.231927 0.0546243 0.270879 0.320739 0.12173 9.9991E-05
0.149934 0.158463 0.176953 0.416554 0.0979957 9.9991E-05
0.172958 0.0291181 0.143673 0.632071 9.9991E-05 0.0220804
0.21058 0.056221 0.326068 0.295628 0.106976 0.00452704
9.9991E-05 0.104616 0.137337 0.677372 0.056736 0.0238397
0.0275904 0.0289531 0.262564 0.625241 0.0316048 0.0240466
0.219087 0.0080288 0.507543 0.134191 0.11576 0.0153898
0.21592 9.9991E-05 0.413986 0.182671 0.149597 0.0377258
0.180185 0.184344 0.416501 0.135215 0.0836548 9.9991E-05
9.9973E-05 9.9973E-05 9.9973E-05 0.106368 0.0485774 0.844755
9.9964E-05 9.9964E-05 9.9964E-05 0.173102 9.9964E-05 0.826498
0.0138639 9.9991E-05 0.0165904 0.156449 0.00333952 0.809657
0.0112142 9.9982E-05 9.9982E-05 0.190967 0.0471585 0.750461
0.275748 9.9982E-05 0.109962 0.557823 9.9982E-05 0.0562676
0.313466 9.9991E-05 0.08628 0.472463 0.0772144 0.050477
0.381687 9.9973E-05 9.9973E-05 0.590693 9.9973E-05 0.0273199
0.123495 9.9982E-05 0.596205 0.188845 9.9982E-05 0.0912554
0.744563 9.9982E-05 9.9982E-05 0.163322 0.0869827 0.00493259
0.295652 9.9991E-05 0.0953813 0.47302 0.0505712 0.0852752
0.137791 0.0782527 9.9991E-05 0.658958 0.046083 0.0788152
0.0927739 0.0976033 0.0579566 0.629617 9.9991E-05 0.121949
0.142786 0.128051 0.0404593 0.599734 9.9991E-05 0.0888692
0.682102 9.9991E-05 0.151477 0.14426 0.00458743 0.0174728
0.0887698 0.192518 9.9991E-05 0.60609 0.0204727 0.0920488
0.295649 0.0226916 9.9991E-05 0.49151 0.139895 0.0501548
0.0753255 0.112614 0.049344 0.530398 0.102789 0.129529
0.602815 0.0747047 9.9982E-05 0.29832 0.0239599 9.9982E-05
0.321063 0.0208978 9.9991E-05 0.551504 0.0473112 0.0591241
0.222722 0.0252904 9.9991E-05 0.646157 0.00919296 0.0965372
0.674351 0.249453 9.9973E-05 9.9973E-05 9.9973E-05 0.0758963
0.20936 0.175486 0.449095 0.165859 9.9982E-05 9.9982E-05
0.12303 0.50743 0.214588 0.105226 0.0177878 0.0319382
9.9982E-05 9.9982E-05 0.184927 0.642896 0.0681215 0.103856
9.9991E-05 0.176499 0.0437502 0.6808 0.0424225 0.0564285
0.0753642 0.127366 0.0777905 0.591335 0.110026 0.0181185
0.197298 0.164493 0.312503 0.266823 9.9991E-05 0.0587836
0.032128 9.9991E-05 0.345021 0.593194 0.0136561 0.015901
0.0473096 0.1147 0.16104 0.583765 0.0496538 0.0435317
0.252956 0.0328533 0.125667 0.439764 9.9991E-05 0.148659
0.181957 0.18982 0.282059 0.130548 0.0234992 0.192117
0.124313 0.0700168 0.110392 0.514689 0.131538 0.0490524
0.0620039 0.158821 0.241357 0.440233 0.0296233 0.067962
0.214903 0.171662 0.473432 0.0627892 9.9991E-05 0.0771138
0.1928 0.0560245 0.228316 0.52266 9.9982E-05 9.9982E-05
9.9991E-05 0.180102 0.069432 0.675416 0.0652277 0.00972278
0.0656232 0.0764579 0.173166 0.608254 0.0211576 0.0553414
0.198916 0.12263 0.262189 0.2814 0.0750674 0.0597968
0.146511 0.115148 0.173015 0.453961 0.100179 0.0111871
0.016067 9.9991E-05 0.251335 0.542743 0.114877 0.0748776
0.110339 0.149032 0.459736 0.241587 9.9991E-05 0.039206
0.444121 9.9973E-05 0.0204279 0.535151 9.9973E-05 9.9973E-05
0.747605 9.9982E-05 0.0623028 0.187447 0.00244459 9.9982E-05
0.165728 0.149922 0.0222872 0.498514 0.00611165 0.157437
0.870629 0.128971 9.9964E-05 9.9964E-05 9.9964E-05 9.9964E-05
0.879823 0.119777 9.9964E-05 9.9964E-05 9.9964E-05 9.9964E-05
0.800601 9.9973E-05 9.9973E-05 0.188545 0.0105537 9.9973E-05
0.451941 9.9973E-05 0.0477724 0.499987 9.9973E-05 9.9973E-05
0.286575 9.9982E-05 0.063432 0.516891 9.9982E-05 0.132902
0.439367 0.0335505 9.9991E-05 0.473179 0.0180722 0.0357311
0.702282 9.9991E-05 0.168294 0.0422576 0.0664196 0.0206463
0.51377 9.9982E-05 0.220683 0.23316 9.9982E-05 0.0321865
0.290431 0.0147815 0.0907601 0.422834 0.11294 0.0682528
0.703107 9.9982E-05 0.0383361 0.216721 0.0416358 9.9982E-05
0.415231 9.9982E-05 0.0668754 0.432808 9.9982E-05 0.0848857
0.435643 0.166479 9.9982E-05 0.391102 9.9982E-05 0.00657668
0.699362 0.300238 9.9964E-05 9.9964E-05 9.9964E-05 9.9964E-05
0.331879 9.9991E-05 0.0453145 0.553654 0.0342022 0.0348497
9.9982E-05 9.9982E-05 0.0349882 0.131 0.0403837 0.793428
9.9964E-05 9.9964E-05 9.9964E-05 0.116184 9.9964E-05 0.883416
9.9973E-05 9.9973E-05 9.9973E-05 0.098772 0.0389177 0.86201
9.9973E-05 9.9973E-05 9.9973E-05 0.078489 0.00307155 0.918139
0.00382201 0.015333 9.9991E-05 0.0947492 0.00729437 0.878701
0.0306458 0.016838 9.9991E-05 0.0208706 0.0566137 0.874932
9.9973E-05 9.9973E-05 9.9973E-05 0.0788318 0.00178886 0.919079
0.209688 0.041026 0.124158 0.436341 0.13899 0.0497981
0.0240154 0.0197776 0.0631122 0.646487 0.104141 0.142467
0.808349 0.07512 0.0811607 9.9982E-05 9.9982E-05 0.0351706
0.149116 0.0973334 9.9991E-05 0.62572 0.00807641 0.119654
0.438404 9.9991E-05 0.119575 0.380182 0.0248649 0.036874
0.357312 0.0382421 9.9982E-05 0.544605 9.9982E-05 0.0596405
0.228237 0.0545175 0.00533347 0.603138 0.0402547 0.0685199
0.378349 0.00775153 9.9991E-05 0.499804 0.049665 0.06433
0.783508 9.9973E-05 0.163508 9.9973E-05 9.9973E-05 0.0526841
0.135313 0.0804714 0.0496314 0.582879 0.00629068 0.145415
0.219135 0.0379243 0.0377066 0.591802 0.0741372 0.0392948
0.175662 9.9991E-05 0.125797 0.539327 0.116361 0.0427526
0.530948 0.13767 9.9991E-05 0.29058 0.0351056 0.00559564
0.480753 9.9973E-05 9.9973E-05 0.502051 9.9973E-05 0.0168967
0.415087 9.9991E-05 0.095835 0.421117 0.0168965 0.0509646
0.613588 0.0208363 9.9982E-05 0.284675 0.0807008 9.9982E-05
0.466595 9.9982E-05 0.115981 0.37388 9.9982E-05 0.0433442
0.262118 0.00953297 9.9991E-05 0.568199 0.016883 0.143167
0.0629518 0.246658 0.42595 0.204621 0.0576771 0.002142
0.0652163 0.0408271 0.294783 0.391285 0.100884 0.107004
0.0941193 0.0474861 0.201322 0.479336 9.9991E-05 0.177637
0.100234 9.9991E-05 0.172994 0.564384 0.0620232 0.100265
0.0443734 0.00448339 0.377475 0.552775 9.9991E-05 0.0207936
0.036194 0.0041001 0.32769 0.554664 0.0772526 9.9991E-05
9.9982E-05 0.0436658 0.452102 0.482602 9.9982E-05 0.0214308
0.12265 0.0595983 0.219182 0.524166 9.9991E-05 0.0743042
0.106075 0.0356435 0.22294 0.577947 0.0153851 0.042009
0.0863811 0.0498252 0.192963 0.611409 9.9991E-05 0.0593225
0.0338038 0.00783673 0.386851 0.571309 9.9982E-05 9.9982E-05
0.179004 0.0884491 0.138617 0.572661 0.0173174 0.00395134
9.9991E-05 0.116506 0.133572 0.561426 0.0952777 0.0931183
0.0435981 9.9982E-05 0.284857 0.580426 0.0909189 9.9982E-05
9.9982E-05 0.0845001 0.170147 0.655731 9.9982E-05 0.0894215
0.049253 0.0966503 0.20853 0.542868 0.0719882 0.0307103
9.9982E-05 0.195112 0.241019 0.448763 9.9982E-05 0.114906
0.0957428 0.0206142 0.227826 0.619552 0.036165 9.9991E-05
9.9973E-05 0.0820967 0.221395 0.696209 9.9973E-05 9.9973E-05
0.265611 0.0414978 0.401793 0.173716 0.104784 0.012599
0.100685 0.386669 0.276549 0.177307 0.0535282 0.00526182
0.0847361 0.0478985 0.313625 0.506468 0.0471726 9.9991E-05
0.116854 0.394283 0.396306 0.0529813 0.0394757 9.9991E-05
0.173507 0.0685555 0.448518 0.265516 0.0373077 0.00659495
0.208232 0.0509312 0.32455 0.416086 9.9982E-05 9.9982E-05
0.157423 9.9982E-05 0.447411 0.370333 9.9982E-05 0.0246331
0.188075 0.0139153 0.452242 0.345568 9.9982E-05 9.9982E-05
0.100299 9.9991E-05 0.140541 0.626218 0.0190572 0.113785
0.0580069 0.000985859 0.163981 0.611904 0.0606539 0.104468
0.16215 0.0501621 0.153229 0.435382 0.111163 0.0879131
0.124867 0.31747 0.358519 0.145465 0.0535792 9.9991E-05
0.0891645 0.182201 9.9982E-05 0.541394 9.9982E-05 0.18704
0.100249 0.322935 0.0442738 0.308374 0.18612 0.0380478
0.155434 0.590506 0.121611 0.0042775 9.9991E-05 0.128072
0.099227 0.153253 9.9982E-05 0.643418 9.9982E-05 0.103901
0.160591 0.320809 0.0391947 0.356124 0.0244201 0.0988617
0.0158218 0.214298 0.108679 0.541064 9.9991E-05 0.120037
0.0996073 0.494038 0.0505262 0.242908 0.0328234 0.0800963
0.0354528 0.534002 0.133887 0.242712 9.9991E-05 0.0538467
0.130224 0.310768 0.0794398 0.436059 9.9991E-05 0.0434103
0.0488556 0.20187 0.126181 0.51815 0.0299399 0.0750039
0.0343806 0.208182 0.133182 0.46689 0.026093 0.131272
0.213107 0.489097 0.0801782 9.9991E-05 0.189612 0.0279058
9.9991E-05 0.248871 0.0512791 0.530764 0.0389501 0.130035
0.136026 0.355915 0.0941033 0.413756 9.9982E-05 9.9982E-05
0.094876 0.33778 0.073236 0.493908 9.9982E-05 9.9982E-05
0.0517101 0.124452 0.0264855 0.625973 0.0522554 0.119124
9.9991E-05 0.260225 0.00167562 0.160262 0.24688 0.330858
9.9973E-05 0.310918 9.9973E-05 9.9973E-05 0.132784 0.555998
9.9973E-05 0.392213 9.9973E-05 9.9973E-05 0.154598 0.452889
9.9982E-05 0.215024 9.9982E-05 0.0674582 0.346483 0.370835
0.084994 0.238735 9.9982E-05 0.67597 0.000101023 9.9982E-05
0.00262877 0.197565 0.0178665 0.659634 0.0366837 0.0856223
0.0139034 9.9973E-05 9.9973E-05 0.262438 0.723359 9.9973E-05
0.191894 9.9982E-05 0.0561762 0.280695 0.471034 9.9982E-05
0.0211283 0.140095 0.102654 0.336893 0.386196 0.0130344
0.0503628 0.518158 0.00442552 0.399568 0.0273852 9.9991E-05
0.152729 0.190849 9.9991E-05 0.52975 0.0373418 0.0892312
9.9964E-05 0.720609 9.9964E-05 0.278991 9.9964E-05 9.9964E-05
0.0299093 0.310995 0.0113205 0.625699 9.9991E-05 0.0219765
0.115899 0.295169 0.0411922 0.54754 9.9982E-05 9.9982E-05
9.9991E-05 0.311397 0.0226192 0.640715 0.00232396 0.022845
0.108631 0.600372 0.0304809 0.260315 9.9982E-05 9.9982E-05
0.105631 0.124818 9.9991E-05 0.644411 0.10517 0.0198696
0.109552 0.198448 0.0218831 0.522294 0.054454 0.0933681
0.00712808 0.0288359 9.9982E-05 0.0406071 0.923229 9.9982E-05
0.00114697 9.9982E-05 0.0247727 0.10679 0.867091 9.9982E-05
0.0480233 0.0310852 0.0104473 0.313675 0.530537 0.0662321
9.9964E-05 9.9964E-05 9.9964E-05 0.314994 0.684606 9.9964E-05
0.054032 9.9991E-05 0.000422731 0.119753 0.804873 0.0208186
9.996E-05 9.996E-05 9.996E-05 9.996E-05 0.9995 9.996E-05
9.9964E-05 9.9964E-05 0.048734 9.9964E-05 0.950866 9.9964E-05
9.9964E-05 9.9964E-05 9.9964E-05 0.130611 0.868989 9.9964E-05
0.000376225 9.9964E-05 9.9964E-05 9.9964E-05 0.999224 9.9964E-05
9.9964E-05 0.00783371 9.9964E-05 9.9964E-05 0.991766 9.9964E-05
9.996E-05 9.996E-05 9.996E-05 9.996E-05 0.9995 9.996E-05
9.9982E-05 0.045672 9.9982E-05 0.181114 0.769958 0.00305628
9.9982E-05 9.9982E-05 0.0476305 0.0923245 0.812216 0.0476295
0.0252459 9.9964E-05 9.9964E-05 9.9964E-05 0.974354 9.9964E-05
0.0493338 0.0383602 0.173856 0.294297 0.419412 0.0247407
0.0461569 9.9991E-05 0.03885 0.220443 0.657331 0.0371188
9.9991E-05 0.00809737 0.0414729 0.15762 0.791575 0.00113509
9.9973E-05 9.9973E-05 0.0183138 0.135362 0.846024 9.9973E-05
9.9964E-05 9.9964E-05 9.9964E-05 0.0261052 0.973495 9.9964E-05
0.0153891 9.9973E-05 9.9973E-05 9.9973E-05 0.949056 0.0352547
9.996E-05 9.996E-05 9.996E-05 9.996E-05 0.9995 9.996E-05
0.0226294 0.0149831 0.022815 0.242225 0.607784 0.0895634
0.0116324 9.9973E-05 0.0827705 9.9973E-05 0.905297 9.9973E-05
9.9973E-05 0.646832 9.9973E-05 9.9973E-05 0.0519876 0.300881
9.9991E-05 0.271084 0.0583095 0.400426 0.0889725 0.181108
0.0791878 0.157784 0.00384305 0.437445 0.0746185 0.247122
9.9982E-05 0.424123 9.9982E-05 0.237279 0.0795467 0.258851
0.0828345 0.233094 9.9991E-05 0.398595 0.161352 0.124025
0.0223815 0.401938 9.9991E-05 0.198822 0.106157 0.270601
0.109191 0.141823 0.071658 0.344946 0.134517 0.197866
9.9982E-05 0.347059 9.9982E-05 0.328605 0.20106 0.123076
9.9991E-05 0.188432 0.0800021 0.425583 0.159534 0.14635
0.000555048 0.311662 9.9991E-05 0.333645 0.164053 0.189985
0.00159697 0.267543 0.0551999 0.397709 0.18419 0.0937611
0.00994044 0.0507538 0.0665444 0.0043166 0.00926075 0.859184
0.03579 9.9991E-05 0.00353757 0.0200483 0.0264183 0.914106
9.9973E-05 0.0168459 0.0363619 9.9973E-05 9.9973E-05 0.946492
9.9973E-05 9.9973E-05 0.0660734 0.0137578 9.9973E-05 0.919869
9.9982E-05 9.9982E-05 0.084054 0.0369204 0.0203764 0.858449
0.0411204 0.00084635 9.9982E-05 9.9982E-05 0.0930704 0.864763
0.0262152 9.9982E-05 9.9982E-05 0.00948605 0.0690674 0.895031
0.00227285 0.0942041 9.9982E-05 0.00295516 9.9982E-05 0.900368
0.0699603 9.9973E-05 9.9973E-05 9.9973E-05 0.0519618 0.877778
9.9991E-05 0.00648654 0.0211266 0.0409859 0.0846791 0.846622
0.150917 0.0208561 0.200584 9.9991E-05 0.0103612 0.617182
0.0799187 9.9982E-05 0.311069 9.9982E-05 0.0171107 0.591702
0.090201 0.0778683 0.276331 9.9982E-05 9.9982E-05 0.555399
0.0922688 0.100304 0.314637 9.9982E-05 9.9982E-05 0.492591
0.207453 9.9982E-05 0.129256 0.556349 9.9982E-05 0.106742
0.321071 0.0942087 0.0947538 0.417012 0.0728544 9.9991E-05
0.183408 0.0251051 0.155571 0.542715 0.0553822 0.037818
0.17947 0.11951 0.222954 0.408094 9.9991E-05 0.069872
0.165785 0.0571333 0.631329 0.144653 0.000999833 9.9991E-05
0.198538 0.0376482 0.0161963 0.642604 0.0389287 0.0660845
0.320024 9.9982E-05 0.12284 0.550897 0.00603919 9.9982E-05
0.288266 0.0704514 0.105406 0.535677 9.9982E-05 9.9982E-05
0.592903 0.0341567 9.9982E-05 0.262283 0.110458 9.9982E-05
0.100679 9.9982E-05 0.162921 0.71362 9.9982E-05 0.0225806
0.461865 9.9973E-05 0.125034 0.412801 9.9973E-05 9.9973E-05
0.71727 0.198001 0.0844295 9.9973E-05 9.9973E-05 9.9973E-05
0.167186 0.0758975 0.139124 0.521253 9.9991E-05 0.0964389
0.537713 0.240183 9.9973E-05 0.221804 9.9973E-05 9.9973E-05
0.364231 0.0527407 0.0529153 0.529913 9.9982E-05 9.9982E-05
0.699948 9.9982E-05 0.205946 0.0481368 9.9982E-05 0.0457691
9.9982E-05 0.134397 0.720945 0.00585221 9.9982E-05 0.138606
9.9982E-05 0.139036 0.717835 0.0631883 9.9982E-05 0.0797407
9.9982E-05 0.0808701 0.85239 0.0237717 9.9982E-05 0.0427681
0.0210121 0.109407 0.774577 9.9982E-05 9.9982E-05 0.094804
9.9973E-05 0.126314 0.799672 0.0737145 9.9973E-05 9.9973E-05
9.9991E-05 0.0811639 0.773199 0.0647733 0.0453795 0.0353845
0.00994476 9.9982E-05 9.9982E-05 0.0896345 0.0472486 0.852972
9.9982E-05 9.9982E-05 0.101434 0.0361725 0.0654635 0.79673
9.9982E-05 9.9982E-05 0.0176478 0.153291 0.0649129 0.763948
9.9982E-05 9.9982E-05 0.101088 0.0258522 0.133014 0.739846
9.9991E-05 0.00963265 0.00296157 0.128823 0.0529008 0.805582
0.073314 0.0118682 0.502184 9.9982E-05 9.9982E-05 0.412433
0.0948011 0.0959934 0.335612 9.9982E-05 9.9982E-05 0.473394
0.101512 9.9973E-05 0.432502 9.9973E-05 9.9973E-05 0.465685
9.9982E-05 9.9982E-05 0.0131535 0.137733 0.0326988 0.816215
0.109656 0.0344539 0.486715 9.9982E-05 9.9982E-05 0.368975
0.0142817 0.127254 9.9991E-05 0.279868 0.314531 0.263965
0.0810152 0.0509077 9.9991E-05 0.543644 0.231505 0.0928279
9.9973E-05 9.9973E-05 9.9973E-05 0.504767 0.311669 0.183264
0.0217311 0.154228 0.034561 0.337551 0.184924 0.267004
0.159793 9.9991E-05 0.00925131 0.47779 0.176329 0.176737
9.9973E-05 0.275751 9.9973E-05 9.9973E-05 0.317434 0.406515
0.0929065 0.0731955 0.340524 0.471418 9.9991E-05 0.0218561
0.0371741 0.295981 0.264362 0.39039 0.00400806 0.00808418
0.00764345 9.9982E-05 0.537135 0.336999 9.9982E-05 0.118022
0.105101 0.222138 0.133886 0.536354 0.000101448 0.00241998
0.186896 0.624728 0.188077 9.9973E-05 9.9973E-05 9.9973E-05
0.0686375 0.095719 0.143786 0.5338 0.0299605 0.128097
0.146883 0.0985977 0.240979 0.502183 0.0103427 0.00101377
0.117223 0.0336095 0.435765 0.39217 9.9991E-05 0.021132
0.0178431 0.0873024 0.183425 0.566043 0.0624322 0.0829545
0.175098 0.415157 0.271357 0.138189 9.9982E-05 9.9982E-05
0.0948592 0.198989 0.185416 0.424991 0.0956441 9.9991E-05
0.0616552 0.0651233 0.26753 0.571996 0.00169052 0.0320046
0.18053 0.0371192 0.030531 0.372103 0.176469 0.203248
0.00850199 0.271662 0.258107 0.461529 9.9982E-05 9.9982E-05
0.0545431 0.108768 0.280324 0.501904 0.00391639 0.0505448
0.0989217 0.22041 0.0730437 0.52798 0.0795444 9.9991E-05
0.0813004 0.166342 0.123412 0.628746 9.9982E-05 9.9982E-05
0.0804719 0.105184 0.129534 0.621165 0.0565998 0.00704453
0.059499 0.125537 0.106132 0.565566 0.0759069 0.0673591
0.0340771 0.0787464 0.232245 0.533745 0.0417384 0.0794479
9.9973E-05 9.9973E-05 9.9973E-05 0.122999 0.0984675 0.778233
0.0798585 9.9982E-05 9.9982E-05 0.0445297 0.0315723 0.84384
0.101018 0.00822686 0.0383248 0.0317404 0.0368053 0.783884
0.0865161 9.9991E-05 0.0107938 0.00836558 0.0356202 0.858604
9.9964E-05 9.9964E-05 9.9964E-05 0.16224 9.9964E-05 0.83736
0.108345 0.0843194 0.570566 0.200128 0.0365422 9.9991E-05
0.0926566 0.0375341 0.217626 0.494714 0.138569 0.0189013
0.0952786 0.144493 9.9991E-05 0.379365 0.203089 0.177675
0.0267819 0.0158497 0.169442 0.619837 0.111105 0.0569846
0.10862 9.9991E-05 0.261489 0.505011 0.00754812 0.117232
0.0249526 0.324232 0.323183 0.274169 0.0533624 9.9991E-05
0.137943 0.128301 0.564604 0.0187198 9.9991E-05 0.150332
0.0405149 0.0826069 0.32408 0.49918 0.0535183 9.9991E-05
0.0612538 0.156417 0.489483 0.189419 0.0455357 0.0578908
0.0399359 0.283431 0.184007 0.381362 0.0489631 0.0623004
0.0825374 0.141448 0.552993 0.0674876 0.0567918 0.0987419
9.9973E-05 9.9973E-05 0.191059 0.673785 9.9973E-05 0.134856
0.136761 0.0230957 0.545241 0.21192 9.9991E-05 0.0828824
0.00146701 0.237881 0.316691 0.355453 0.0670316 0.0214756
0.142982 0.244531 0.0775829 0.474245 0.0220771 0.038582
9.9982E-05 0.582267 0.064354 0.3296 9.9982E-05 0.0235788
0.0570394 0.224807 0.10784 0.489285 0.0418887 0.0791399
0.135146 0.190416 9.9991E-05 0.537708 0.0357476 0.100882
9.9973E-05 0.504794 0.129896 0.36501 9.9973E-05 9.9973E-05
0.0561894 0.315524 0.0360679 0.434831 0.0182401 0.139148
0.0179561 0.363649 9.9982E-05 0.577279 9.9982E-05 0.0409151
0.0503247 0.672217 0.139259 0.138 9.9982E-05 9.9982E-05
0.0898064 0.65196 9.9973E-05 0.257934 9.9973E-05 9.9973E-05
9.9973E-05 0.403033 0.0566949 0.539972 9.9973E-05 9.9973E-05
0.13037 0.586846 0.102411 0.180174 9.9982E-05 9.9982E-05
0.0779169 0.324395 0.116351 0.481138 9.9982E-05 9.9982E-05
0.160489 0.08723 0.626825 0.0913195 0.0340368 9.9991E-05
0.117003 0.27492 0.350664 0.257213 9.9982E-05 9.9982E-05
0.105416 0.0125349 0.404755 0.35602 0.0687872 0.0524872
0.0157088 0.0770631 0.198701 0.600112 0.0761969 0.0322182
0.263305 0.0162405 0.453698 0.253532 0.0131248 9.9991E-05
0.0350093 0.138524 0.204881 0.458845 0.154496 0.00824485
0.0857727 0.0499708 0.149605 0.566524 0.11261 0.0355176
0.0578168 0.161155 0.245745 0.458033 0.0640732 0.0131771
0.0398919 0.100054 0.257099 0.507629 0.0952264 9.9991E-05
0.146261 9.9991E-05 0.352296 0.391 0.0856016 0.0247409
0.205962 9.9982E-05 0.53963 0.112722 0.141487 9.9982E-05
0.0862337 0.0378365 0.419286 0.330306 0.126238 9.9991E-05
0.0584687 0.00283231 0.263751 0.613822 0.0610255 9.9991E-05
0.106989 0.0839071 0.177361 0.593917 0.0377252 9.9991E-05
9.9991E-05 0.161355 0.286791 0.460955 0.00655332 0.0842456
0.00792407 0.0963207 0.284301 0.50903 0.102324 9.9991E-05
9.9991E-05 0.0834478 0.424176 0.337057 0.0926878 0.062532
0.115451 9.9973E-05 0.191879 0.69237 9.9973E-05 9.9973E-05
9.9991E-05 0.110748 0.269336 0.472976 0.108057 0.0387834
0.103051 0.0965003 0.191805 0.39779 0.173745 0.0371083
0.0786252 9.9991E-05 0.00281378 0.465804 0.136321 0.316336
9.9982E-05 0.158072 9.9982E-05 0.504782 0.156958 0.179989
9.9991E-05 0.124592 0.0795227 0.512533 0.189313 0.0939391
0.0578734 0.0863092 0.078367 0.594478 0.128712 0.0542601
0.139526 9.9982E-05 9.9982E-05 0.439758 0.2278 0.192716
0.0318473 0.188505 0.233513 0.536887 0.00914768 9.9991E-05
0.0653614 0.0144478 0.0341074 0.543743 0.10333 0.239011
0.137913 0.452493 9.9982E-05 9.9982E-05 0.161139 0.248255
0.0452305 0.0634023 0.129445 0.463761 0.202914 0.0952476
9.9991E-05 0.0926043 0.133945 0.542198 0.167979 0.0631734
0.120614 0.0363497 0.145564 0.398648 0.269123 0.0297026
0.108172 0.225154 0.0210359 0.357396 0.104306 0.183937
0.0346148 0.102355 9.9991E-05 0.534492 0.181102 0.147336
9.9991E-05 0.0550777 0.030948 0.589731 0.161278 0.162865
9.9973E-05 0.283132 9.9973E-05 9.9973E-05 0.238657 0.477911
0.037839 0.136313 9.9991E-05 0.472167 0.237515 0.116065
0.0458438 9.9982E-05 9.9982E-05 0.479744 0.26463 0.209582
9.9982E-05 0.114753 9.9982E-05 0.669467 0.049382 0.166199
0.0489204 0.0443181 9.9991E-05 0.571865 0.130913 0.203884
9.9991E-05 0.170478 0.0646546 0.533333 0.11865 0.112784
0.169255 0.218893 0.0986199 0.465123 0.0480095 9.9991E-05
0.153961 0.0999889 0.048336 0.482692 0.108661 0.106361
0.25285 0.613706 0.0988733 0.0343702 9.9982E-05 9.9982E-05
0.152282 0.620818 0.142801 0.0838989 9.9982E-05 9.9982E-05
0.0392293 0.334611 0.0309603 0.526058 0.0690411 9.9991E-05
9.9991E-05 0.173855 0.0250079 0.44674 0.310821 0.0434764
0.0326112 0.209817 9.9991E-05 0.339929 0.336994 0.0805496
9.9991E-05 0.287832 0.00679659 0.216463 0.287663 0.201147
9.9982E-05 0.197506 9.9982E-05 0.347181 0.260145 0.194968
9.9982E-05 0.714862 9.9982E-05 0.149886 0.0838135 0.0512391
0.0575877 0.488185 9.9991E-05 0.27318 0.0876569 0.0932905
0.103386 0.188828 0.0202472 0.565732 0.112461 0.00934505
0.0991929 0.243197 9.9991E-05 0.518539 0.0893452 0.0496261
0.111027 0.42718 0.0092279 0.292704 0.0560464 0.103815
0.0405614 0.118171 0.12046 0.596266 0.0744753 0.0500671
9.9982E-05 0.311612 0.0552064 0.555147 0.0778341 9.9982E-05
0.113707 0.126306 0.0456802 0.504101 0.119494 0.0907115
0.117338 0.357891 0.0581128 0.466458 9.9982E-05 9.9982E-05
0.0968562 0.306581 0.107179 0.489184 9.9982E-05 9.9982E-05
0.195311 0.196446 0.0131817 0.555386 9.9991E-05 0.0395751
0.159643 0.294941 0.162588 0.327796 0.0478834 0.00714827
9.9991E-05 0.279513 0.0514273 0.484381 0.0849081 0.0996699
0.0908017 0.393515 0.0300679 0.485415 9.9982E-05 9.9982E-05
0.13289 0.486556 0.160752 0.219603 9.9982E-05 9.9982E-05
0.16216 0.135997 9.9982E-05 0.622084 9.9982E-05 0.0795589
0.176282 0.465669 0.106567 0.251282 9.9982E-05 9.9982E-05
0.06498 0.387194 0.0447436 0.502883 9.9982E-05 9.9982E-05
0.125973 0.187317 0.00872533 0.531083 0.0405842 0.106317
0.162426 0.259093 0.0139323 0.521822 0.0426267 9.9991E-05
0.0609741 0.0703715 0.073087 0.370474 0.19404 0.231054
0.128018 0.0877558 0.0477877 0.417214 0.156418 0.162807
9.9991E-05 0.214669 0.0327346 0.29347 0.327642 0.131384
0.0284841 0.170698 0.145949 0.241059 0.225428 0.188381
9.9991E-05 0.147618 0.134373 0.399446 0.186522 0.131941
0.0251284 0.199867 0.063803 0.470166 0.110637 0.130399
0.0167335 0.561783 0.0576608 0.000258823 0.199564 0.164
9.9991E-05 0.0839989 0.0631478 0.601179 0.170783 0.0807913
9.9973E-05 0.520453 9.9973E-05 9.9973E-05 0.130963 0.348284
0.0350552 0.170365 9.9991E-05 0.510202 0.201251 0.0830267
0.320469 0.542271 9.9973E-05 0.13696 9.9973E-05 9.9973E-05
0.306732 0.646055 0.0469125 9.9973E-05 9.9973E-05 9.9973E-05
0.0766178 0.341509 0.0418115 0.539862 9.9982E-05 9.9982E-05
0.0900488 0.239496 9.9991E-05 0.647537 0.0196433 0.00317495
0.15106 0.33477 0.0276707 0.486299 9.9982E-05 9.9982E-05
0.271038 0.211174 0.00146467 0.473964 0.0422591 9.9991E-05
0.108908 0.262737 0.0381742 0.587764 0.00231654 9.9991E-05
0.0506026 0.0470743 9.9991E-05 0.0868596 0.0440801 0.771283
9.9982E-05 0.0790137 0.105159 9.9982E-05 0.103685 0.711942
9.9973E-05 9.9973E-05 0.035692 9.9973E-05 0.0789947 0.885013
9.9964E-05 9.9964E-05 9.9964E-05 0.0567407 9.9964E-05 0.942859
0.270611 0.160989 9.9991E-05 0.46705 0.0338037 0.0674457
0.433553 9.9991E-05 0.0436058 0.414018 0.0603415 0.0483814
0.539098 9.9982E-05 0.0223502 0.419653 0.0186993 9.9982E-05
0.254398 9.9973E-05 9.9973E-05 0.606255 9.9973E-05 0.139047
0.26608 0.0680556 0.0389868 0.502087 0.0631461 0.0616444
0.545707 0.0757651 0.112323 0.235467 9.9991E-05 0.0306387
0.381634 9.9973E-05 9.9973E-05 0.575915 0.0421515 9.9973E-05
0.451121 0.198035 9.9973E-05 0.350544 9.9973E-05 9.9973E-05
9.9991E-05 0.0654062 0.0533475 0.453097 0.173165 0.254884
0.321048 0.135586 0.0491787 0.471433 0.0226542 9.9991E-05
0.538681 9.9991E-05 0.119219 0.322396 0.0172398 0.00236457
0.411633 0.000120975 0.0335645 0.495528 0.0590534 9.9991E-05
0.537877 9.9982E-05 0.0881894 0.343354 9.9982E-05 0.0303797
0.375944 0.0272512 9.9982E-05 0.556568 9.9982E-05 0.0400366
0.339244 9.9982E-05 9.9982E-05 0.582298 0.0223815 0.0558769
0.887329 0.0642947 9.9973E-05 0.0480765 9.9973E-05 9.9973E-05
0.589125 0.122224 9.9991E-05 0.221592 0.0658056 0.00115264
0.691026 9.9991E-05 0.0534814 0.218824 0.0323999 0.00416845
0.757206 0.242394 9.9964E-05 9.9964E-05 9.9964E-05 9.9964E-05
0.433094 9.9982E-05 0.0962673 0.384512 9.9982E-05 0.0859259
0.599527 0.292941 9.9982E-05 0.100683 9.9982E-05 0.0066488
0.702309 0.297291 9.9964E-05 9.9964E-05 9.9964E-05 9.9964E-05
0.311743 0.040999 0.00336236 0.59172 9.9991E-05 0.0520758
0.741132 9.9982E-05 0.0533286 0.185791 0.019549 9.9982E-05
0.470983 0.00827555 0.102455 0.280821 0.117077 0.0203887
0.166777 0.0415301 0.0334933 0.527209 0.16056 0.0704308
0.437142 9.9991E-05 0.0871421 0.46263 0.00769525 0.00529128
0.10319 0.197615 0.29139 0.332685 0.0750209 9.9991E-05
0.33969 9.9982E-05 0.044791 0.556785 0.0585344 9.9982E-05
0.352661 9.9991E-05 0.0723383 0.513785 0.0089729 0.0521432
0.662061 0.0490528 9.9973E-05 0.288586 9.9973E-05 9.9973E-05
0.143186 0.0620202 0.117414 0.550288 0.088173 0.0389197
9.9991E-05 0.0627524 0.272312 0.0319461 0.00165486 0.631235
0.0346434 0.0167098 0.103244 0.0748279 9.9991E-05 0.770475
9.9973E-05 0.0807515 0.138675 9.9973E-05 9.9973E-05 0.780273
9.9973E-05 0.0831184 0.129492 9.9973E-05 9.9973E-05 0.787089
9.9982E-05 0.000890276 0.217938 0.0429721 9.9982E-05 0.737999
0.746157 9.9991E-05 0.130524 0.0428252 0.0171945 0.0631988
0.711253 0.00201455 0.0775158 0.137652 9.9991E-05 0.0714651
0.6956 0.19785 9.9973E-05 0.10625 9.9973E-05 9.9973E-05
0.224258 0.00781446 9.9991E-05 0.536621 0.128717 0.10249
0.129556 0.096416 9.9991E-05 0.611346 0.0308963 0.131686
0.605895 0.0587846 9.9982E-05 0.314599 0.0205216 9.9982E-05
0.333846 9.9973E-05 9.9973E-05 0.611652 0.054202 9.9973E-05
0.401768 0.106674 9.9982E-05 0.456033 0.0353252 9.9982E-05
0.305821 0.069164 0.0818109 0.543004 9.9982E-05 9.9982E-05
0.331149 0.0287059 0.0488893 0.475907 0.0934902 0.0218582
0.579874 0.0546813 0.133587 0.231658 9.9982E-05 9.9982E-05
0.572467 9.9982E-05 0.0799956 0.335241 9.9982E-05 0.0120963
0.567048 9.9973E-05 0.12515 0.307502 9.9973E-05 9.9973E-05
9.9991E-05 0.235112 0.054063 0.58522 0.0250824 0.100422
0.572463 9.9982E-05 0.0608079 0.352354 9.9982E-05 0.0141747
0.329615 0.0710747 0.0909862 0.470956 9.9991E-05 0.0372682
9.9982E-05 0.0873341 9.9982E-05 0.433574 0.428998 0.0498941
0.118522 0.0310772 9.9991E-05 0.325612 0.464418 0.0602715
9.9991E-05 0.00681274 0.00447699 0.426163 0.488262 0.0741853
0.0273064 0.0756573 9.9991E-05 0.285139 0.502416 0.109381
9.9982E-05 0.13491 9.9982E-05 0.538537 0.211373 0.11498
0.315244 0.154997 9.9982E-05 0.503841 0.0257178 9.9982E-05
9.9982E-05 0.0669224 9.9982E-05 0.0764656 0.604125 0.252287
0.0466915 0.0185241 9.9991E-05 0.285267 0.506186 0.143232
0.0788721 0.259199 9.9991E-05 0.400095 0.158681 0.103052
0.0393534 0.148429 0.0689072 0.626243 9.9991E-05 0.116967
0.0050434 0.333691 0.123991 0.396362 0.060084 0.0808283
0.00521795 0.157889 0.00269391 0.670468 9.9991E-05 0.163631
0.115254 0.15484 0.0688727 0.569226 0.00912446 0.0826824
9.9973E-05 9.9973E-05 9.9973E-05 0.356194 0.443284 0.200222
0.0804879 9.9991E-05 0.0125581 0.432602 0.335828 0.138424
9.9982E-05 0.000826715 9.9982E-05 0.407762 0.520718 0.0704937
0.0047339 0.0121227 0.13605 0.400286 0.332129 0.114679
0.0171923 0.0512846 9.9991E-05 0.346119 0.46088 0.124424
0.146202 9.9991E-05 0.0903203 0.323704 0.352768 0.0869064
9.9982E-05 0.0513627 9.9982E-05 0.251077 0.541933 0.155427
9.9982E-05 0.0398508 9.9982E-05 0.388147 0.439338 0.132465
0.0877914 0.291349 0.0388361 0.482144 0.0220706 0.0778095
9.9991E-05 0.0393108 0.0391258 0.375093 0.379154 0.167216
9.9973E-05 9.9973E-05 9.9973E-05 0.183018 0.611049 0.205633
0.0114942 0.0876367 0.125958 0.4158 0.293198 0.0659141
0.0789731 0.259467 0.245376 0.247687 9.9991E-05 0.168397
9.9982E-05 0.2564 0.0390605 0.606683 0.0976566 9.9982E-05
0.00265058 0.0569552 0.0569628 0.43143 0.247487 0.204514
0.0667914 0.0954183 0.0689457 0.631014 0.0200506 0.11778
0.0596022 0.212859 0.0311588 0.51258 9.9991E-05 0.1837
0.203745 9.9982E-05 9.9982E-05 0.32673 0.212211 0.257114
0.0488857 0.10892 0.0251674 0.364464 0.230728 0.221836
0.0901935 0.100135 0.0547412 0.499869 0.164727 0.0903332
0.130161 9.9991E-05 0.0170037 0.309366 0.436268 0.107101
0.0359508 0.0201367 0.00720306 0.403304 0.426131 0.107274
9.9982E-05 0.0359379 9.9982E-05 0.182981 0.600004 0.180877
9.9991E-05 0.196191 0.0542731 0.575754 0.0600893 0.113592
0.127269 0.214272 0.0505493 0.467762 9.9991E-05 0.140047
9.9973E-05 0.632462 9.9973E-05 0.218059 9.9973E-05 0.149179
0.0919826 0.128591 0.0763616 0.501623 0.119562 0.0818807
9.9982E-05 0.226232 0.205635 0.488111 9.9982E-05 0.0798223
0.133011 0.116446 9.9991E-05 0.386325 0.163421 0.200695
9.9991E-05 0.148807 0.124046 0.50614 0.0456982 0.175208
9.9973E-05 0.507672 9.9973E-05 9.9973E-05 0.201911 0.290117
9.9973E-05 0.610076 9.9973E-05 9.9973E-05 0.0835579 0.306066
9.9991E-05 0.423967 0.0648477 0.277175 0.161077 0.0728343
9.9973E-05 0.49443 9.9973E-05 9.9973E-05 0.225173 0.280096
9.9973E-05 0.35492 9.9973E-05 9.9973E-05 0.214909 0.429871
0.0580495 0.345481 0.0286231 0.311424 0.107553 0.14887
0.044001 0.242959 0.0610624 0.355436 0.150782 0.145759
9.9991E-05 0.332665 0.0074562 0.20486 0.147941 0.306978
9.9982E-05 0.502718 9.9982E-05 0.100852 0.146292 0.249938
0.0140467 0.267702 0.00051801 0.546818 0.0620133 0.108903
0.112244 0.446466 9.9991E-05 0.115836 0.107653 0.217701
9.9973E-05 0.53342 9.9973E-05 9.9973E-05 0.0435312 0.422749
0.000638492 0.0946128 0.0757154 0.565385 0.127898 0.13575
9.9991E-05 0.213582 0.0459475 0.328101 0.230268 0.182001
0.10749 9.9991E-05 0.0202599 0.364975 0.181105 0.32607
9.9973E-05 9.9973E-05 9.9973E-05 0.595785 0.176033 0.227882
9.9991E-05 0.0317214 0.0768925 0.564132 0.185654 0.141499
0.0640314 0.0923001 0.030866 0.424658 0.290067 0.0980774
9.9991E-05 0.000317076 0.0667189 0.27939 0.254947 0.398527
9.9991E-05 0.106881 0.0208107 0.573812 0.127408 0.170988
0.0535807 9.9991E-05 0.058249 0.365742 0.268226 0.254101
9.9991E-05 0.141895 0.00723285 0.375504 0.237493 0.237775
0.197252 0.0082963 0.198262 0.263991 0.135468 0.19673
0.0183829 0.154173 0.0783229 0.565764 0.088872 0.0944852
0.00660768 0.0811917 0.0688177 0.565622 0.103345 0.174416
0.173061 0.0674613 0.0227298 0.52445 0.0922349 0.120063
9.9982E-05 0.058599 9.9982E-05 0.370347 0.284256 0.286597
0.131809 0.0188174 9.9991E-05 0.432407 0.167867 0.248999
9.9982E-05 0.267201 9.9982E-05 0.147193 0.194981 0.390424
9.9982E-05 9.9982E-05 0.172993 0.384517 0.266425 0.175866
9.9982E-05 0.155205 9.9982E-05 0.337963 0.212755 0.293878
0.034134 0.0387796 0.12998 9.9982E-05 9.9982E-05 0.796906
0.107512 0.013846 0.714359 0.0514674 0.0606778 0.0521379
9.996E-05 9.996E-05 0.9995 9.996E-05 9.996E-05 9.996E-05
9.9964E-05 9.9964E-05 0.984306 9.9964E-05 9.9964E-05 0.0152942
9.9964E-05 9.9964E-05 0.979163 9.9964E-05 0.0204369 9.9964E-05
9.9973E-05 9.9973E-05 0.908341 0.0439263 0.0474328 9.9973E-05
9.9973E-05 9.9973E-05 0.923742 0.0706902 0.00526802 9.9973E-05
0.00219229 9.9973E-05 0.926661 9.9973E-05 9.9973E-05 0.0708471
9.9964E-05 9.9964E-05 0.798793 9.9964E-05 9.9964E-05 0.200808
9.9982E-05 9.9982E-05 0.0679989 0.0310636 0.020212 0.880526
9.9982E-05 9.9982E-05 0.153053 0.0218658 0.0322881 0.792593
0.0164999 0.0457293 9.9991E-05 0.0268279 0.0491191 0.861724
9.9982E-05 0.0442869 0.0868006 0.0413831 9.9982E-05 0.827329
0.0270205 9.9982E-05 0.0376136 9.9982E-05 0.0973582 0.837808
0.0509542 9.9973E-05 0.0348928 9.9973E-05 9.9973E-05 0.913853
0.0317963 9.99838E-05 0.0638866 9.99838E-05 0.192398 0.711719
0.0272331 9.9982E-05 9.9982E-05 0.0420213 0.0542541 0.876292
0.112115 9.9991E-05 0.0895232 0.0301907 0.072364 0.695707
0.010525 9.9982E-05 9.9982E-05 0.0426909 0.0737876 0.872797
9.9964E-05 0.040259 9.9964E-05 9.9964E-05 9.9964E-05 0.959341
9.9991E-05 0.0429866 0.0635729 0.0638526 0.0115092 0.817979
9.9973E-05 9.9973E-05 0.0126928 9.9973E-05 0.031763 0.955244
9.9973E-05 0.0151127 9.9973E-05 0.0773385 9.9973E-05 0.907249
0.0331231 9.9982E-05 9.9982E-05 0.0295807 0.0592829 0.877813
9.9973E-05 9.9973E-05 9.9973E-05 0.117415 0.0406553 0.841629
9.9973E-05 9.9973E-05 9.9973E-05 0.107973 0.142742 0.748985
9.9973E-05 9.9973E-05 9.9973E-05 0.134994 0.0529988 0.811707
9.9973E-05 9.9973E-05 9.9973E-05 0.0978768 0.0704301 0.831393
0.0963366 0.282142 0.0489514 0.402826 9.9991E-05 0.169643
0.100269 0.157991 0.0126897 0.633425 9.9991E-05 0.0955255
0.175394 0.0562236 0.0328277 0.551901 0.0154989 0.168154
0.0914049 0.688811 9.9982E-05 0.188001 9.9982E-05 0.0315834
9.9982E-05 0.22011 0.115062 0.516894 9.9982E-05 0.147734
0.0249918 0.687238 9.9982E-05 0.168095 9.9982E-05 0.119475
9.9991E-05 0.142351 0.0112215 0.676209 0.0437863 0.126332
0.133465 0.255377 0.0986483 0.411595 9.9991E-05 0.100815
0.0813344 0.254036 9.9991E-05 0.562806 0.0136645 0.0880592
0.357809 0.0288492 0.0241397 0.505563 0.0442473 0.0393919
9.9982E-05 0.329794 0.150957 0.461407 9.9982E-05 0.057642
0.0241761 0.294509 9.9982E-05 0.584785 9.9982E-05 0.0963304
0.040913 0.172717 0.128149 0.590757 0.0086163 0.0588476
0.180134 0.275632 0.464204 0.0424457 0.037484 9.9991E-05
0.00768908 0.849416 0.129457 0.00998396 9.9991E-05 0.00335378
9.9982E-05 0.784795 0.0175701 0.176018 9.9982E-05 0.0214166
0.0715007 0.165662 9.9982E-05 0.649911 9.9982E-05 0.112726
9.9982E-05 0.278904 0.0998396 0.524296 9.9982E-05 0.0967603
9.9973E-05 0.255159 9.9973E-05 0.592436 9.9973E-05 0.152105
0.0939702 0.125267 9.9991E-05 0.66799 0.0344376 0.0782352
9.9991E-05 0.134091 0.0252133 0.55459 0.0902622 0.195744
0.048975 9.9991E-05 0.0242852 0.624342 0.12258 0.179718
9.9991E-05 0.182338 0.0711411 0.204237 0.130344 0.41184
0.0610067 0.00673862 0.0698733 0.69533 0.0120847 0.154966
0.0421173 0.0261889 0.0982446 0.427716 0.11997 0.285763
9.9973E-05 0.423681 9.9973E-05 9.9973E-05 0.157111 0.418908
9.9982E-05 0.199858 9.9982E-05 0.305814 0.216692 0.277436
0.16929 0.0432406 0.0330988 0.171559 0.257998 0.324813
0.0740083 0.0103714 0.112624 0.391223 0.0909995 0.320774
0.00772914 0.108284 0.153089 0.395823 0.276587 0.058488
0.102639 0.0615693 0.0313243 0.411705 0.17588 0.216882
0.0061173 0.0770538 0.0388749 0.561459 0.142817 0.173679
0.0192944 0.201296 9.9991E-05 0.350759 0.297471 0.13108
0.101581 9.9982E-05 9.9982E-05 0.283358 0.156652 0.458208
