9.9973E-05 0.0753907 9.9973E-05 0.869878 9.9973E-05 0.0544318
0.00462298 0.0174775 0.0513006 0.926399 9.9982E-05 9.9982E-05
9.9982E-05 0.0485777 9.9982E-05 0.808448 0.069728 0.0730465
9.9982E-05 0.093403 9.9982E-05 0.775411 0.0170673 0.113919
9.9982E-05 0.0188799 9.9982E-05 0.860986 0.0699363 0.0499977
0.0835292 0.0656567 0.12726 0.614507 0.042026 0.067021
0.117628 0.00956734 0.01853 0.854074 9.9982E-05 9.9982E-05
0.11675 0.0955235 9.9982E-05 0.757415 0.0301114 9.9982E-05
0.0340776 0.108446 0.0231118 0.834164 9.9982E-05 9.9982E-05
0.0962306 0.0174794 9.9991E-05 0.719146 0.154649 0.0123947
0.128235 0.115257 9.9982E-05 0.735423 0.0208849 9.9982E-05
9.9982E-05 0.407881 0.307329 9.9982E-05 0.191013 0.093578
0.166375 0.283438 9.9982E-05 9.9982E-05 0.503023 0.0469634
0.0957932 0.514108 0.0547651 9.9991E-05 0.230868 0.104366
0.0403146 0.427234 0.0825485 0.0411815 0.203997 0.204724
0.0190342 0.23021 0.100182 0.155469 0.401829 0.093276
0.0119369 0.142486 0.113546 0.00578181 0.55365 0.1726
0.050145 0.210802 0.136613 9.9991E-05 0.508289 0.0940508
9.999E-05 0.348313 0.134457 0.103189 0.321299 0.0926415
0.0772253 0.717583 0.0915295 0.00849103 9.9991E-05 0.105071
0.0318379 0.295886 0.151246 9.9991E-05 0.448464 0.0724655
0.223261 0.111431 0.0520158 0.00237062 0.545198 0.0657227
0.100896 0.164899 0.228516 9.9991E-05 0.459203 0.0463866
0.0873719 0.31836 0.179812 0.00849892 0.254565 0.151392
9.999E-05 0.129501 0.0794097 0.128284 0.574951 0.0877541
9.9982E-05 0.333864 0.0367256 9.9982E-05 0.432162 0.197049
0.0339581 0.487675 0.235241 9.9991E-05 0.0481345 0.194891
9.999E-05 0.424632 0.194341 0.0133352 0.118592 0.248999
0.162098 0.424067 0.111673 9.9991E-05 0.279112 0.0229494
9.9973E-05 9.9973E-05 9.9973E-05 0.821611 0.144027 0.0340621
9.9964E-05 9.9964E-05 9.9964E-05 0.825154 0.174446 9.9964E-05
9.9982E-05 9.9982E-05 0.0173926 0.761516 0.142446 0.0784451
9.9982E-05 9.9982E-05 0.064086 0.726827 0.1168 0.0920875
0.0650606 0.125299 0.196317 0.011555 0.574585 0.0271834
9.999E-05 0.0544669 0.296447 0.0306809 0.583192 0.0351129
9.9982E-05 9.9982E-05 0.47463 0.0429863 0.448641 0.0335428
0.046829 0.53319 0.148601 0.125115 0.146165 9.9991E-05
0.0168254 0.0144442 0.683094 0.00864965 0.213468 0.0635191
0.00339484 0.0778207 0.191102 0.149722 0.57786 9.9991E-05
0.104126 9.9991E-05 0.163109 0.0489213 0.646632 0.0371121
0.0849117 0.0846517 0.0528289 0.161113 0.616395 9.9991E-05
0.0987898 0.0467371 0.0127573 0.104775 0.736841 9.9991E-05
9.9982E-05 0.169786 0.711025 0.0130007 0.105988 9.9982E-05
0.159128 0.070422 9.9991E-05 0.0761041 0.650837 0.0434084
0.0752942 9.9991E-05 0.260958 0.0633454 0.544916 0.0553865
0.0204349 9.9991E-05 0.155816 0.118708 0.589555 0.115385
9.9964E-05 9.9964E-05 0.660399 9.9964E-05 0.339201 9.9964E-05
0.0750347 9.9982E-05 0.25405 9.9982E-05 0.628912 0.0418035
9.9991E-05 0.118388 0.215545 0.144273 0.405342 0.116352
0.288839 9.9973E-05 0.691147 0.0197144 9.9973E-05 9.9973E-05
0.166245 0.46321 0.225509 9.9982E-05 0.144836 9.9982E-05
0.525781 0.223393 0.0699664 9.9991E-05 0.157859 0.0229007
9.9991E-05 0.20549 0.0868116 0.0229723 0.500142 0.184484
0.130613 0.028945 9.9982E-05 0.133868 0.706374 9.9982E-05
0.096807 0.1165 0.123595 0.0482192 0.47357 0.141308
0.0889946 0.414826 0.192852 0.110316 0.192911 9.9991E-05
9.9991E-05 0.252077 0.0558143 0.0193826 0.608369 0.0642577
0.166243 0.105347 0.0285512 0.0682825 0.503416 0.12816
0.0853875 0.205851 0.243763 0.104841 0.359207 0.000950292
0.2333 0.312545 0.0941042 0.199692 0.122441 0.0379186
0.0959641 0.0929313 0.172 0.0912875 0.533238 0.0145795
0.0938263 0.311081 0.0447658 0.0228295 0.500544 0.0269536
0.225508 0.497399 0.155128 0.0370777 0.0847879 9.9991E-05
0.111057 0.295016 9.9982E-05 0.0136189 0.580109 9.9982E-05
0.237008 9.9973E-05 9.9973E-05 9.9973E-05 0.627004 0.135687
9.9991E-05 0.177982 0.0686506 0.145876 0.575686 0.0317057
0.0867711 0.338218 0.228579 0.0500897 0.229663 0.066679
0.180276 0.202252 0.0770088 9.9991E-05 0.495245 0.0451184
0.0225689 0.201283 0.042329 0.0899512 0.643768 9.9991E-05
0.22537 0.438434 0.055174 0.0143084 0.266614 9.9991E-05
9.9973E-05 0.100728 0.340159 9.9973E-05 0.558814 9.9973E-05
9.9982E-05 0.120124 0.660667 0.0266888 0.19232 9.9982E-05
0.0386614 0.0935925 0.124772 0.0758379 0.571469 0.0956674
0.11629 9.9964E-05 0.88331 9.9964E-05 9.9964E-05 9.9964E-05
0.117893 0.0383292 0.843478 9.9973E-05 9.9973E-05 9.9973E-05
0.00574563 9.9973E-05 0.75741 9.9973E-05 0.236545 9.9973E-05
9.9973E-05 0.118641 0.396736 9.9973E-05 0.484323 9.9973E-05
0.0130668 9.9991E-05 0.244754 0.143275 0.549941 0.0488639
0.0505342 0.039889 0.518075 9.9991E-05 0.299195 0.0922063
9.9982E-05 0.132484 0.758341 9.9982E-05 0.0348498 0.0741248
9.9982E-05 0.249922 0.520748 0.0632198 0.16591 9.9982E-05
9.9991E-05 0.0200431 0.257115 0.161205 0.48755 0.0739864
9.9982E-05 0.0312497 0.707367 0.0311174 0.230066 9.9982E-05
9.9991E-05 0.0884559 0.435061 0.0955646 0.379522 0.00129644
0.0331575 9.9973E-05 0.619549 9.9973E-05 0.346994 9.9973E-05
0.29205 9.9973E-05 0.70002 9.9973E-05 9.9973E-05 0.00763025
9.9982E-05 0.0398172 0.349309 9.9982E-05 0.512547 0.0981266
9.9991E-05 0.108025 0.0116331 0.752357 0.0558797 0.0720058
9.9964E-05 9.9964E-05 9.9964E-05 0.905491 0.0941094 9.9964E-05
9.9973E-05 9.9973E-05 9.9973E-05 0.858792 0.0920736 0.048834
9.9973E-05 9.9973E-05 0.000235083 0.917704 0.0817611 9.9973E-05
0.0146725 0.0116783 9.9982E-05 0.840978 0.132472 9.9982E-05
9.9973E-05 9.9973E-05 0.0590321 0.877216 9.9973E-05 0.0634518
9.9982E-05 9.9982E-05 0.0186739 0.894821 0.0687665 0.0175391
9.9982E-05 0.125289 0.264197 0.103904 0.50641 9.9982E-05
0.0426759 0.0733137 0.0522017 0.111237 0.605048 0.115524
0.00705236 0.125522 0.807803 0.03797 0.0215527 9.9991E-05
0.0303386 0.0603617 0.138889 0.121345 0.592493 0.0565732
9.9991E-05 0.0724018 0.460188 0.0879848 0.363101 0.0162243
9.9973E-05 9.9973E-05 0.254781 0.0836047 0.661314 9.9973E-05
0.0217896 9.9991E-05 0.326796 0.0763403 0.514688 0.060286
0.0382529 9.9991E-05 0.433919 0.0504908 0.456202 0.0210361
0.0477837 0.262576 0.67989 0.00955021 9.9982E-05 9.9982E-05
0.118635 0.0876233 0.109783 0.110582 0.485953 0.0874241
0.0945262 0.0401678 0.131319 0.0340732 0.627091 0.0728227
9.9991E-05 0.113364 0.142615 0.0857946 0.511634 0.146493
0.0822838 9.9991E-05 0.574632 0.0030524 0.307891 0.0320406
0.0275711 9.9982E-05 0.467232 9.9982E-05 0.502252 0.00274497
9.9991E-05 0.127775 0.357362 0.0421696 0.446155 0.0264388
9.9973E-05 9.9973E-05 0.629052 9.9973E-05 0.217953 0.152695
9.9982E-05 0.125263 0.353181 0.0824205 0.438935 9.9982E-05
0.0136909 0.0889388 0.125932 0.144399 0.626939 9.9991E-05
0.21048 0.373344 0.0753847 0.0364068 0.304285 9.9991E-05
0.040706 0.300446 0.0674839 0.130258 0.445269 0.0158377
9.9991E-05 0.21489 0.075233 0.129248 0.480414 0.100115
9.9991E-05 0.146362 0.165276 0.0194362 0.585475 0.0833515
0.0952329 0.300021 0.00740036 0.0398351 0.531609 0.0259018
0.0638194 0.295102 9.9982E-05 9.9982E-05 0.583873 0.0570052
0.0336884 0.421294 0.0102633 9.9991E-05 0.532443 0.00221088
0.125321 0.128887 0.0960735 0.106109 0.543509 9.9991E-05
0.0398809 0.194689 0.0514937 0.0754441 0.638393 9.9991E-05
0.0622678 0.156619 0.0900783 0.0465364 0.613568 0.0309295
0.0158473 0.392492 0.0124471 9.9982E-05 0.579014 9.9982E-05
0.0255102 0.184158 0.0263128 0.0574419 0.646846 0.0597308
9.9991E-05 0.104948 0.145262 0.0928472 0.536749 0.120093
9.9982E-05 0.187586 0.16639 9.9982E-05 0.573718 0.072106
0.115905 0.153802 9.9991E-05 0.0572679 0.568591 0.104334
9.9991E-05 0.158992 0.174066 0.0145953 0.567122 0.0851249
0.244118 0.212264 0.00132605 0.0858376 0.415874 0.0405807
0.0300726 0.255469 0.0115039 9.9991E-05 0.630918 0.0719361
0.0674793 0.177316 9.9991E-05 0.0187206 0.697299 0.0390848
0.012304 0.420562 0.261151 0.0623813 0.205999 0.0376034
0.368208 0.338334 0.0587754 9.9991E-05 0.19544 0.0391429
0.101055 0.207035 0.0817257 0.030598 0.545565 0.0340214
0.339234 0.352009 0.171837 9.9991E-05 0.0764094 0.0604101
0.0506743 0.471932 0.0729178 0.0235682 0.380808 9.9991E-05
0.00194608 0.333276 0.162182 9.9982E-05 0.502395 9.9982E-05
0.0101279 0.450302 0.105364 0.0537726 0.380334 9.9991E-05
0.00659957 0.565591 0.0544633 0.00402611 0.365694 0.00362552
0.108744 0.121625 0.083513 0.0652433 0.557549 0.0633264
0.0145854 0.170501 0.0440829 0.144757 0.595913 0.0301603
0.0506353 0.177248 0.161442 0.0765934 0.511654 0.0224279
0.250338 0.368777 0.182593 9.9991E-05 0.158056 0.0401354
0.0911219 0.0129839 0.151497 0.226402 0.492476 0.0255197
0.240447 0.11208 0.140605 0.0101622 0.418119 0.0785868
0.602669 0.104215 0.172472 0.12019 0.000354876 9.9991E-05
0.144199 0.0279375 0.0382858 0.0481199 0.654128 0.0873301
0.278783 0.0789178 0.185251 0.0610444 0.363928 0.0320758
0.178161 0.0715425 0.0901523 0.0848359 0.429588 0.145721
0.470408 0.166831 0.0213849 0.0659474 0.264244 0.011185
0.452251 0.161957 0.021513 0.0803396 0.28384 9.9991E-05
0.264792 0.142009 0.140419 0.027513 0.425167 9.9991E-05
0.264361 0.0891603 0.0269435 0.0210309 0.570669 0.0278359
0.150943 9.9991E-05 0.157936 0.173445 0.440794 0.0767825
0.483289 0.0884767 0.208055 0.0284234 9.9991E-05 0.191656
0.094493 0.0982782 0.0895578 0.097829 0.546243 0.0735991
0.317195 0.121037 0.176383 9.9982E-05 0.385184 9.9982E-05
0.216745 0.09505 0.182112 9.9982E-05 0.505893 9.9982E-05
0.0480937 9.9991E-05 0.197967 0.0861343 0.469706 0.198
0.226745 0.0193035 9.9991E-05 0.353553 0.204541 0.195757
0.34768 9.9973E-05 9.9973E-05 0.53051 9.9973E-05 0.12151
0.465442 9.9973E-05 9.9973E-05 0.452663 9.9973E-05 0.0815953
0.145986 0.00776647 9.9991E-05 0.420204 0.0775669 0.348377
0.226171 9.9973E-05 0.0508168 9.9973E-05 0.722712 9.9973E-05
0.0839328 9.9991E-05 0.10314 0.12524 0.594314 0.0932728
9.9973E-05 9.9973E-05 0.0433773 9.9973E-05 0.292503 0.66382
0.00421705 0.139718 0.0458438 0.047082 0.324417 0.438722
0.0836083 0.0295096 9.9991E-05 0.106472 0.338173 0.442137
0.490879 9.9973E-05 0.105498 9.9973E-05 0.403323 9.9973E-05
0.195897 0.0823289 0.0780945 0.0593096 0.58427 9.9991E-05
0.651188 0.00111538 0.0651561 9.9982E-05 0.282341 9.9982E-05
0.177384 0.0123498 0.0909543 0.0880607 0.631151 9.9991E-05
0.181458 0.157343 0.101804 0.0428014 0.516494 9.9991E-05
0.253861 9.9982E-05 0.0658189 0.0553928 0.624727 9.9982E-05
0.571137 0.0313106 0.123731 9.9982E-05 0.273621 9.9982E-05
0.126633 0.0663352 0.0690458 0.0266718 0.626328 0.0849864
0.135443 9.9991E-05 0.0876693 0.0971889 0.659487 0.0201111
9.9964E-05 9.9964E-05 0.0242677 9.9964E-05 9.9964E-05 0.975332
9.9964E-05 9.9964E-05 9.9964E-05 9.9964E-05 0.106317 0.893283
9.9991E-05 0.0397749 0.0764364 0.0377213 0.172388 0.67358
9.9982E-05 9.9982E-05 0.0398768 0.0346501 0.206298 0.718975
9.9991E-05 0.0332669 0.0462578 0.00642482 0.0903527 0.823598
9.996E-05 9.996E-05 9.996E-05 9.996E-05 9.996E-05 0.9995
9.9964E-05 0.0279557 9.9964E-05 9.9964E-05 9.9964E-05 0.971644
9.9964E-05 9.9964E-05 9.9964E-05 9.9964E-05 0.163743 0.835857
9.9982E-05 0.0179613 0.0060841 9.9982E-05 0.0195174 0.956237
9.996E-05 9.996E-05 9.996E-05 9.996E-05 9.996E-05 0.9995
9.996E-05 9.996E-05 9.996E-05 9.996E-05 9.996E-05 0.9995
9.9982E-05 0.0243616 9.9982E-05 0.0433036 0.184996 0.747139
9.9982E-05 9.9982E-05 0.0119362 0.0930361 0.138401 0.756427
9.9964E-05 9.9964E-05 0.0147945 9.9964E-05 9.9964E-05 0.984806
0.0107012 9.9991E-05 0.114379 0.112653 0.383935 0.378232
9.9982E-05 0.0676722 9.9982E-05 0.0365478 0.270596 0.624984
9.9973E-05 9.9973E-05 9.9973E-05 0.0356954 0.173754 0.79025
9.9973E-05 9.9973E-05 9.9973E-05 0.0255363 0.0776126 0.896551
9.996E-05 9.996E-05 9.996E-05 9.996E-05 9.996E-05 0.9995
0.00244361 9.9982E-05 9.9982E-05 0.0320343 0.0998058 0.865516
9.9964E-05 9.9964E-05 9.9964E-05 0.00715949 9.9964E-05 0.992441
0.03615 0.0537912 0.0532938 0.0177367 0.197059 0.641969
9.9982E-05 0.0581848 0.0247357 9.9982E-05 0.00123023 0.915649
0.616148 9.9973E-05 9.9973E-05 0.3557 9.9973E-05 0.0278523
0.15577 0.193478 9.9991E-05 0.144563 0.389509 0.11658
0.213861 9.9991E-05 0.0497244 0.204801 0.489652 0.0418624
0.440663 0.0354442 9.9991E-05 0.237839 0.189601 0.0963525
0.205088 0.0554175 0.0344089 0.157645 0.360339 0.187102
0.435517 9.9982E-05 9.9982E-05 0.256304 0.198754 0.109224
0.0892779 0.0636821 0.0569922 0.225747 0.467024 0.0972762
0.386357 9.9982E-05 9.9982E-05 0.151203 0.367795 0.0944449
0.198654 9.9991E-05 0.127192 0.14889 0.390871 0.134292
0.313907 9.9991E-05 0.00560599 0.1595 0.372153 0.148734
0.209168 9.9991E-05 0.0576809 0.194477 0.463055 0.0755188
0.0682028 0.0512736 9.9982E-05 0.833765 0.0465585 9.9982E-05
0.0298922 9.9973E-05 9.9973E-05 0.908845 9.9973E-05 0.0609627
9.9973E-05 0.0150325 0.0108434 0.973824 9.9973E-05 9.9973E-05
9.99771E-05 0.00215649 0.0331942 0.964349 9.99771E-05 9.99771E-05
0.019023 0.0789472 9.9991E-05 0.858323 0.00521947 0.0383877
0.0280055 9.9973E-05 9.9973E-05 0.901346 9.9973E-05 0.0703481
9.9982E-05 9.9982E-05 0.0139731 0.872324 0.0219626 0.0915404
0.0616723 0.00795285 0.0232927 0.890338 9.9991E-05 0.016644
9.9982E-05 9.9982E-05 0.0471081 0.900674 0.0154554 0.0365624
0.0232141 0.0107437 9.9982E-05 0.864837 9.9982E-05 0.101005
9.9973E-05 0.255032 0.13345 0.611218 9.9973E-05 9.9973E-05
9.9973E-05 0.266542 0.106554 0.626603 9.9973E-05 9.9973E-05
0.184198 0.302399 0.0168954 0.496308 9.9982E-05 9.9982E-05
0.0915641 0.311172 0.112556 0.484507 9.9982E-05 9.9982E-05
0.0562623 0.175934 0.227551 0.0148785 0.482074 0.0433007
0.0458643 0.114257 0.31097 9.9991E-05 0.431274 0.0975348
0.00173762 0.205454 0.257583 9.9991E-05 0.464982 0.0701426
0.0578369 0.23955 0.260697 0.0542862 0.38753 9.9991E-05
0.0138751 0.730984 0.0745204 9.9991E-05 0.163736 0.016785
0.0367316 0.0250246 0.206487 0.0590426 0.576172 0.0965418
9.9982E-05 0.0630129 0.357155 9.9982E-05 0.561437 0.018195
0.11289 0.123753 0.213024 9.9991E-05 0.528973 0.02126
0.00463416 9.9982E-05 0.663529 9.9982E-05 0.281277 0.05036
9.9991E-05 0.174933 0.190199 0.0329069 0.529749 0.0721115
0.0514727 0.148119 0.322122 9.9982E-05 0.478086 9.9982E-05
0.197361 0.0682775 0.734061 9.9973E-05 9.9973E-05 9.9973E-05
9.9991E-05 0.110015 0.220586 0.154005 0.492192 0.0231021
0.214171 9.9982E-05 0.492458 0.0487839 0.244387 9.9982E-05
0.0626413 9.9982E-05 0.417422 0.0497269 0.47001 9.9982E-05
0.0225041 0.20137 0.677064 0.0396533 0.0593086 9.9991E-05
0.114374 0.714384 9.9982E-05 0.139255 0.031787 9.9982E-05
0.122241 0.709828 9.9982E-05 0.115593 0.0521384 9.9982E-05
0.125732 0.811799 0.0118926 0.0361193 0.0110335 0.00342424
0.0511735 0.785651 0.0322008 0.130775 9.9982E-05 9.9982E-05
0.0875235 0.805537 9.9991E-05 0.0151444 0.0911011 0.000593962
0.0394178 0.776032 9.9991E-05 0.051729 0.0699473 0.0627743
9.9982E-05 9.9982E-05 0.0171719 0.849754 0.113115 0.0197591
9.9982E-05 0.11974 9.9982E-05 0.80194 0.0176352 0.0604848
0.0179695 9.9982E-05 9.9982E-05 0.770263 0.0932985 0.118269
9.9982E-05 0.0690106 9.9982E-05 0.759616 0.0270276 0.144146
9.9982E-05 0.0177698 9.9982E-05 0.801067 0.135314 0.0456488
0.0412245 0.529589 0.046727 0.382259 9.9982E-05 9.9982E-05
0.133485 0.353564 0.0594999 0.453251 9.9982E-05 9.9982E-05
9.9973E-05 0.420229 0.115216 0.464255 9.9973E-05 9.9973E-05
9.9973E-05 0.0209973 9.9973E-05 0.839697 0.139006 9.9973E-05
0.0531512 0.434974 0.102989 0.408686 9.9982E-05 9.9982E-05
0.184827 9.9982E-05 9.9982E-05 0.209412 0.260452 0.34511
0.0284542 9.9991E-05 0.0264529 0.157589 0.507223 0.28018
9.9973E-05 9.9973E-05 9.9973E-05 0.164326 0.498613 0.336761
0.055791 9.9991E-05 0.0562778 0.25483 0.401875 0.231126
0.00247085 0.0295991 0.181729 0.145325 0.400485 0.24039
0.194722 9.9973E-05 9.9973E-05 0.499269 9.9973E-05 0.305709
0.0635397 0.387505 0.0225085 0.0315731 0.494774 9.9991E-05
0.280925 0.171649 0.0805808 0.0107025 0.456043 9.9991E-05
0.0268079 0.483722 0.0698427 0.100706 0.318822 9.9991E-05
0.224497 0.15775 0.0908471 9.9982E-05 0.526706 9.9982E-05
0.588483 0.213298 0.197919 9.9973E-05 9.9973E-05 9.9973E-05
0.129901 0.192658 9.9991E-05 0.0508385 0.607509 0.0189932
0.18985 0.227634 0.0237349 0.00765624 0.551025 9.9991E-05
0.0766102 0.426221 0.160002 0.0360184 0.246308 0.0548407
0.0217561 0.0888449 0.192891 0.168516 0.487233 0.0407588
0.433466 0.286344 0.103496 9.9982E-05 0.176493 9.9982E-05
0.207497 0.140136 0.0988778 9.9991E-05 0.488338 0.0650517
0.0265537 0.327964 0.0828828 9.9991E-05 0.539112 0.0233871
0.133645 0.104002 0.0827732 0.172087 0.400025 0.107468
0.180429 0.299058 0.044248 9.9982E-05 0.476065 9.9982E-05
0.107201 0.253617 0.102213 0.00867882 0.52819 9.9991E-05
0.111793 0.0688404 0.225062 9.9991E-05 0.502948 0.0912564
0.117694 0.157487 0.137297 9.9991E-05 0.573635 0.013786
0.0772966 0.109374 0.0566884 9.9991E-05 0.690308 0.0662331
0.0309198 0.112871 0.12091 0.0803677 0.598889 0.0560429
9.9991E-05 0.173056 0.104814 0.104416 0.587046 0.0305667
9.9973E-05 9.9973E-05 9.9973E-05 0.79328 0.129513 0.0769077
0.0107752 9.9982E-05 9.9982E-05 0.848996 0.115222 0.0248068
0.0719506 0.0474455 0.0400713 0.782777 0.0445735 0.0131825
9.9991E-05 0.0433573 0.0571907 0.80652 0.0418949 0.0509369
9.9973E-05 9.9973E-05 9.9973E-05 0.851406 0.135474 0.0128196
0.102312 0.609177 0.0153624 9.9991E-05 0.240771 0.0322779
0.13253 0.185765 0.0893555 0.0197353 0.486367 0.0862471
0.117768 0.0780791 9.9991E-05 0.187552 0.455014 0.161487
0.0950129 0.145654 0.00252739 0.0131894 0.672146 0.0714697
9.9982E-05 0.29093 0.135517 0.0425273 0.530826 9.9982E-05
0.21779 0.358196 0.0827964 9.9991E-05 0.227588 0.11353
0.138452 0.612835 0.0641681 0.141923 0.0425219 9.9991E-05
9.9991E-05 0.310797 0.136784 0.0147906 0.495709 0.0418183
0.120602 0.514836 0.0863456 0.0560418 0.158936 0.0632382
0.194452 0.126594 0.205363 0.046785 0.343039 0.0837667
0.00390911 0.600257 0.0965543 0.154114 0.145065 9.9991E-05
9.9991E-05 0.20724 0.111495 0.10893 0.484512 0.0877237
9.9991E-05 0.492479 0.255089 0.0974837 0.12014 0.0347079
0.146222 0.305867 0.0464924 0.0738033 0.388004 0.0396113
0.16809 0.170378 0.114993 9.9991E-05 0.47015 0.0762893
0.444372 0.206036 9.9982E-05 0.00259743 0.346795 9.9982E-05
0.142031 0.0639326 0.0322502 0.0995989 0.662087 9.9991E-05
0.174668 0.033378 0.0243215 0.0851149 0.617548 0.0649688
0.51992 0.0840349 9.9973E-05 9.9973E-05 0.395745 9.9973E-05
0.0726481 0.163511 0.110314 0.0713803 0.497776 0.0843708
0.183985 0.00460163 0.159014 0.107247 0.545052 9.9991E-05
0.634217 0.0802037 0.0958725 9.9982E-05 0.189507 9.9982E-05
0.633899 9.9973E-05 0.0536725 9.9973E-05 0.312129 9.9973E-05
0.296608 0.125657 9.9991E-05 0.0230553 0.554337 0.000242305
0.496665 0.131512 0.226317 9.9982E-05 0.145305 9.9982E-05
0.253 0.157405 0.0842338 9.9982E-05 0.505162 9.9982E-05
0.0670894 0.577476 0.200173 0.0106324 0.0654027 0.0792256
0.280747 0.30995 0.147529 9.9991E-05 0.2189 0.042775
9.9982E-05 0.415986 0.121523 9.9982E-05 0.390809 0.0714823
9.9991E-05 0.246985 0.0653773 0.0404045 0.603372 0.0437614
9.9982E-05 0.545283 0.232284 9.9982E-05 0.133388 0.088845
0.169256 0.154563 0.0424726 0.0947678 0.428638 0.110303
9.9991E-05 0.320589 0.0428304 0.0345243 0.519986 0.08197
9.9982E-05 0.239424 0.175701 9.9982E-05 0.487441 0.0972337
0.156212 0.189405 0.0512815 0.0127808 0.507246 0.0830755
9.9982E-05 0.387829 0.156268 0.016647 0.439056 9.9982E-05
9.9982E-05 0.61473 0.0659761 9.9982E-05 0.249695 0.0693996
9.9991E-05 0.410464 0.14702 0.0513245 0.300777 0.090314
0.0438659 0.216561 0.126701 9.9991E-05 0.577563 0.0352093
0.0407853 0.156448 0.123738 0.0746986 0.593226 0.0111038
0.15874 0.225239 0.119734 0.0680015 0.40829 0.019995
0.138735 0.236527 0.00891189 9.9991E-05 0.482786 0.13294
0.0635382 0.434016 9.9991E-05 0.0624691 0.368896 0.0709807
0.0342186 0.306793 9.9982E-05 9.9982E-05 0.627084 0.0317045
9.9991E-05 0.198696 0.120919 0.0814173 0.492468 0.106398
0.0153318 0.188676 0.163681 0.0722624 0.469036 0.0910133
0.0317851 9.9991E-05 0.0898789 0.357401 0.405566 0.11527
0.127776 9.9991E-05 0.0771421 0.157715 0.418834 0.218433
0.120235 0.166593 9.9991E-05 0.079581 0.447969 0.185522
0.104059 0.0245215 0.0563903 0.0969436 0.601471 0.116615
0.0639856 9.9991E-05 0.109737 0.190202 0.412754 0.223222
0.296395 0.209945 0.0305599 9.9991E-05 0.439374 0.0236258
0.0709788 9.9991E-05 0.108966 0.201773 0.468225 0.149956
0.468087 9.9991E-05 0.0970564 0.242972 0.0473965 0.144387
0.0663201 0.048995 9.9991E-05 0.205736 0.559046 0.119803
0.0790176 0.0447333 0.0971226 0.0847311 0.529993 0.164402
0.0817913 0.0826179 0.0490737 0.0937227 0.461133 0.231662
0.14666 0.0807486 0.167306 0.202565 0.274495 0.128226
0.102293 0.030106 9.9991E-05 0.234028 0.570328 0.0631453
0.0992115 9.9982E-05 9.9982E-05 0.121613 0.640203 0.138773
0.346264 9.9982E-05 0.0085729 0.452741 9.9982E-05 0.192223
0.0247989 0.0865563 0.0667427 0.176481 0.422259 0.223162
0.0822211 0.0206062 9.9991E-05 0.119255 0.556475 0.221343
0.0994367 0.0454087 0.0963586 0.129224 0.513821 0.115751
0.0387185 0.00445062 0.0225464 0.180296 0.566569 0.187419
9.9991E-05 0.0418654 0.102558 0.18432 0.528887 0.14227
0.163595 0.0275175 0.234685 0.0434834 0.43243 0.098288
0.124672 0.00553688 0.198107 0.114189 0.48653 0.0709649
0.530617 0.132063 0.265946 9.9982E-05 0.0711748 9.9982E-05
0.589412 0.0716862 0.285091 9.9982E-05 0.0536103 9.9982E-05
0.104957 0.0691793 0.267574 9.9991E-05 0.36993 0.188259
0.161545 9.9982E-05 9.9982E-05 0.084751 0.496642 0.256862
0.26375 9.9982E-05 9.9982E-05 0.0384022 0.32826 0.369388
0.320824 9.9982E-05 9.9982E-05 0.163331 0.17 0.345645
0.193633 9.9982E-05 9.9982E-05 0.179417 0.341636 0.285113
0.681126 0.001426 0.023192 0.0335217 0.188528 0.0722067
0.492383 9.9991E-05 0.104978 0.0640664 0.260458 0.0780152
0.218536 9.9982E-05 0.131895 9.9982E-05 0.478864 0.170505
0.22281 9.9991E-05 0.113682 0.015037 0.510582 0.137789
0.506088 0.0211357 9.9991E-05 0.0405289 0.325775 0.106373
0.206769 0.0636289 9.9991E-05 0.0455891 0.568114 0.115799
0.205441 0.0169204 0.0207086 0.0437783 0.664368 0.0487836
0.136507 0.122759 0.0884214 0.0712089 0.365129 0.215975
0.340386 0.150724 0.114494 9.9982E-05 0.394197 9.9982E-05
0.394811 0.051126 0.160774 9.9982E-05 0.393089 9.9982E-05
0.261396 0.0286522 9.9991E-05 0.0462507 0.545797 0.117804
0.246702 0.141228 0.0751514 0.0775096 0.387027 0.0723824
0.141829 0.158077 0.193807 0.0166264 0.357879 0.131782
0.335065 0.0103238 0.0813095 9.9982E-05 0.573102 9.9982E-05
0.499483 0.100238 0.0981829 9.9982E-05 0.301896 9.9982E-05
0.188393 9.9991E-05 0.163685 0.0208415 0.526174 0.100806
0.458524 0.0729396 0.203422 9.9982E-05 0.264914 9.9982E-05
0.331275 9.9991E-05 0.0953444 0.0283299 0.53541 0.00954032
0.146519 0.00304198 0.136886 0.0957968 0.53331 0.0844455
0.141209 0.0787399 0.2162 0.0476959 0.50594 0.0102157
0.14471 9.9991E-05 0.0347513 0.206587 0.452626 0.161225
0.118243 0.113464 0.064114 0.0783427 0.424424 0.201413
0.148758 0.0492984 9.9991E-05 0.178984 0.359782 0.263078
0.0867784 0.119157 0.0129937 0.203315 0.344593 0.233162
0.0123245 0.150196 0.0541518 0.20356 0.410841 0.168926
0.207228 0.0175047 0.0224088 0.137217 0.473504 0.142138
0.571774 0.0576956 0.0257456 0.16347 9.9991E-05 0.181215
0.114152 0.0266904 9.9991E-05 0.101564 0.603829 0.153665
0.53396 9.9973E-05 9.9973E-05 0.319169 9.9973E-05 0.146571
0.215412 9.9991E-05 0.0271985 0.0618161 0.443227 0.252247
0.541947 9.9973E-05 0.317815 9.9973E-05 0.139938 9.9973E-05
0.557898 0.0574742 0.384328 9.9973E-05 9.9973E-05 9.9973E-05
0.188993 0.0700892 0.24587 9.9982E-05 0.494848 9.9982E-05
0.226013 9.9991E-05 0.0449676 0.00530503 0.636031 0.0875838
0.305041 0.0346703 0.20545 9.9982E-05 0.454638 9.9982E-05
0.131343 9.9982E-05 0.292853 9.9982E-05 0.51228 0.0633244
0.310367 9.9973E-05 0.105386 9.9973E-05 0.583947 9.9973E-05
0.017201 0.0452835 9.9991E-05 0.799846 0.0620592 0.07551
0.0668243 0.127721 9.9982E-05 0.688033 9.9982E-05 0.117221
9.9973E-05 0.0552429 9.9973E-05 0.883538 9.9973E-05 0.0609193
0.0100935 9.9973E-05 9.9973E-05 0.944005 0.0456016 9.9973E-05
9.9991E-05 0.0784394 0.3711 0.0100381 0.435215 0.105107
9.9982E-05 0.0505119 0.382711 0.0815818 0.484996 9.9982E-05
9.9973E-05 0.10758 0.476761 9.9973E-05 0.41536 9.9973E-05
0.00946446 0.0351706 0.251213 0.133989 0.545186 0.0249768
0.029336 0.139372 0.203367 0.11637 0.511454 9.9991E-05
0.0315236 0.170506 0.479302 0.0503627 0.23521 0.0330964
9.9973E-05 9.9973E-05 0.410413 9.9973E-05 0.482694 0.106593
0.14867 9.9982E-05 0.4815 0.0110732 0.358557 9.9982E-05
0.0789326 0.042755 9.9991E-05 0.239118 0.474981 0.164114
0.139139 0.0612737 0.279614 9.9991E-05 0.460355 0.0595187
9.9991E-05 0.0905374 0.520672 0.0722134 0.298241 0.0182357
0.0385289 0.0417655 0.364111 9.9991E-05 0.511552 0.0439427
9.9982E-05 0.102083 0.463071 0.014254 0.420392 9.9982E-05
0.0219784 0.0231826 0.317893 9.9982E-05 0.636746 9.9982E-05
9.9982E-05 9.9982E-05 0.372451 0.0864057 0.527037 0.0139061
0.101197 9.9982E-05 0.85245 9.9982E-05 0.0420718 0.00408164
0.106445 9.9982E-05 0.598215 9.9982E-05 0.240176 0.0549634
0.0276573 0.0834751 0.648271 0.00345812 0.237038 9.9991E-05
0.224272 9.9964E-05 0.775328 9.9964E-05 9.9964E-05 9.9964E-05
9.9991E-05 0.0702732 0.448707 0.0528165 0.37521 0.0528928
0.332647 9.9982E-05 0.529015 9.9982E-05 0.125696 0.012442
0.259327 9.9973E-05 0.736264 0.00410909 9.9973E-05 9.9973E-05
0.00439629 9.9991E-05 0.309373 0.0673505 0.618157 0.000623311
0.00535606 0.106192 0.681528 0.0388034 0.168021 9.9991E-05
0.0502952 0.113362 0.407889 9.9991E-05 0.286924 0.141431
0.0268983 0.0046881 0.275602 0.116814 0.465666 0.110333
9.9991E-05 0.135447 0.299746 0.00563955 0.492098 0.0669699
0.245844 0.315149 0.0283672 9.9991E-05 0.377105 0.0334354
0.0248348 0.0373045 0.336069 0.0224191 0.557711 0.021661
9.9982E-05 0.139919 0.402502 9.9982E-05 0.372265 0.0851147
9.9964E-05 9.9964E-05 0.730112 9.9964E-05 0.269488 9.9964E-05
0.0973909 0.0397951 0.242229 0.0790841 0.480451 0.0610498
0.086312 0.277332 9.9982E-05 0.626528 0.00962818 9.9982E-05
0.00784055 0.123595 0.0663935 0.75452 0.044967 0.00268356
0.0485475 0.117899 0.0126916 0.820662 9.9982E-05 9.9982E-05
0.0671437 0.145406 0.00848495 0.778766 9.9982E-05 9.9982E-05
0.087807 0.180975 9.9982E-05 0.685759 0.0452589 9.9982E-05
9.9991E-05 0.123951 0.721381 0.0509949 0.0672143 0.0363597
0.084728 0.137861 0.59679 0.0517628 0.128758 9.9991E-05
0.087837 9.9982E-05 0.811836 9.9982E-05 0.0751318 0.0249956
9.9982E-05 9.9982E-05 0.322339 0.103554 0.500958 0.0729487
9.9991E-05 0.08735 0.185761 0.120931 0.487622 0.118236
0.0544584 0.0238036 0.572353 0.0174299 0.331855 9.9991E-05
0.0145375 0.0530873 0.219392 9.9991E-05 0.563989 0.148894
0.0297011 9.9991E-05 0.415239 0.0837623 0.469611 0.00158677
0.0319493 0.0278027 0.263357 0.0696481 0.599722 0.00752042
9.9991E-05 0.0928741 0.311607 0.0584818 0.512746 0.0241907
0.00249937 0.182167 0.580956 9.9991E-05 0.202844 0.0314348
9.9982E-05 0.131269 0.50611 0.00221934 0.360201 9.9982E-05
9.9973E-05 0.176779 0.500412 9.9973E-05 0.322509 9.9973E-05
0.154364 0.102578 9.9982E-05 0.124081 0.618778 9.9982E-05
9.9982E-05 0.123616 0.429795 0.0192592 0.427131 9.9982E-05
9.9991E-05 0.0652955 0.456643 0.0395084 0.357577 0.0808765
9.9991E-05 0.0110157 0.129182 0.0633132 0.329337 0.467052
0.0434098 9.9991E-05 0.072048 0.102526 0.317404 0.464512
0.0878996 9.9982E-05 9.9982E-05 0.0901228 0.35946 0.462317
9.9973E-05 9.9973E-05 9.9973E-05 0.224894 0.384124 0.390683
0.0626885 0.0645045 9.9991E-05 0.105118 0.4468 0.320789
0.0974764 9.9991E-05 0.35459 0.0527545 0.448231 0.046848
0.0369581 0.0630288 9.9991E-05 0.228052 0.0241357 0.647725
9.9973E-05 9.9973E-05 9.9973E-05 0.175946 0.383897 0.439858
0.218859 9.9991E-05 0.0302392 0.175671 0.449535 0.125596
0.16982 0.0345362 0.0117372 0.159902 0.623904 9.9991E-05
0.305307 0.138555 0.0140998 0.117876 0.408739 0.0154224
0.160391 0.0379433 9.9982E-05 0.123848 0.677618 9.9982E-05
0.26539 0.0261702 0.0138049 0.0630973 0.630466 0.00107089
9.9973E-05 9.9973E-05 9.9973E-05 0.221894 0.36307 0.414736
9.9991E-05 0.0576534 0.06799 0.0950915 0.386818 0.392347
9.9973E-05 9.9973E-05 9.9973E-05 0.131967 0.34397 0.523763
9.9991E-05 0.0926167 0.0152479 0.0966132 0.416583 0.37884
0.078524 9.9991E-05 0.00087581 0.073432 0.301528 0.54554
0.0976212 0.0233351 9.9991E-05 0.0968295 0.455993 0.326121
0.0762167 9.9982E-05 9.9982E-05 0.0706449 0.251446 0.601492
0.0127736 0.152504 0.0112054 0.040464 0.353303 0.429751
0.216942 9.9982E-05 0.028137 0.0855027 0.669218 9.9982E-05
0.0606019 0.0645211 0.0462061 0.0539569 0.338161 0.436553
9.9982E-05 9.9982E-05 0.0261168 0.144361 0.178649 0.650673
0.0275589 0.0464221 0.105297 0.171045 0.291161 0.358517
0.268709 0.240634 0.0297564 0.184032 0.276769 9.9991E-05
0.224014 0.112021 0.0317259 9.9991E-05 0.483567 0.148571
9.9982E-05 0.18278 9.9982E-05 0.116811 0.418214 0.281995
0.150507 0.066872 9.9991E-05 0.130569 0.637055 0.0148967
0.170831 0.055884 0.0999967 0.190089 0.468998 0.0142008
0.169995 9.9991E-05 0.106899 0.186716 0.340715 0.195576
0.130117 9.9982E-05 9.9982E-05 0.199307 0.370124 0.300251
0.0971082 0.126357 0.0292443 0.0651555 0.526324 0.155811
0.00014951 9.9991E-05 0.146419 0.120011 0.396633 0.336688
0.09594 9.9982E-05 9.9982E-05 0.0910473 0.366134 0.446679
0.0648589 9.9982E-05 9.9982E-05 0.180745 0.183092 0.571104
0.0950583 0.0508072 0.0451349 0.0969433 0.691093 0.0209637
0.203541 0.0684164 0.0887589 0.114077 0.525107 9.9991E-05
0.602933 9.9973E-05 9.9973E-05 0.108548 0.28822 9.9973E-05
0.0747407 0.128915 0.0873894 0.1083 0.555034 0.0456207
0.167098 0.325378 9.9991E-05 0.0598243 0.372058 0.0755416
0.0399793 0.0114888 0.0787699 0.214893 0.474363 0.180505
0.153736 0.115599 0.0237009 0.0420304 0.550554 0.114379
0.496345 9.9973E-05 9.9973E-05 0.287701 9.9973E-05 0.215654
0.600907 9.9973E-05 9.9973E-05 0.287186 9.9973E-05 0.111607
0.380359 0.0259269 9.9991E-05 0.163874 0.298878 0.130861
0.406941 0.0557402 9.9991E-05 0.289407 0.0357599 0.212052
0.3074 9.9973E-05 9.9973E-05 0.440089 9.9973E-05 0.252211
0.265119 0.0977202 0.0560226 0.110822 0.36485 0.105467
0.16164 9.9991E-05 0.034545 0.268914 0.413072 0.121729
0.284321 0.0650926 0.0118585 0.250821 0.157344 0.230562
0.469954 9.9982E-05 9.9982E-05 0.258302 0.0890373 0.182506
0.135445 0.044828 0.0926124 0.104679 0.485184 0.137252
0.503179 9.9991E-05 0.0313741 0.198842 0.11654 0.149965
0.538049 9.9973E-05 9.9973E-05 0.399523 9.9973E-05 0.0621285
9.9982E-05 9.9982E-05 0.152664 0.173391 0.505899 0.167845
0.264697 0.0478217 9.9991E-05 0.0870413 0.279122 0.321217
0.0856506 9.9991E-05 0.0367056 0.289674 0.400685 0.187185
9.9973E-05 9.9973E-05 9.9973E-05 0.147479 0.578276 0.273945
9.9982E-05 9.9982E-05 0.176039 0.14763 0.45905 0.217081
0.0983991 9.9991E-05 0.0825446 0.112632 0.485714 0.22061
9.9982E-05 0.0577788 9.9982E-05 0.401835 0.348726 0.19146
0.0340109 9.9982E-05 9.9982E-05 0.224147 0.576078 0.165564
9.9982E-05 0.0382249 9.9982E-05 0.265971 0.441937 0.253668
0.11181 0.0698644 0.0682155 0.190386 0.217329 0.342395
0.00950601 0.178149 0.292284 0.129217 0.200328 0.190516
0.0197479 0.1313 0.0398976 0.177516 0.550298 0.0812404
0.0316828 0.0124105 0.0927104 0.154079 0.559825 0.149292
0.0714779 0.0316524 0.111396 0.106883 0.49356 0.185031
0.048062 0.0615707 9.9991E-05 0.318052 0.32434 0.247875
0.0486669 0.180371 0.0118441 0.0692129 0.462144 0.227762
0.198814 9.9991E-05 0.0258193 0.396842 0.177522 0.200903
9.9991E-05 0.0487308 0.0596764 0.205847 0.510354 0.175291
0.168595 9.9991E-05 0.0258815 0.27001 0.233661 0.301752
0.00532746 0.0972063 0.060887 0.828621 9.9991E-05 0.00785776
0.0193505 0.756396 9.9982E-05 0.0742683 0.149785 9.9982E-05
9.9964E-05 0.983179 9.9964E-05 0.0164212 9.9964E-05 9.9964E-05
9.9964E-05 0.98988 9.9964E-05 0.00972013 9.9964E-05 9.9964E-05
0.0243159 0.965391 9.9973E-05 9.9973E-05 0.00999308 9.9973E-05
9.9964E-05 0.980945 9.9964E-05 9.9964E-05 9.9964E-05 0.0186555
9.9973E-05 0.914594 9.9973E-05 0.000480528 0.0846251 9.9973E-05
9.9964E-05 0.960598 9.9964E-05 0.0390017 9.9964E-05 9.9964E-05
9.9964E-05 0.843436 9.9964E-05 0.156164 9.9964E-05 9.9964E-05
9.9982E-05 0.0563823 0.0215527 0.901683 9.9982E-05 0.0201822
9.9973E-05 0.104402 9.9973E-05 0.827205 0.0680932 9.9973E-05
0.0257416 9.9991E-05 0.0122293 0.852662 0.0650288 0.0442383
0.0617124 0.115873 9.9982E-05 0.807093 0.0151221 9.9982E-05
9.9973E-05 0.0463726 9.9973E-05 0.898522 9.9973E-05 0.0548057
0.0086101 0.0540574 0.0210037 0.916129 9.9982E-05 9.9982E-05
0.0196258 0.0923157 9.9982E-05 0.723501 9.9982E-05 0.164357
9.9982E-05 9.9982E-05 0.0333373 0.863293 0.0138612 0.089309
0.000468319 0.0854681 0.0750527 0.724459 0.0790678 0.0354837
9.9982E-05 9.9982E-05 0.0211403 0.911806 0.0278637 0.0389903
9.9982E-05 0.00802083 0.026685 0.958316 0.00677844 9.9982E-05
9.9991E-05 0.0649811 0.0170074 0.836555 0.0325834 0.048773
9.9973E-05 0.0313118 9.9973E-05 0.963568 9.9973E-05 0.0048198
9.9973E-05 9.9973E-05 9.9973E-05 0.914671 0.0760884 0.0089411
9.9982E-05 9.9982E-05 0.0438958 0.839248 0.035249 0.0814071
9.9973E-05 9.9973E-05 9.9973E-05 0.839312 0.115359 0.0450284
9.9973E-05 9.9973E-05 9.9973E-05 0.772056 0.0838005 0.143843
9.9973E-05 9.9973E-05 9.9973E-05 0.760784 0.141536 0.0973803
9.9982E-05 9.9982E-05 0.0286382 0.82379 0.0772988 0.0700727
0.221313 0.103441 0.0732807 0.115301 0.418801 0.0678646
0.0992186 0.0215477 0.0427369 0.0975013 0.738895 9.9991E-05
0.0554672 0.150893 0.0702343 0.0678921 0.568223 0.0872913
0.645089 0.0218885 0.0548138 0.0548337 0.223275 9.9991E-05
0.132666 0.132322 0.0635926 0.127928 0.543392 9.9991E-05
0.692128 9.9982E-05 0.0370749 0.123052 0.147545 9.9982E-05
0.266745 0.0361434 9.9982E-05 0.0800187 0.616893 9.9982E-05
0.181686 0.151811 0.147383 0.0614488 0.457572 9.9991E-05
0.196062 0.0983348 0.065347 0.0743809 0.552999 0.0128759
0.0810433 0.103957 0.245142 0.0457527 0.524004 9.9991E-05
0.174099 0.1772 9.9982E-05 0.109295 0.539206 9.9982E-05
0.135533 0.0874257 0.0312817 0.0613312 0.635333 0.0490959
0.18329 0.130899 9.9982E-05 0.0652098 0.620402 9.9982E-05
0.220314 0.457477 0.221322 9.9991E-05 0.0610095 0.0397773
0.841003 0.133164 0.00112139 9.9982E-05 0.0245117 9.9982E-05
0.709245 9.9973E-05 9.9973E-05 0.0507276 0.239727 9.9973E-05
0.0395905 0.0951797 9.9991E-05 0.157261 0.693149 0.0147198
0.302131 9.9982E-05 9.9982E-05 0.132658 0.547043 0.0179687
0.261746 9.9982E-05 0.0346832 0.139207 0.564164 9.9982E-05
0.170791 9.9982E-05 9.9982E-05 0.0501214 0.687999 0.0908888
0.127971 0.0125766 9.9991E-05 0.13275 0.528055 0.198547
0.055218 9.9982E-05 9.9982E-05 0.165082 0.595682 0.183818
0.153132 0.099473 0.0505753 0.396862 0.145107 0.154851
0.0567669 0.0757976 0.0983453 0.123278 0.643198 0.0026143
0.0247835 0.128729 0.0151139 0.239135 0.481853 0.110385
0.416389 9.9973E-05 9.9973E-05 0.398359 9.9973E-05 0.184952
0.169617 9.9991E-05 0.0200961 0.283896 0.313538 0.212754
9.9991E-05 0.0955463 0.126472 0.326508 0.319132 0.132242
0.0348252 0.0204402 0.0509033 0.373555 0.467228 0.0530486
9.9982E-05 0.13033 9.9982E-05 0.0662001 0.558061 0.245209
0.131431 0.00857473 0.0254299 0.153676 0.495358 0.18553
0.072138 0.066137 9.9991E-05 0.106507 0.666783 0.0883357
0.27837 9.9982E-05 9.9982E-05 0.15145 0.393933 0.176048
9.9991E-05 0.0256783 0.0709934 0.496646 0.284617 0.121965
