0.0138987 9.9955E-05 9.9955E-05 9.9955E-05 9.9955E-05 0.0118817 0.0709224 0.0421368 9.9955E-05 0.860661
9.9946E-05 0.035522 0.0136939 9.9946E-05 0.0367479 9.9946E-05 9.9946E-05 9.9946E-05 9.9946E-05 0.913437
0.0271891 9.9964E-05 9.9964E-05 0.124511 9.9964E-05 9.9964E-05 0.0109549 0.0234981 0.0131623 0.800285
0.00813499 0.0926273 9.9955E-05 0.090198 9.9955E-05 9.9955E-05 9.9955E-05 0.053488 9.9955E-05 0.755052
0.0390811 9.9955E-05 9.9955E-05 0.0213634 0.032352 9.9955E-05 9.9955E-05 0.0426328 9.9955E-05 0.864071
0.0217197 0.0114595 0.324507 9.9955E-05 9.9955E-05 9.9955E-05 9.9955E-05 0.0513501 9.9955E-05 0.590464
9.99371E-05 9.99371E-05 0.17107 9.99371E-05 9.99371E-05 0.0131626 9.99371E-05 9.99371E-05 9.99371E-05 0.815068
0.0333825 0.0397343 0.207869 9.9955E-05 9.9955E-05 0.0232469 9.9955E-05 9.9955E-05 9.9955E-05 0.695267
0.0189727 0.0356646 9.99639E-05 9.99639E-05 9.99639E-05 0.0338695 0.0597739 9.99639E-05 0.062774 0.788545
0.019661 9.9964E-05 0.108673 0.0585772 0.0644299 9.9964E-05 9.9964E-05 0.0572715 9.9964E-05 0.690988
0.000505954 0.0190539 0.244041 9.9955E-05 9.9955E-05 0.0330101 9.9955E-05 9.9955E-05 9.9955E-05 0.702889
9.9955E-05 0.0143617 9.9955E-05 0.192042 9.9955E-05 0.7766 9.9955E-05 0.00642974 0.010067 9.9955E-05
0.0217144 9.9964E-05 9.9964E-05 0.422562 9.9964E-05 0.426768 0.0339334 0.040237 9.9964E-05 0.0543851
0.014013 9.9973E-05 9.9973E-05 0.104192 0.02592 0.743475 0.0557097 0.036065 9.9973E-05 0.020325
9.9946E-05 9.9946E-05 9.9946E-05 0.154841 9.9946E-05 0.694624 9.9946E-05 0.118746 9.9946E-05 0.0311881
0.00649079 9.9973E-05 0.0776894 0.299765 0.0364421 0.384583 9.9973E-05 0.0726324 9.9973E-05 0.122097
0.000111365 9.9973E-05 9.9973E-05 0.535698 0.0617008 0.275421 0.0321976 0.0503474 9.9973E-05 0.0442233
0.0511287 9.9964E-05 0.0445658 0.442834 9.9964E-05 0.366027 0.0324363 9.9964E-05 0.0626086 9.9964E-05
9.9982E-05 0.051608 9.9982E-05 0.223566 0.00030965 0.516559 0.0291372 0.0374912 0.0328024 0.108326
9.9946E-05 0.0633392 0.110916 9.9946E-05 9.9946E-05 0.785308 9.9946E-05 9.9946E-05 9.9946E-05 0.0398374
9.9964E-05 9.9964E-05 9.9964E-05 0.391814 0.0280715 0.441046 0.0607659 0.027773 0.0501297 9.9964E-05
9.9964E-05 9.9964E-05 0.0718467 0.387883 9.9964E-05 0.308982 0.12605 0.0275973 0.0772411 9.9964E-05
0.0510101 9.9973E-05 0.0744913 0.485945 9.9973E-05 0.267702 9.9973E-05 0.000955005 0.053091 0.0665052
9.9946E-05 9.9946E-05 0.057544 0.130865 9.9946E-05 0.726143 9.9946E-05 0.084849 9.9946E-05 9.9946E-05
9.9964E-05 0.0985908 0.112503 0.571289 9.9964E-05 0.107305 9.9964E-05 0.0794699 9.9964E-05 0.0304427
9.9946E-05 9.9946E-05 9.9946E-05 0.411915 9.9946E-05 0.494363 9.9946E-05 0.00321307 9.9946E-05 0.089909
9.9946E-05 9.9946E-05 9.9946E-05 0.0113078 9.9946E-05 0.839263 9.9946E-05 0.0837726 9.9946E-05 0.0650568
9.9955E-05 9.9955E-05 9.9955E-05 0.0212645 9.9955E-05 0.759403 0.0338398 0.183265 0.00172803 9.9955E-05
0.000454198 9.9964E-05 9.9964E-05 0.0882888 0.0188084 0.85636 9.9964E-05 0.031403 9.9964E-05 0.00428573
9.9946E-05 9.9946E-05 9.9946E-05 0.116842 9.9946E-05 0.000218345 9.9946E-05 0.0554229 9.9946E-05 0.826917
9.9946E-05 9.9946E-05 9.9946E-05 0.130413 9.9946E-05 0.0664041 9.9946E-05 0.0119317 9.9946E-05 0.790651
9.9955E-05 0.0272084 9.9955E-05 0.154664 9.9955E-05 0.000675228 9.9955E-05 0.0427985 9.9955E-05 0.774154
9.9964E-05 0.0408365 9.9964E-05 0.119898 9.9964E-05 9.9964E-05 0.0553656 0.106327 0.00981744 0.667355
9.9964E-05 0.059397 0.222221 0.446935 9.9964E-05 0.0707783 9.9964E-05 9.9964E-05 0.176979 0.0232895
9.9964E-05 0.0247119 9.9964E-05 0.472973 9.9964E-05 0.0323674 9.9964E-05 0.0721386 0.304532 0.0928771
0.00892379 9.9964E-05 9.9964E-05 0.587744 0.0287972 9.9964E-05 9.9964E-05 0.00927256 0.332902 0.0319609
0.0167246 0.165441 0.0073574 0.0743622 9.9982E-05 0.592012 9.9982E-05 0.026801 0.0232668 0.093835
9.9964E-05 9.9964E-05 0.0371154 0.286178 9.9964E-05 0.0475284 9.9964E-05 0.035424 0.575662 0.0176922
9.9973E-05 0.0121374 9.9973E-05 0.493449 0.069222 0.243656 0.0407017 9.9973E-05 0.121877 0.0186568
0.0169694 0.0435527 0.0501862 0.723075 9.9964E-05 9.9964E-05 9.9964E-05 9.9964E-05 0.1158 0.0500176
0.0596106 0.0500823 0.254732 0.460363 0.0072806 9.9982E-05 9.9982E-05 0.028692 0.104855 0.0341858
0.0960461 0.0738337 0.0946438 0.524443 0.0135175 0.0475616 9.9991E-05 0.0486019 0.072433 0.0288199
0.0626619 9.9946E-05 9.9946E-05 0.111525 9.9946E-05 0.208648 9.9946E-05 9.9946E-05 0.616566 9.9946E-05
9.9955E-05 9.9955E-05 0.323154 0.452862 9.9955E-05 0.0963289 9.9955E-05 0.12399 9.9955E-05 0.0031646
9.9973E-05 0.00281761 0.0573691 0.519634 9.9973E-05 0.0188827 9.9973E-05 0.0591164 0.284732 0.0571486
0.0150362 0.0567555 0.0875135 0.59137 0.0163401 0.01042 0.0191886 9.9991E-05 0.103844 0.0994319
9.9937E-05 9.9937E-05 9.9937E-05 0.302926 0.0604486 9.9937E-05 9.9937E-05 9.9937E-05 0.635926 9.9937E-05
0.0645174 0.0165068 0.00842845 0.577613 0.0126878 9.9991E-05 0.00153613 0.0752947 0.235492 0.00782317
0.0761575 0.0666644 9.9982E-05 0.476907 0.0605031 9.9982E-05 0.0260957 0.0707059 0.127701 0.0950649
9.9964E-05 0.033191 0.0625524 9.9964E-05 0.00543982 9.9964E-05 0.159327 9.9964E-05 0.726084 0.0130068
0.0702046 0.174955 0.0619115 0.169758 9.9973E-05 0.249414 0.0406483 9.9973E-05 0.232808 9.9973E-05
9.9955E-05 9.9955E-05 0.189709 9.9955E-05 0.084048 0.406145 0.153649 9.9955E-05 0.165949 9.9955E-05
9.9973E-05 0.0747468 0.0330405 0.599513 0.101901 0.0793235 9.9973E-05 0.0189179 9.9973E-05 0.0922577
9.9982E-05 0.00746021 0.0259402 0.546612 0.0331724 0.115775 0.137034 0.055533 0.0782726 9.9982E-05
0.0202971 9.9991E-05 0.121403 0.569805 0.035519 0.0942096 0.0464443 0.0479875 0.0619279 0.00230651
0.0774671 0.157812 9.9982E-05 0.134239 0.0372698 0.18462 0.055695 9.9982E-05 0.26766 0.0850356
0.0812063 0.0455512 0.00734073 0.488948 9.9973E-05 0.272542 0.0572992 9.9973E-05 0.0468132 9.9973E-05
9.9982E-05 0.049127 0.0670925 0.493023 9.9982E-05 0.137467 0.0525603 0.0897389 0.043424 0.067367
9.9982E-05 0.0730075 0.10848 0.284551 0.0198273 0.264792 9.9982E-05 0.0387828 0.124472 0.0858874
0.118456 9.9973E-05 0.0162034 0.0395803 9.9973E-05 0.415244 0.159495 9.9973E-05 0.103925 0.146797
0.0648898 0.00431766 9.9973E-05 0.529732 9.9973E-05 0.186618 0.0997246 0.0201671 0.0942504 9.9973E-05
0.017497 0.0102456 9.9982E-05 0.415018 0.101673 0.290979 0.0887923 0.00616443 9.9982E-05 0.0694316
0.0873137 9.9964E-05 0.0787915 9.9964E-05 9.9964E-05 0.657305 0.0350187 9.9964E-05 0.104305 0.0368657
9.9955E-05 0.00387663 9.9955E-05 0.446779 9.9955E-05 0.450187 0.0718383 9.9955E-05 0.0268196 9.9955E-05
0.0109845 0.030999 9.9982E-05 0.616603 0.150062 0.0266101 0.108603 0.0114698 0.0444689 9.9982E-05
9.9973E-05 9.9973E-05 0.0574771 0.468607 0.00914592 0.258743 0.103871 0.0758734 9.9973E-05 0.0259824
9.9982E-05 0.00251484 0.00601793 0.262697 0.0595553 0.450167 9.9982E-05 0.0202493 0.130919 0.0676791
0.0695089 9.9955E-05 9.9955E-05 0.467318 9.9955E-05 0.368304 0.0647961 9.9955E-05 0.0295739 9.9955E-05
0.0447524 0.0266559 0.00600364 0.588185 0.124705 0.0772943 0.043776 0.0673801 9.9991E-05 0.0211473
0.132553 0.0169916 9.9982E-05 0.164537 0.017644 0.518529 0.0287436 9.9982E-05 0.0962475 0.0245549
9.9937E-05 0.0648601 9.9937E-05 0.546589 9.9937E-05 9.9937E-05 9.9937E-05 9.9937E-05 0.387852 9.9937E-05
9.9964E-05 0.0133632 0.0327464 0.181536 9.9964E-05 0.11624 9.9964E-05 9.9964E-05 0.650619 0.00509548
9.9991E-05 0.075652 0.0724755 0.456442 0.0483039 0.085926 0.0448427 0.0396804 0.148177 0.0284014
9.9937E-05 9.9937E-05 0.0765504 9.9937E-05 9.9937E-05 9.9937E-05 0.0597037 9.9937E-05 0.863046 9.9937E-05
9.9946E-05 9.9946E-05 0.0866724 9.9946E-05 0.0879478 0.032164 9.9946E-05 9.9946E-05 0.792616 9.9946E-05
0.0147856 0.00618021 0.0353941 0.271892 0.000602532 9.9964E-05 9.9964E-05 9.9964E-05 0.670746 9.9964E-05
0.0530111 9.9964E-05 0.0225355 0.415468 9.9964E-05 0.0330765 0.00545271 9.9964E-05 0.470056 9.9964E-05
0.0263533 9.9982E-05 9.9982E-05 0.499229 0.0755422 0.0170201 0.00267965 0.00598259 0.168871 0.204123
9.9964E-05 0.0136931 9.9964E-05 0.426602 9.9964E-05 0.0832951 0.0771576 0.0638012 0.335052 9.9964E-05
0.047231 0.0613661 9.9982E-05 0.128007 9.9982E-05 0.0776489 0.00274297 0.0243261 0.633987 0.0244902
0.137762 0.0655918 9.9964E-05 0.255963 9.9964E-05 0.00885902 9.9964E-05 9.9964E-05 0.508948 0.0224763
0.0394017 0.0803402 0.0147606 0.447303 0.0164309 9.9982E-05 9.9982E-05 0.125306 0.196354 0.0799033
0.00689156 9.9964E-05 9.9964E-05 0.178325 9.9964E-05 0.086107 9.9964E-05 0.0878614 0.612373 0.028042
9.9964E-05 0.0794608 9.9964E-05 0.410043 9.9964E-05 0.0545541 9.9964E-05 0.0157868 0.43397 0.00578555
0.00644557 9.9955E-05 0.0597138 0.378478 0.0101214 9.9955E-05 9.9955E-05 9.9955E-05 0.544741 9.9955E-05
0.0216209 9.9955E-05 0.0739558 9.9955E-05 0.0940031 9.9955E-05 0.0799033 9.9955E-05 0.730017 9.9955E-05
0.0836504 0.0697711 0.0022248 0.558317 9.9982E-05 0.0502824 9.9982E-05 0.0593065 0.161666 0.0145819
9.9964E-05 0.0631321 9.9964E-05 0.088294 0.000445639 0.0276504 9.9964E-05 0.0073272 9.9964E-05 0.812751
9.99281E-05 9.99281E-05 9.99281E-05 0.107247 9.99281E-05 9.99281E-05 9.99281E-05 9.99281E-05 9.99281E-05 0.891954
9.9946E-05 9.9946E-05 9.9946E-05 0.101694 9.9946E-05 9.9946E-05 0.0510887 0.0214971 9.9946E-05 0.825121
9.9937E-05 9.9937E-05 9.9937E-05 0.0602699 9.9937E-05 9.9937E-05 0.0984951 9.9937E-05 9.9937E-05 0.840535
9.9937E-05 9.9937E-05 9.9937E-05 0.106287 9.9937E-05 9.9937E-05 0.052668 9.9937E-05 9.9937E-05 0.840346
0.0264705 9.9946E-05 9.9946E-05 0.054512 9.9946E-05 9.9946E-05 0.103432 9.9946E-05 9.9946E-05 0.814986
9.99461E-05 9.99461E-05 0.0503481 0.0650153 9.99461E-05 9.99461E-05 9.99461E-05 0.0236584 9.99461E-05 0.860378
9.9964E-05 9.9964E-05 0.0817395 0.363107 9.9964E-05 0.119127 9.9964E-05 0.125057 0.186953 0.123618
0.0623388 0.0942245 0.0609959 0.433178 0.0171131 9.9982E-05 9.9982E-05 0.077408 0.131469 0.123073
0.00185384 0.0355733 9.9973E-05 0.0623456 0.0180916 0.0975559 9.9973E-05 9.9973E-05 0.778076 0.00620347
0.0610662 9.9982E-05 0.0901603 0.50436 0.0198854 0.0301767 0.157434 0.0143915 0.122326 9.9982E-05
9.9955E-05 0.0207585 9.9955E-05 0.418031 9.9955E-05 0.122336 9.9955E-05 9.9955E-05 0.419891 0.0184832
9.9955E-05 9.9955E-05 0.0633011 0.575194 0.0759882 9.9955E-05 9.9955E-05 0.0252997 0.259717 9.9955E-05
9.9955E-05 9.9955E-05 0.101707 0.498521 0.0498324 9.9955E-05 9.9955E-05 9.9955E-05 0.270788 0.0786523
0.00611558 0.0121026 9.9964E-05 0.489198 9.9964E-05 9.9964E-05 9.9964E-05 0.0479257 0.429133 0.0151243
0.0497103 0.0610245 9.9964E-05 9.9964E-05 0.00750508 0.139267 9.9964E-05 9.9964E-05 0.680501 0.0615916
9.9982E-05 0.107844 9.9982E-05 0.434867 0.058019 0.0410086 0.0688624 0.106689 0.0545967 0.127913
9.9964E-05 0.0277385 0.0312021 0.649219 0.0720112 9.9964E-05 9.9964E-05 9.9964E-05 0.153645 0.0657842
0.0266851 9.9982E-05 0.0235498 0.473062 0.0271289 0.140137 9.9982E-05 0.101071 0.103518 0.104648
0.0141354 9.9973E-05 9.9973E-05 0.238972 0.0127128 0.00787366 0.0539347 0.0695156 0.602556 9.9973E-05
9.9946E-05 9.9946E-05 9.9946E-05 0.500655 0.105483 9.9946E-05 9.9946E-05 9.9946E-05 0.363362 0.0299014
9.9964E-05 0.0237931 9.9964E-05 0.428753 9.9964E-05 0.0853031 9.9964E-05 0.00996539 0.442627 0.00915846
0.00970546 9.9955E-05 9.9955E-05 0.33033 0.0083466 9.9955E-05 9.9955E-05 0.0856286 0.56549 9.9955E-05
9.9964E-05 0.0995996 0.0098058 0.440328 9.9964E-05 0.0332673 9.9964E-05 9.9964E-05 0.379311 0.0372882
9.9973E-05 0.125523 9.9973E-05 0.49192 0.0572493 0.0165426 0.0853439 9.9973E-05 0.103163 0.119959
9.9964E-05 9.9964E-05 0.0240753 0.150591 0.241055 0.49122 0.0709083 9.9964E-05 0.0217502 9.9964E-05
0.173769 0.00331655 0.0638772 0.322094 9.9991E-05 0.318052 0.00137183 0.0639215 0.00424431 0.0492528
0.0241606 0.0649531 9.9982E-05 0.550143 0.0636027 0.079324 9.9982E-05 0.0536318 0.0877336 0.0762516
9.9973E-05 0.0357354 9.9973E-05 0.513931 0.0408478 0.0946772 9.9973E-05 0.086952 0.145452 0.082105
9.9955E-05 0.177456 0.0317544 0.429583 9.9955E-05 0.350313 9.9955E-05 9.9955E-05 9.9955E-05 0.0103941
0.0677862 0.112958 0.0691497 0.535029 0.0248014 0.101284 0.00910005 0.00253052 0.0425956 0.0347654
0.122449 0.136812 9.9955E-05 0.417775 0.0882138 0.234251 9.9955E-05 9.9955E-05 9.9955E-05 9.9955E-05
9.9973E-05 0.140131 0.0293472 0.455583 0.0672619 0.180353 0.0633379 9.9973E-05 9.9973E-05 0.0636861
0.0674614 0.115379 0.0806154 0.514808 9.9982E-05 0.0015666 9.9982E-05 0.0735358 0.13119 0.0152446
0.0155425 0.0352845 0.0726525 0.481167 9.9973E-05 0.273965 9.9973E-05 9.9973E-05 0.0887649 0.0323243
0.094937 0.157282 0.0524033 0.444102 9.9964E-05 0.187729 9.9964E-05 9.9964E-05 0.0631477 9.9964E-05
0.0140571 0.10542 0.00220096 0.623967 0.0329377 9.9982E-05 0.076601 0.0693041 0.0753126 9.9982E-05
0.0116642 0.124518 0.0668471 0.480428 0.0805073 0.0851795 0.0358731 0.114782 9.9982E-05 9.9982E-05
0.0314426 0.113502 9.9982E-05 0.50295 0.0862697 0.122331 9.9982E-05 0.036566 0.0913544 0.0153848
0.031152 0.0279841 0.140024 0.588775 0.0362069 0.101272 9.9973E-05 9.9973E-05 9.9973E-05 0.074286
0.0690097 0.0620369 9.9982E-05 0.495183 0.0818694 0.211012 9.9982E-05 0.0317753 0.0441196 0.00479458
9.9973E-05 0.0885796 0.0729108 0.304344 0.0905011 0.269967 0.124011 9.9973E-05 9.9973E-05 0.0493874
0.015686 0.128262 0.00849708 0.638091 9.9973E-05 0.0943515 0.0908439 9.9973E-05 0.023968 9.9973E-05
0.00259452 0.0466332 0.0191893 0.676733 0.125771 0.0982506 0.0305282 9.9973E-05 9.9973E-05 9.9973E-05
9.9973E-05 0.244202 0.0347485 0.158783 0.0539114 0.29569 9.9973E-05 0.058037 0.154329 9.9973E-05
0.0589104 0.0297072 9.9973E-05 0.0707395 0.191629 0.414166 0.177911 9.9973E-05 0.0566371 9.9973E-05
0.0604266 0.150115 0.00223166 0.496294 9.9991E-05 0.182584 0.0356675 0.0153152 0.016272 0.040994
0.0953692 0.115418 9.9973E-05 9.9973E-05 0.300505 0.240331 0.0421985 0.048419 0.15746 9.9973E-05
0.0218345 0.121937 0.00134011 0.266181 0.0601885 0.408053 9.9982E-05 9.9982E-05 0.088263 0.0320031
9.9964E-05 0.133501 0.0181713 0.329023 0.0737937 0.25595 9.9964E-05 9.9964E-05 0.189162 9.9964E-05
0.087754 0.0924995 9.9973E-05 0.285967 0.0307881 0.358502 9.9973E-05 9.9973E-05 0.119816 0.024374
0.0652338 0.109323 0.0754899 0.252778 9.9973E-05 0.472204 9.9973E-05 9.9973E-05 0.0220217 0.00264923
9.9982E-05 0.134842 0.0637016 0.468702 0.0273138 0.0786514 0.0594495 0.0672092 0.0999302 9.9982E-05
0.11439 0.0577504 0.117713 0.487914 0.0571093 0.0300941 0.0317677 0.0518216 9.9991E-05 0.0513398
0.023785 0.107773 9.9973E-05 0.546703 0.099135 0.17455 9.9973E-05 0.018099 9.9973E-05 0.0296562
9.9973E-05 0.140609 0.0927166 0.10237 0.121943 0.256736 0.134228 9.9973E-05 0.151097 9.9973E-05
9.9964E-05 0.0309171 0.145047 0.563656 9.9964E-05 9.9964E-05 0.0065385 9.9964E-05 0.0538192 0.199622
0.0525976 9.9991E-05 0.155497 0.498896 0.0582261 0.0812264 0.0404791 0.0189312 0.0362508 0.0577954
0.0634621 0.00947955 0.333823 9.9982E-05 0.192209 0.0764463 0.111612 9.9982E-05 0.132504 0.080264
9.9973E-05 9.9973E-05 9.9973E-05 0.602886 0.0537148 0.0484549 0.0107781 0.0126967 0.141735 0.129435
0.046613 9.9991E-05 0.0572839 0.312808 0.0939593 0.0481825 0.15225 0.0283418 0.220932 0.0395301
0.0112957 0.0110912 0.0710105 0.429417 0.0698916 0.0751669 0.163606 0.0733782 0.0794818 0.0156616
0.0238531 0.0446217 0.303885 0.200973 0.0316646 0.0968122 0.197242 9.9991E-05 0.100361 0.000487691
0.00862277 0.0546119 0.462897 0.111474 0.0735807 0.119979 0.05909 9.9991E-05 0.0892208 0.0204236
0.0733755 0.046488 0.243004 0.377986 0.154577 0.0180594 0.0300101 9.9982E-05 0.056299 9.9982E-05
0.0558865 0.0404433 0.092799 0.472935 0.00121813 0.102324 0.0817786 0.0160615 0.11817 0.0183837
0.0458228 9.9982E-05 0.1981 0.316867 0.00201954 0.169716 9.9982E-05 0.124878 0.00673615 0.13566
9.9964E-05 9.9964E-05 0.255881 9.9964E-05 0.0281855 0.254095 0.137674 0.132523 0.19124 9.9964E-05
0.0226848 0.0974944 0.02345 0.562817 0.114651 0.0232686 9.9991E-05 0.0520255 0.0094861 0.0940222
0.0182301 9.9964E-05 0.337961 0.222512 0.000831278 0.170929 9.9964E-05 9.9964E-05 0.249136 9.9964E-05
0.0709566 0.0330375 0.228439 0.398525 0.0814369 0.136387 0.0227251 9.9982E-05 0.0282929 9.9982E-05
9.9964E-05 0.0325424 0.0412 0.528853 0.0590241 9.9964E-05 9.9964E-05 9.9964E-05 0.191238 0.146743
9.9964E-05 9.9964E-05 0.188563 0.118642 9.9964E-05 0.072249 0.170249 0.229297 9.9964E-05 0.2206
9.9946E-05 9.9946E-05 0.0557605 9.9946E-05 9.9946E-05 9.9946E-05 0.516981 0.0382121 9.9946E-05 0.388447
9.9955E-05 9.9955E-05 0.103716 9.9955E-05 0.0701518 9.9955E-05 0.465367 0.0608222 9.9955E-05 0.299443
9.9973E-05 0.0053035 0.0386649 0.0840673 9.9973E-05 0.0518419 0.363915 0.237627 9.9973E-05 0.21828
9.9946E-05 0.0520888 0.321928 0.585564 0.0398197 9.9946E-05 9.9946E-05 9.9946E-05 9.9946E-05 9.9946E-05
0.0225388 0.018549 0.106543 0.580342 0.128636 0.0540196 0.00545934 0.031218 9.9991E-05 0.0525946
9.99371E-05 9.99371E-05 9.99371E-05 0.371459 9.99371E-05 0.00292642 9.99371E-05 0.624915 9.99371E-05 9.99371E-05
9.9973E-05 0.0723549 9.9973E-05 0.219046 9.9973E-05 0.0521534 0.0168358 0.476651 0.102973 0.0596864
0.0308619 0.057004 9.9982E-05 0.3407 9.9982E-05 0.0444682 0.0490247 0.40509 0.0238998 0.0487513
9.9973E-05 9.9973E-05 0.474439 0.179984 0.215876 0.0552773 0.0145199 0.0068376 0.052767 9.9973E-05
9.9991E-05 0.0715761 0.126076 0.480924 0.131092 0.0498931 0.0305139 0.0349552 0.0506566 0.0242135
9.9973E-05 9.9973E-05 0.5011 0.0558003 0.181273 0.0864313 0.0623354 0.0508685 0.0618915 9.9973E-05
0.0520348 0.0110932 0.231435 0.524122 0.0489893 9.9973E-05 0.068204 9.9973E-05 0.0638217 9.9973E-05
0.0332138 0.0411516 0.232885 0.397494 0.176867 0.0721877 9.9982E-05 9.9982E-05 0.0310148 0.0149855
0.0466472 9.9982E-05 0.234937 0.432536 0.0564165 0.0935966 9.9982E-05 0.0863206 0.0284527 0.0208933
9.9964E-05 9.9964E-05 0.457002 0.0840546 0.188456 0.111901 0.0832532 9.9964E-05 0.0749331 9.9964E-05
0.0727859 0.0896658 0.116252 0.505297 0.0692433 9.9991E-05 0.0253751 0.0854379 0.021157 0.0146857
0.0585361 0.0586614 0.277763 0.47905 0.0313816 9.9991E-05 0.00587983 0.0327812 0.0460539 0.00979353
9.9937E-05 9.9937E-05 9.9937E-05 9.9937E-05 0.0257349 9.9937E-05 9.9937E-05 0.94607 0.0274958 9.9937E-05
9.9946E-05 9.9946E-05 0.001811 0.101877 0.0191935 9.9946E-05 9.9946E-05 0.876519 9.9946E-05 9.9946E-05
9.9982E-05 0.00919698 0.0026727 0.270107 0.00875018 0.0525436 9.9982E-05 0.538969 0.0636381 0.0539224
0.0312248 9.9946E-05 9.9946E-05 0.284129 0.0209535 9.9946E-05 9.9946E-05 0.663093 9.9946E-05 9.9946E-05
9.9937E-05 9.9937E-05 0.0498505 0.143179 9.9937E-05 9.9937E-05 9.9937E-05 0.806271 9.9937E-05 9.9937E-05
9.9928E-05 9.9928E-05 9.9928E-05 9.9928E-05 9.9928E-05 9.9928E-05 0.00179688 0.997404 9.9928E-05 9.9928E-05
0.0149941 0.016225 9.9964E-05 9.9964E-05 0.00108874 9.9964E-05 0.00768064 0.955626 9.9964E-05 0.0039862
9.9928E-05 9.9928E-05 9.9928E-05 0.148164 9.9928E-05 9.9928E-05 9.9928E-05 0.851037 9.9928E-05 9.9928E-05
9.9928E-05 9.9928E-05 9.9928E-05 9.9928E-05 9.9928E-05 0.0353919 9.9928E-05 0.963809 9.9928E-05 9.9928E-05
0.00093338 9.9937E-05 9.9937E-05 9.9937E-05 0.00237004 9.9937E-05 9.9937E-05 0.995997 9.9937E-05 9.9937E-05
9.99201E-05 9.99201E-05 9.99201E-05 9.99201E-05 9.99201E-05 9.99201E-05 9.99201E-05 0.999101 9.99201E-05 9.99201E-05
9.9946E-05 0.0284116 9.9946E-05 0.159683 9.9946E-05 0.105753 9.9946E-05 0.705553 9.9946E-05 9.9946E-05
0.0336577 9.9964E-05 9.9964E-05 0.121024 9.9964E-05 0.0188608 0.0416575 0.754164 9.9964E-05 0.0302365
9.9937E-05 0.000479099 9.9937E-05 9.9937E-05 9.9937E-05 9.9937E-05 9.9937E-05 0.975279 0.0235422 9.9937E-05
9.9955E-05 0.14575 0.10422 0.328963 9.9955E-05 0.0333905 9.9955E-05 0.387176 9.9955E-05 9.9955E-05
0.0335463 0.0292589 9.9982E-05 0.175678 9.9982E-05 0.0151198 0.0450953 0.60907 0.048046 0.0439858
9.9955E-05 9.9955E-05 9.9955E-05 0.0848939 9.9955E-05 9.9955E-05 0.09412 0.793223 0.0198192 0.00744402
0.0119019 9.9955E-05 9.9955E-05 0.0235645 9.9955E-05 0.0589978 9.9955E-05 0.89744 9.9955E-05 0.00759636
9.9928E-05 9.9928E-05 9.9928E-05 9.9928E-05 9.9928E-05 9.9928E-05 0.0187112 0.980489 9.9928E-05 9.9928E-05
9.9964E-05 0.0198307 9.9964E-05 0.0199326 0.0380054 9.9964E-05 0.0529842 0.848332 9.9964E-05 0.0205158
9.9928E-05 9.9928E-05 0.0133251 9.9928E-05 9.9928E-05 9.9928E-05 9.9928E-05 0.985876 9.9928E-05 9.9928E-05
0.00691592 0.0682208 0.00736401 0.27576 9.9973E-05 9.9973E-05 9.9973E-05 0.606666 0.00849421 0.0262795
9.9937E-05 9.9937E-05 9.9937E-05 9.9937E-05 0.0164888 0.0915515 9.9937E-05 0.89126 9.9937E-05 9.9937E-05
9.9946E-05 9.9946E-05 0.571441 9.9946E-05 0.0125161 9.9946E-05 0.181458 9.9946E-05 9.9946E-05 0.233985
0.0659392 0.0899395 0.236966 0.327789 0.0309557 0.0585986 0.0290112 9.9982E-05 9.9982E-05 0.160601
0.0330438 9.9973E-05 0.360513 0.330156 9.9973E-05 9.9973E-05 0.0674912 0.0655793 0.00385145 0.139066
0.0242829 0.0166735 0.334723 0.127079 0.0372862 9.9991E-05 0.217931 0.0406332 0.0603036 0.140988
0.0014018 0.0484789 0.104111 0.371137 0.120375 0.000451105 0.0650376 0.162419 0.0391723 0.0874159
9.9973E-05 9.9973E-05 0.253197 0.189666 0.105656 9.9973E-05 0.193105 0.0229717 0.015964 0.219141
0.0436557 0.0247386 0.0976331 0.292284 0.0257095 0.213808 9.9991E-05 0.104494 0.0443848 0.153193
0.0171931 9.9973E-05 0.34061 0.236684 9.9973E-05 9.9973E-05 0.128732 0.200918 0.0236466 0.0519158
9.9973E-05 0.00389481 0.275043 0.406677 9.9973E-05 0.0548436 0.0956119 0.0892239 9.9973E-05 0.0744057
9.9955E-05 9.9955E-05 0.277238 0.28074 9.9955E-05 9.9955E-05 0.161578 0.174618 9.9955E-05 0.105327
9.9973E-05 9.9973E-05 0.233142 0.323017 9.9973E-05 0.125848 0.0703052 0.102866 0.0418007 0.10272
0.0342767 0.0482596 0.0507843 0.0420955 0.0239456 9.9964E-05 9.9964E-05 9.9964E-05 9.9964E-05 0.800238
9.9964E-05 0.0102265 9.9964E-05 0.0122655 0.0131427 9.9964E-05 0.0524425 0.0391337 9.9964E-05 0.872389
9.9955E-05 0.0149403 9.9955E-05 0.00645911 9.9955E-05 9.9955E-05 0.0823788 9.9955E-05 0.0210395 0.874682
0.0297562 0.0588424 9.9955E-05 9.9955E-05 9.9955E-05 9.9955E-05 0.0106099 0.00322124 9.9955E-05 0.89707
9.9955E-05 0.0244517 9.9955E-05 0.0213635 9.9955E-05 9.9955E-05 0.125034 0.0218162 9.9955E-05 0.806835
9.9946E-05 9.9946E-05 9.9946E-05 9.9946E-05 0.0353096 9.9946E-05 0.102515 0.0592308 9.9946E-05 0.802344
9.9955E-05 0.00889614 9.9955E-05 0.0493564 9.9955E-05 9.9955E-05 0.0354986 0.0701194 9.9955E-05 0.83563
9.9955E-05 0.0275592 0.00318898 9.9955E-05 0.0708761 9.9955E-05 0.088908 9.9955E-05 9.9955E-05 0.808968
9.9955E-05 9.9955E-05 9.9955E-05 0.0388862 0.0137037 9.9955E-05 0.0461415 9.9955E-05 0.0244019 0.876367
9.9955E-05 9.9955E-05 9.9955E-05 0.0478316 9.9955E-05 0.015742 0.116772 0.043047 9.9955E-05 0.776108
0.0536735 0.00722324 9.9964E-05 9.9964E-05 0.01638 0.212144 9.9964E-05 9.9964E-05 0.0971858 0.612994
0.186007 0.0116344 9.9955E-05 9.9955E-05 9.9955E-05 0.157723 9.9955E-05 9.9955E-05 0.0433552 0.60078
0.0588048 0.0566855 0.0152065 9.9973E-05 0.0492947 0.249673 0.0573433 9.9973E-05 9.9973E-05 0.512692
0.10648 0.0161765 0.00680358 9.9973E-05 0.0322336 0.273139 9.9973E-05 9.9973E-05 0.088891 0.475976
9.9964E-05 0.144169 9.9964E-05 0.460146 0.0396133 0.158706 9.9964E-05 9.9964E-05 0.118199 0.0787667
0.109429 9.9964E-05 9.9964E-05 0.521564 0.023216 0.0699208 9.9964E-05 0.0143671 0.261103 9.9964E-05
0.0429129 0.0983273 0.0373868 0.473818 0.0257049 0.120003 9.9982E-05 0.0210158 0.180632 9.9982E-05
0.0594892 9.9964E-05 9.9964E-05 0.323 9.9964E-05 0.299813 0.0621866 9.9964E-05 0.218807 0.0363043
0.00254589 0.34313 0.0432023 0.120068 0.0244187 0.409443 9.9973E-05 9.9973E-05 0.0568927 9.9973E-05
0.0247682 0.00562931 0.0875339 0.53431 0.0754863 0.00486251 9.9991E-05 0.110673 0.129115 0.0275218
9.9964E-05 9.9964E-05 0.0105332 0.593408 0.0146302 0.0660916 0.0368472 9.9964E-05 0.27809 9.9964E-05
0.0775669 9.9964E-05 9.9964E-05 0.472654 0.0190149 0.154653 0.0576484 9.9964E-05 0.218063 9.9964E-05
0.0116184 0.00254498 0.0923919 0.255933 0.0287114 9.9973E-05 9.9973E-05 0.0573458 0.551155 9.9973E-05
0.0505619 0.124 0.0666602 0.62479 9.9964E-05 9.9964E-05 0.0141587 9.9964E-05 0.119429 9.9964E-05
0.0582045 0.0722421 0.00160027 0.404667 0.0148098 0.00649649 9.9973E-05 9.9973E-05 0.441679 9.9973E-05
0.00327916 9.9946E-05 9.9946E-05 9.9946E-05 0.216429 0.137007 9.9946E-05 9.9946E-05 0.642685 9.9946E-05
9.9982E-05 0.166948 0.00122918 0.416654 0.0426748 0.0376015 9.9982E-05 0.0727152 0.189239 0.072738
0.0508744 9.9964E-05 0.0090933 0.229566 0.0609503 9.9964E-05 0.13212 9.9964E-05 0.516996 9.9964E-05
9.9955E-05 0.0353295 9.9955E-05 0.488272 0.056709 9.9955E-05 0.0938862 9.9955E-05 0.325304 9.9955E-05
0.0569618 0.0366578 9.9964E-05 0.0286052 9.9964E-05 0.174524 9.9964E-05 9.9964E-05 0.636453 0.066399
0.810209 0.11143 9.9946E-05 9.9946E-05 9.9946E-05 9.9946E-05 0.0761133 9.9946E-05 0.00164825 9.9946E-05
0.999101 9.99201E-05 9.99201E-05 9.99201E-05 9.99201E-05 9.99201E-05 9.99201E-05 9.99201E-05 9.99201E-05 9.99201E-05
0.999101 9.99201E-05 9.99201E-05 9.99201E-05 9.99201E-05 9.99201E-05 9.99201E-05 9.99201E-05 9.99201E-05 9.99201E-05
0.867722 0.0576937 9.9955E-05 9.9955E-05 0.0132991 9.9955E-05 9.9955E-05 9.9955E-05 0.038148 0.0226373
0.911322 9.9937E-05 9.9937E-05 9.9937E-05 9.9937E-05 0.061203 9.9937E-05 0.0267751 9.9937E-05 9.9937E-05
0.930527 9.9937E-05 9.9937E-05 0.0500619 9.9937E-05 9.9937E-05 9.9937E-05 0.0187115 9.9937E-05 9.9937E-05
0.0333003 9.9955E-05 9.9955E-05 0.0706821 9.9955E-05 9.9955E-05 0.0442558 0.0206124 9.9955E-05 0.83065
0.0139326 9.9964E-05 9.9964E-05 0.0814105 9.9964E-05 0.00271523 0.0679443 0.050651 9.9964E-05 0.782947
0.0334604 9.9946E-05 9.9946E-05 0.132174 9.9946E-05 9.9946E-05 9.9946E-05 0.101907 9.9946E-05 0.731859
0.0111304 0.00106085 9.9973E-05 0.000663587 9.9973E-05 0.104098 0.00159928 0.127128 9.9973E-05 0.754019
0.010233 0.0134316 0.0530557 0.0250958 9.9982E-05 0.0158968 0.0289674 0.0977623 9.9982E-05 0.755358
0.086389 0.405034 0.0176977 9.9973E-05 9.9973E-05 0.00853347 0.00948574 9.9973E-05 0.0853071 0.387253
0.146699 0.244484 0.0469005 9.9964E-05 0.0758159 9.9964E-05 9.9964E-05 9.9964E-05 0.0563943 0.429307
0.156104 0.234071 9.9955E-05 9.9955E-05 0.134596 9.9955E-05 9.9955E-05 9.9955E-05 0.0300375 0.444692
9.9946E-05 9.9946E-05 9.9946E-05 0.100996 9.9946E-05 0.103959 9.9946E-05 0.0311951 9.9946E-05 0.76325
0.239195 0.283251 9.9964E-05 9.9964E-05 0.00914606 9.9964E-05 0.0428273 9.9964E-05 0.105366 0.319815
9.9964E-05 0.0307708 9.9964E-05 0.289322 0.0168568 9.9964E-05 0.307254 0.275857 9.9964E-05 0.0795399
0.0646309 9.9982E-05 0.0338044 0.461712 0.0213939 0.0927877 9.9982E-05 0.201109 0.00438491 0.119978
9.9946E-05 9.9946E-05 9.9946E-05 0.570421 9.9946E-05 9.9946E-05 0.0123247 0.218174 9.9946E-05 0.19848
0.0600684 9.9982E-05 0.0323041 0.357597 0.0354243 9.9982E-05 0.0709798 0.208384 0.0334059 0.201636
9.9991E-05 0.0142631 0.0993034 0.408397 0.00447021 0.100296 0.0126997 0.132531 0.0958676 0.132073
9.9964E-05 9.9964E-05 9.9964E-05 0.0419017 0.0191771 0.0343586 0.394562 0.22019 9.9964E-05 0.289411
0.0741306 0.107392 0.0515664 0.427873 0.0787264 0.259912 9.9964E-05 9.9964E-05 9.9964E-05 9.9964E-05
9.9973E-05 0.130052 0.0140721 0.25844 0.146431 0.148553 0.0974093 9.9973E-05 0.204743 9.9973E-05
0.0941724 0.0842545 9.9964E-05 0.168055 0.0272125 0.543217 9.9964E-05 9.9964E-05 9.9964E-05 0.082689
0.0580238 0.0236529 9.9973E-05 0.456995 0.21886 0.1622 0.0226351 9.9973E-05 0.0573339 9.9973E-05
0.0845458 0.0267254 0.0263841 9.9973E-05 0.405454 0.147698 0.122624 9.9973E-05 0.186268 9.9973E-05
9.9982E-05 0.0429348 0.0282852 0.44394 0.0510134 0.231283 0.0744922 0.0471246 9.9982E-05 0.0807265
0.0735201 0.0799597 0.0037969 0.46045 0.116651 0.208538 0.0567847 9.9973E-05 9.9973E-05 9.9973E-05
9.9973E-05 0.111107 9.9973E-05 0.229847 0.020093 0.485352 0.0287424 9.9973E-05 0.0754347 0.0491237
0.0155097 0.13735 9.9982E-05 0.572811 0.094769 0.0924582 0.0507307 9.9982E-05 0.00264042 0.0335312
0.0145277 9.9973E-05 0.0497066 0.0353212 0.0839656 0.473627 0.149874 9.9973E-05 0.192678 9.9973E-05
0.0571793 0.130192 0.197318 0.404943 0.173089 9.9964E-05 0.036878 9.9964E-05 9.9964E-05 9.9964E-05
0.043505 0.123952 9.9982E-05 0.468775 0.0100705 0.184777 0.0556052 0.0649719 0.0481438 9.9982E-05
0.0208419 0.0144828 0.0311586 0.452631 9.9991E-05 0.134239 0.0695185 0.0716934 0.0804465 0.124888
0.0696198 0.0526876 0.0308341 0.304017 0.200555 0.326993 0.0114789 9.9982E-05 0.00361481 9.9982E-05
0.0941262 0.0770063 9.9973E-05 0.412324 0.101149 0.216523 0.0443324 9.9973E-05 0.0542402 9.9973E-05
0.0711698 0.0121443 9.9973E-05 0.463022 0.147113 0.0895233 0.159226 9.9973E-05 0.057502 9.9973E-05
0.0681783 0.0396836 0.0123366 0.552543 0.0636106 0.185663 9.9973E-05 9.9973E-05 0.0776856 9.9973E-05
0.0497014 0.085962 0.0528462 0.66167 0.0128324 0.035033 9.9982E-05 0.0671048 9.9982E-05 0.0346505
0.00358601 0.114671 9.9991E-05 0.459774 0.0956826 0.103146 0.0639326 0.0807376 0.0764496 0.0019203
0.00488521 0.146416 0.0416301 0.505095 9.9991E-05 0.0601605 0.0689932 0.0336821 0.0896496 0.0493884
9.9946E-05 0.0303324 9.9946E-05 0.120185 9.9946E-05 9.9946E-05 9.9946E-05 0.109903 9.9946E-05 0.73898
9.9964E-05 9.9964E-05 0.0156416 0.0802144 0.0181399 9.9964E-05 9.9964E-05 0.00309325 0.0432482 0.839263
9.9955E-05 0.0828412 0.059181 0.0397598 9.9955E-05 9.9955E-05 0.109353 9.9955E-05 9.9955E-05 0.708365
0.092308 9.9964E-05 9.9964E-05 0.0376037 0.023276 9.9964E-05 9.9964E-05 0.00971311 0.0583032 0.778396
0.0216419 9.9955E-05 9.9955E-05 0.104585 0.0259372 9.9955E-05 9.9955E-05 0.0270312 9.9955E-05 0.820305
0.0724222 0.16996 9.9973E-05 0.137829 9.9973E-05 0.537229 0.052503 0.00725574 9.9973E-05 0.0225011
9.9991E-05 0.1014 0.0152893 0.528052 0.0561601 0.224409 0.0185339 0.0156594 0.0158529 0.0245433
9.9982E-05 0.0317811 0.106347 0.248797 9.9982E-05 0.0690802 0.056259 0.241173 0.088626 0.157737
0.0411499 0.0851211 9.9955E-05 0.701321 9.9955E-05 0.0732772 0.098631 9.9955E-05 9.9955E-05 9.9955E-05
0.0336489 0.156623 9.9964E-05 0.496664 9.9964E-05 0.175918 0.0582266 9.9964E-05 0.07852 9.9964E-05
0.102987 0.100572 0.0213048 0.19315 0.0871958 0.31813 0.134329 0.0421311 9.9982E-05 9.9982E-05
0.077848 0.168104 9.9964E-05 9.9964E-05 9.9964E-05 0.519151 0.0924103 9.9964E-05 0.0642918 0.0777953
0.100216 0.101644 0.0745587 0.442957 0.0685615 0.121388 9.9982E-05 0.00333034 0.0871449 9.9982E-05
0.109778 0.228216 0.0349076 0.0772546 0.1585 0.225967 9.9991E-05 0.0612949 0.025842 0.0781395
0.126965 9.9982E-05 0.0213234 0.501963 0.0935361 0.107331 0.0376884 9.9982E-05 0.0924677 0.0185253
0.118203 0.0948862 9.9964E-05 0.0617946 0.0758528 0.517425 9.9964E-05 9.9964E-05 9.9964E-05 0.131439
0.0149821 0.121096 0.0158449 0.607205 9.9982E-05 0.11798 0.0550022 0.0153715 9.9982E-05 0.0523183
0.00693242 0.176635 0.0227284 0.128159 0.0221351 0.523024 9.9991E-05 0.0188045 0.0511055 0.0503761
9.9982E-05 0.104454 0.100729 0.305806 0.0746345 0.297196 0.0366103 9.9982E-05 0.0465281 0.0338428
9.9973E-05 0.0895054 0.0651456 0.475253 0.13301 0.0275425 0.167812 9.9973E-05 0.0414315 9.9973E-05
0.049158 9.9973E-05 0.495348 0.191808 0.118887 0.115858 0.00993214 0.0187094 9.9973E-05 9.9973E-05
0.0522047 9.9973E-05 0.339778 0.406888 0.00689218 0.0700359 9.9973E-05 9.9973E-05 0.00588429 0.118016
0.0587078 9.9973E-05 0.212909 0.409537 9.9973E-05 0.122379 9.9973E-05 0.0402543 0.0808162 0.0750971
9.9946E-05 0.100655 0.54437 0.220067 0.134308 9.9946E-05 9.9946E-05 9.9946E-05 9.9946E-05 9.9946E-05
9.9982E-05 0.0553539 0.134328 0.397504 0.0815727 0.136743 9.9982E-05 0.130317 0.0244946 0.0394864
0.046419 9.9973E-05 0.153413 0.481088 0.2107 9.9973E-05 0.0173388 9.9973E-05 0.0477135 0.0430289
9.9955E-05 0.0686852 0.627781 9.9955E-05 0.10031 0.0646957 9.9955E-05 9.9955E-05 0.138028 9.9955E-05
0.00637461 9.9964E-05 0.587697 0.142002 0.0815579 9.9964E-05 0.113593 9.9964E-05 0.068376 9.9964E-05
9.9955E-05 0.123938 0.330662 0.438597 0.0798012 9.9955E-05 0.0265024 9.9955E-05 9.9955E-05 9.9955E-05
0.0299633 0.0553218 0.620833 9.99549E-05 0.0796151 9.99549E-05 9.99549E-05 9.99549E-05 0.213767 9.99549E-05
0.0249176 9.9964E-05 0.370757 0.331004 0.00276252 0.171612 9.9964E-05 9.9964E-05 0.0985476 9.9964E-05
0.0979281 0.142412 9.9982E-05 0.0387807 0.000223726 0.612813 0.010025 9.9982E-05 0.0859661 0.0116519
0.0750726 0.074247 9.9973E-05 0.207858 0.279773 0.260054 0.0294251 9.9973E-05 0.0732716 9.9973E-05
0.0545706 0.170306 9.9982E-05 0.226359 0.0313085 0.344261 9.9982E-05 0.0987313 0.0331822 0.041082
0.0497533 0.016951 9.9973E-05 0.581647 0.01921 0.263611 0.0639485 0.00457953 9.9973E-05 9.9973E-05
9.9964E-05 0.161186 0.0929489 0.11843 9.9964E-05 0.426528 9.9964E-05 0.0533538 0.147154 9.9964E-05
0.0528285 0.0468035 0.0594355 0.467081 0.118397 0.113666 0.106951 0.0277141 0.00702257 9.9991E-05
9.9973E-05 0.198553 0.0210407 0.610717 9.9973E-05 0.052913 0.0322193 0.0287061 0.0555512 9.9973E-05
9.9973E-05 0.125681 9.9973E-05 0.405834 9.9973E-05 0.172959 0.0399481 0.14793 0.0922297 0.0151178
0.0445009 0.120501 0.0463037 0.351445 0.0807471 0.232394 9.9982E-05 0.113345 0.0105626 9.9982E-05
0.0334526 0.122608 0.0446361 0.261627 9.9982E-05 0.239558 9.9982E-05 0.0956443 0.191242 0.0110323
0.0102827 0.213424 9.9964E-05 0.124928 9.9964E-05 0.410211 9.9964E-05 0.0977831 0.142971 9.9964E-05
0.0318397 0.191541 0.0639777 0.2331 9.9973E-05 0.247827 9.9973E-05 0.126979 0.104435 9.9973E-05
9.9973E-05 0.170443 0.0720667 0.507625 0.0368863 0.0979614 9.9973E-05 0.0385983 0.076119 9.9973E-05
0.00791896 0.0439359 9.9982E-05 0.550958 0.0435492 0.203854 0.115806 9.9982E-05 0.0300741 0.00370331
0.0153494 0.0536833 9.9982E-05 0.419457 0.18444 0.154026 0.0193014 9.9982E-05 0.0547563 0.0987863
0.0467214 0.0904169 9.9982E-05 0.508248 0.132793 0.111237 0.0694409 0.0168953 0.0240477 9.9982E-05
0.0102785 0.257166 0.00376808 0.33947 9.9982E-05 0.256174 0.108599 0.00445663 9.9982E-05 0.0198861
9.9973E-05 0.154331 9.9973E-05 0.553893 9.9973E-05 0.115825 0.00782582 0.0599229 0.0478781 0.0600238
0.00542152 0.11779 0.0134307 0.473889 0.0123019 0.236072 9.9982E-05 0.044852 0.0960426 9.9982E-05
0.0844355 0.0520756 0.0576389 0.436052 0.103609 0.157127 9.9991E-05 0.0891354 0.0134812 0.00634583
9.9964E-05 0.0324028 0.176954 0.380648 9.9964E-05 9.9964E-05 0.0407746 0.098097 9.9964E-05 0.270723
0.00735989 0.000460595 0.016131 0.400401 9.9991E-05 0.145664 0.151268 0.195104 0.0611099 0.0224022
9.9982E-05 0.0357582 0.0939626 0.333843 9.9982E-05 0.149978 0.0469793 0.172032 0.0982466 0.0690009
0.056013 9.9973E-05 9.9973E-05 0.631707 0.0145455 0.0665211 0.110866 0.0500696 9.9973E-05 0.0699771
0.00749309 9.9973E-05 9.9973E-05 0.381143 9.9973E-05 0.094168 0.12972 0.183443 0.0351028 0.168631
0.0285055 9.9964E-05 0.126659 0.381359 0.120747 0.302849 9.9964E-05 0.0394816 9.9964E-05 9.9964E-05
9.9973E-05 0.0359043 9.9973E-05 0.532609 9.9973E-05 0.0634015 0.107689 0.0546318 0.0607753 0.144689
9.9964E-05 9.9964E-05 0.160206 9.9964E-05 9.9964E-05 0.185904 0.37594 0.0575109 0.132497 0.087543
0.0210584 9.9973E-05 0.0784205 0.406998 9.9973E-05 0.143453 0.113333 0.123663 9.9973E-05 0.112774
0.00620698 0.0428914 9.9982E-05 0.548968 0.111765 0.0205536 0.0405393 0.115027 9.9982E-05 0.113849
0.0703431 0.00862052 9.9991E-05 0.389025 0.0726174 0.101762 0.0641108 0.193324 0.0767925 0.023305
0.0211589 9.9982E-05 0.0721352 0.238655 0.0138507 0.266887 0.281179 0.0726028 9.9982E-05 0.0333318
0.0633858 9.9973E-05 0.0817027 0.590153 9.9973E-05 0.0333958 0.0784818 0.0510204 9.9973E-05 0.10156
9.9964E-05 9.9964E-05 9.9964E-05 0.525151 0.0912097 0.0771688 0.0434725 0.107241 9.9964E-05 0.155357
9.9955E-05 9.9955E-05 9.9955E-05 9.9955E-05 0.0527381 9.9955E-05 0.470199 0.110089 0.0222892 0.344185
0.00424868 9.9973E-05 9.9973E-05 0.492216 9.9973E-05 0.0198631 0.117707 0.191262 0.0354952 0.138908
9.9964E-05 9.9964E-05 9.9964E-05 0.54721 9.9964E-05 0.0362989 0.126016 0.128665 0.00374464 0.157666
0.00391979 0.0133397 0.108716 0.454112 0.0175645 0.087195 0.0394796 0.216221 0.0393652 0.0200871
9.9946E-05 9.9946E-05 9.9946E-05 0.613593 9.9946E-05 9.9946E-05 0.157982 0.0889988 9.9946E-05 0.138826
9.9973E-05 0.0459023 0.0738461 0.491326 0.0713743 9.9973E-05 0.05296 0.094911 9.9973E-05 0.16938
0.0295455 9.9964E-05 9.9964E-05 0.489064 0.384358 9.9964E-05 9.9964E-05 0.0514497 0.00981795 0.0353645
9.9973E-05 0.098625 0.0418997 0.49286 0.224467 9.9973E-05 0.0260958 0.0624975 9.9973E-05 0.0532555
9.9946E-05 9.9946E-05 0.0105733 9.9946E-05 0.761482 0.131475 9.9946E-05 9.9946E-05 0.0958704 9.9946E-05
9.99369E-05 0.0578937 0.0723987 9.99369E-05 0.869008 9.99369E-05 9.99369E-05 9.99369E-05 9.99369E-05 9.99369E-05
9.9973E-05 0.00480564 9.9973E-05 0.406193 0.331889 0.0755242 9.9973E-05 0.126116 0.0518033 0.0033692
0.00372932 9.9973E-05 9.9973E-05 0.456444 0.0592832 0.0387867 0.184816 0.197664 9.9973E-05 0.0589764
9.9955E-05 9.9955E-05 9.9955E-05 0.270723 0.259647 9.9955E-05 0.163519 0.266001 9.9955E-05 0.0396103
9.9964E-05 9.9964E-05 9.9964E-05 0.173815 0.180589 9.9964E-05 0.38006 0.159085 0.00380513 0.102246
9.9955E-05 9.9955E-05 9.9955E-05 0.354607 0.163861 9.9955E-05 0.150527 0.191942 9.9955E-05 0.138563
0.0442406 9.9955E-05 9.9955E-05 0.0191318 0.65099 9.9955E-05 0.211892 0.0732464 9.9955E-05 9.9955E-05
9.9946E-05 9.9946E-05 9.9946E-05 0.153914 0.55955 9.9946E-05 0.217745 0.0681916 9.9946E-05 9.9946E-05
0.0565288 9.9964E-05 9.9964E-05 0.449542 0.329561 9.9964E-05 0.0164072 0.132816 0.0147451 9.9964E-05
9.9946E-05 9.9946E-05 9.9946E-05 0.378233 0.482533 9.9946E-05 9.9946E-05 0.0895778 9.9946E-05 0.0490561
9.9955E-05 9.9955E-05 9.9955E-05 0.15307 0.626477 9.9955E-05 0.117329 0.0879283 9.9955E-05 0.014696
9.9964E-05 9.9964E-05 9.9964E-05 0.496278 0.201628 0.144037 0.0281805 0.0693246 9.9964E-05 0.0601523
0.0216231 0.0545726 9.9964E-05 0.474603 0.24113 9.9964E-05 0.112871 0.0948012 9.9964E-05 9.9964E-05
9.9982E-05 0.0614794 0.0797396 0.328029 0.207674 0.0818826 0.0461156 0.164144 9.9982E-05 0.0307358
9.9955E-05 0.00915851 0.0785839 0.327315 0.549577 0.0348652 9.9955E-05 9.9955E-05 9.9955E-05 9.9955E-05
9.99639E-05 0.0353593 0.0832891 0.30483 0.435203 0.134008 9.99639E-05 9.99639E-05 0.00691161 9.99639E-05
0.0170078 0.040911 0.0272529 0.54547 0.317937 9.9973E-05 9.9973E-05 9.9973E-05 0.00847278 0.0426492
0.00562109 0.108533 0.0979503 0.311757 0.395848 0.0156092 9.9982E-05 0.0200256 9.9982E-05 0.0444558
0.053319 9.9973E-05 9.9973E-05 0.348507 0.0954002 0.261881 0.147678 0.0670577 0.0258575 9.9973E-05
0.00599149 9.9955E-05 0.0969493 0.408316 0.410036 0.0782078 9.9955E-05 9.9955E-05 9.9955E-05 9.9955E-05
0.0245539 0.0307455 0.0224131 0.192749 0.703033 0.0261054 9.9964E-05 9.9964E-05 9.9964E-05 9.9964E-05
9.9955E-05 9.9955E-05 9.9955E-05 0.590339 0.318782 9.9955E-05 0.0476162 9.9955E-05 0.0296399 0.0131235
0.0599458 9.9964E-05 9.9964E-05 0.189056 0.682614 0.0118305 9.9964E-05 0.0135298 0.042624 9.9964E-05
0.0283013 9.9955E-05 9.9955E-05 0.379271 0.549309 0.0239269 9.9955E-05 9.9955E-05 9.9955E-05 0.0186913
0.00146172 0.0781808 0.00748309 0.580577 0.221156 9.9991E-05 0.00242958 0.0178238 0.000519038 0.0902699
0.0072826 0.0267578 0.0235407 0.391784 0.259241 0.16116 9.9982E-05 9.9982E-05 0.0871233 0.0429112
0.0314298 9.9964E-05 9.9964E-05 0.503826 0.0611944 9.9964E-05 0.0863388 0.171894 9.9964E-05 0.144917
0.0627476 0.110229 0.015054 0.359816 0.189368 0.0248234 0.0433575 0.0989657 9.9991E-05 0.0955388
0.0280365 0.0287344 0.0778261 0.420074 0.038105 9.9982E-05 0.128237 0.156746 9.9982E-05 0.122041
0.129573 0.0236414 0.123151 0.25463 0.0657415 0.00857067 0.093085 0.220258 9.9991E-05 0.0812481
0.064095 9.9982E-05 0.0280207 0.319662 0.00653197 0.16716 9.9982E-05 0.214935 0.0831807 0.116215
0.0557007 9.9982E-05 0.019421 0.498108 0.118346 0.0103921 0.116864 0.0969082 9.9982E-05 0.0840602
9.9946E-05 9.9946E-05 9.9946E-05 9.9946E-05 0.671726 9.9946E-05 0.0782794 0.112539 9.9946E-05 0.136856
0.00696146 0.0950162 0.0473077 0.4874 0.0624396 9.9982E-05 0.0678722 0.208782 9.9982E-05 0.0240207
9.9946E-05 9.9946E-05 9.9946E-05 9.9946E-05 0.420216 9.9946E-05 0.233839 0.0507749 9.9946E-05 0.29457
9.9955E-05 9.9955E-05 9.9955E-05 0.450349 0.314936 9.9955E-05 0.00771048 0.134762 9.9955E-05 0.0917429
9.9955E-05 9.9955E-05 0.0311558 0.0877694 0.712187 9.9955E-05 0.0239999 9.9955E-05 0.144388 9.9955E-05
9.9937E-05 9.9937E-05 9.9937E-05 9.9937E-05 0.886359 0.0292933 9.9937E-05 9.9937E-05 0.0836479 9.9937E-05
0.0292681 0.0106922 9.9973E-05 0.477587 0.412876 0.0434374 0.00395057 9.9973E-05 0.0218887 9.9973E-05
