0.961379 0.0377797 0.000740803 9.9991E-05
0.977075 0.0227249 9.9982E-05 9.9982E-05
0.846049 9.9991E-05 0.0684745 0.0853762
0.850657 0.0212211 0.0408574 0.0872645
0.899231 9.9991E-05 0.0391345 0.0615349
0.718958 0.0925169 0.0395388 0.148987
0.891195 0.108605 9.9982E-05 9.9982E-05
0.790837 0.156262 0.0528003 9.9991E-05
0.877278 0.122522 9.9982E-05 9.9982E-05
0.757943 0.0562697 0.0635963 0.122191
0.793556 0.135604 9.9991E-05 0.07074
0.0187315 0.490205 0.0986415 0.392422
0.091244 0.191853 0.0326049 0.684298
0.0801752 0.481179 0.0711394 0.367506
0.133267 0.269955 0.14484 0.451938
0.146765 0.142092 0.143456 0.567686
0.0904173 0.134894 0.117981 0.656708
0.00925542 0.281234 0.207793 0.501718
0.242862 0.181853 0.0371886 0.538096
0.148962 0.643154 0.00348317 0.204401
0.0739124 0.294958 0.113615 0.517515
0.118271 0.156058 9.9991E-05 0.72557
0.0161025 0.178028 0.0801168 0.725753
0.103262 0.328991 0.0297464 0.538001
0.143262 0.0407286 0.11119 0.704819
0.108982 0.135249 0.129093 0.626675
0.106947 0.434474 0.0852893 0.37329
0.0628404 0.402893 0.160767 0.373499
0.0732158 0.522829 0.00374813 0.400207
0.875472 9.9991E-05 0.0735547 0.0508729
0.85914 9.9991E-05 0.0290542 0.111706
0.823709 9.9991E-05 0.0756388 0.100552
0.715763 9.9991E-05 0.151105 0.133032
0.0652953 0.210888 0.0316738 0.692143
0.139225 0.115333 0.00878479 0.736656
0.0919039 0.151537 0.0288911 0.727668
0.205382 0.456942 9.9991E-05 0.337577
0.00720752 0.415184 0.0390205 0.538588
0.053752 0.124264 0.0235191 0.798465
0.0150586 0.0323927 0.123149 0.8294
0.144741 0.085671 0.0310406 0.738547
0.136787 0.0727504 0.0315045 0.758958
0.0252547 0.556038 9.9991E-05 0.418607
0.0685502 0.145996 0.0938501 0.691604
0.0513341 0.116391 0.0707943 0.761481
0.198112 0.0656057 0.129441 0.606841
9.9982E-05 0.32839 9.9982E-05 0.67141
0.0182549 0.0335043 0.139903 0.808338
0.148232 0.101148 0.121215 0.629406
0.0849711 0.777873 9.9991E-05 0.137056
9.9982E-05 0.615503 9.9982E-05 0.384297
0.0321672 0.667729 0.121154 0.17895
0.1372 0.115793 0.130553 0.616454
0.0353171 0.122254 0.139941 0.702488
0.0933343 0.0859235 0.187304 0.633438
0.153529 0.57068 9.9991E-05 0.275691
0.051705 0.236 0.0823183 0.629977
0.0901779 0.115368 0.143688 0.650765
0.16346 0.309119 0.061967 0.465454
0.25885 0.496686 0.0460294 0.198435
0.0229672 0.130998 0.0799659 0.766069
0.0803585 0.270738 0.093533 0.55537
0.132663 0.606459 9.9991E-05 0.260778
0.0540241 0.292291 0.0457367 0.607948
9.9991E-05 0.143618 0.146451 0.709831
0.13107 0.156208 0.0473223 0.6654
0.079867 0.407572 0.00707624 0.505484
9.9991E-05 0.294466 0.10627 0.599163
0.174209 0.0902256 0.0294353 0.70613
0.0708286 0.52643 9.9991E-05 0.402641
0.0101253 0.209092 9.9991E-05 0.780683
9.9982E-05 0.466672 9.9982E-05 0.533128
0.0803396 0.18744 0.070885 0.661335
9.9982E-05 0.6709 9.9982E-05 0.328901
9.9982E-05 0.707259 9.9982E-05 0.292541
9.9982E-05 0.430081 9.9982E-05 0.569719
0.0490634 0.227605 9.9991E-05 0.723232
0.177967 0.122941 0.101738 0.597354
9.9991E-05 0.29234 0.132028 0.575531
0.0450127 0.486462 9.9991E-05 0.468425
0.084573 0.424112 9.9991E-05 0.491215
0.0762665 0.160518 0.113002 0.650213
0.0287712 0.310466 0.0621482 0.598615
0.0791492 0.244857 9.9991E-05 0.675894
9.9982E-05 0.32655 9.9982E-05 0.67325
9.9982E-05 0.770634 9.9982E-05 0.229166
9.9991E-05 0.143084 0.119843 0.736973
0.848114 9.9991E-05 0.0283907 0.123395
0.939194 9.9982E-05 9.9982E-05 0.0606061
0.90802 9.9991E-05 0.0627068 0.0291732
0.941718 9.9991E-05 0.024051 0.0341313
0.900145 9.9991E-05 0.0360207 0.063734
0.931748 0.0109165 0.0109853 0.04635
0.933068 9.9991E-05 0.0422675 0.0245643
0.140485 0.113049 0.0824835 0.663983
0.158423 0.100081 0.173068 0.568428
9.9982E-05 0.603564 9.9982E-05 0.396236
0.126257 0.0837897 0.111968 0.677985
0.0274093 0.253973 9.9991E-05 0.718518
0.0539047 0.0912773 9.9991E-05 0.854718
0.0644125 0.164519 0.0937903 0.677278
9.9991E-05 0.233036 0.102947 0.663917
0.0248109 0.760087 9.9991E-05 0.215002
0.076713 0.179334 0.0805776 0.663376
0.126278 0.0351694 0.0340863 0.804466
9.9991E-05 0.177416 0.162845 0.659638
0.0184045 0.421739 0.0462012 0.513656
9.9991E-05 0.250814 0.0023405 0.746746
0.0544767 0.251052 9.9991E-05 0.694371
9.9991E-05 0.318868 0.0492712 0.631761
0.0630988 0.241685 9.9991E-05 0.695117
0.0975557 0.146241 0.0782736 0.67793
0.0675922 0.528555 0.0471439 0.356709
0.155214 0.26256 0.0834435 0.498783
0.176644 0.093793 0.0482462 0.681317
0.116422 0.131115 0.200039 0.552424
0.110375 0.231545 9.9991E-05 0.65798
0.0589032 0.0995597 0.0464126 0.795124
0.101353 0.271842 9.9991E-05 0.626705
0.109341 0.184956 0.0553699 0.650333
0.119905 0.185429 0.137567 0.557099
0.131379 0.138742 9.9991E-05 0.729778
0.0946319 0.213553 9.9991E-05 0.691715
0.00686502 0.070761 0.143448 0.778926
0.0478203 0.114967 0.203143 0.634069
0.0184712 0.184697 0.149699 0.647134
0.156258 0.131807 0.0151783 0.696756
0.00591319 0.209902 0.183648 0.600537
0.159673 0.343349 0.0186995 0.478279
0.0406139 0.136072 0.0924141 0.7309
0.0822192 0.0609795 0.0755174 0.781284
0.0869677 0.437489 0.0868678 0.388675
0.0546835 0.583175 0.132728 0.229413
0.097393 0.21171 0.0597848 0.631112
9.9991E-05 0.734931 0.162809 0.10216
0.123479 0.422266 9.9991E-05 0.454155
0.0468626 0.324278 9.9991E-05 0.62876
0.108491 0.390786 9.9991E-05 0.500623
0.0621038 0.493519 0.0307407 0.413636
0.0853952 0.0439961 0.0723389 0.79827
0.0718019 0.204464 0.191543 0.532192
0.20758 0.152616 0.0229834 0.616821
9.9991E-05 0.645349 0.151601 0.202951
0.150809 0.162375 0.120599 0.566217
0.0522772 0.301285 0.046809 0.599629
0.182432 0.721507 0.0322573 0.0638035
0.0132589 0.12285 0.127764 0.736127
0.10621 0.31464 0.0575599 0.52159
0.107605 0.105276 0.149913 0.637205
0.140285 0.500606 0.103514 0.255595
0.170165 0.462753 9.9991E-05 0.366982
0.108526 0.253743 0.00579541 0.631935
0.106126 0.213601 0.118414 0.561859
0.109934 0.288165 0.202974 0.398927
0.0815805 0.586413 0.238709 0.0932975
0.0718442 0.115487 0.120037 0.692632
9.9991E-05 0.40625 0.0287154 0.564935
9.9991E-05 0.351826 0.0908491 0.557225
0.168538 0.0476076 0.112658 0.671197
0.348707 0.186959 0.330777 0.133557
0.584429 0.21021 0.205261 9.9991E-05
0.501204 0.283235 0.21546 9.9991E-05
0.386071 0.172226 0.441602 9.9991E-05
0.00934992 0.137884 0.0636302 0.789135
0.0717076 0.0787668 0.0800103 0.769515
9.9982E-05 9.9982E-05 0.714493 0.285307
0.0969828 9.9991E-05 0.428474 0.474443
0.04488 0.0398994 0.458589 0.456632
0.022243 0.42368 0.0989209 0.455157
0.0608434 0.108754 0.115323 0.71508
9.9991E-05 0.601838 0.147385 0.250677
0.0570099 0.121623 0.125047 0.696321
0.0336803 0.317493 0.138694 0.510133
0.0408175 0.179472 0.120748 0.658962
0.00423084 0.606597 0.0814208 0.307751
0.0369066 0.0947024 0.175838 0.692553
0.0776595 0.182225 0.161083 0.579033
9.9982E-05 9.9982E-05 0.991343 0.00845749
9.9982E-05 9.9982E-05 0.930282 0.0695176
0.0292898 0.0709233 0.586458 0.313329
9.9982E-05 9.9982E-05 0.673426 0.326374
0.0219691 9.9991E-05 0.824958 0.152972
9.998E-05 9.998E-05 0.9997 9.998E-05
0.00958513 0.00676199 0.983553 9.9991E-05
9.9982E-05 9.9982E-05 0.896432 0.103368
9.9991E-05 0.00436462 0.936277 0.0592588
9.998E-05 9.998E-05 0.9997 9.998E-05
9.998E-05 9.998E-05 0.9997 9.998E-05
0.019868 9.9991E-05 0.81749 0.162542
0.0262533 0.0450274 0.835596 0.0931233
9.9982E-05 9.9982E-05 0.975221 0.0245787
0.0324688 0.0653649 0.50064 0.401526
0.0234863 9.9991E-05 0.684322 0.292092
0.031245 9.9991E-05 0.777824 0.190831
0.050054 9.9991E-05 0.862411 0.087435
9.998E-05 9.998E-05 0.9997 9.998E-05
0.026989 9.9991E-05 0.865964 0.106947
9.998E-05 9.998E-05 0.9997 9.998E-05
0.0399547 9.9991E-05 0.649579 0.310366
9.9991E-05 0.0508706 0.909293 0.0397362
0.384534 0.469444 0.145921 9.9991E-05
0.140985 0.234262 0.109053 0.5157
0.262409 0.162404 0.0886794 0.486508
0.284962 0.366405 0.210214 0.138419
0.213269 0.194085 0.145866 0.44678
0.298553 0.256628 0.197459 0.247361
0.158804 0.149964 0.123655 0.567577
0.180857 0.218292 0.271532 0.329318
0.158432 0.115547 0.264477 0.461544
0.252194 0.095042 0.199186 0.453578
0.246576 0.0783101 0.104469 0.570645
0.849599 0.0738063 0.0433838 0.0332109
0.93096 0.021569 0.0473714 9.9991E-05
0.981105 9.9982E-05 9.9982E-05 0.0186949
0.971253 9.9982E-05 9.9982E-05 0.028547
0.954491 0.0338612 0.0115482 9.9991E-05
0.923893 0.00868262 0.067324 9.9991E-05
0.901499 9.9991E-05 0.0881973 0.0102033
0.936676 0.0353171 0.0279064 9.9991E-05
0.939337 9.9991E-05 0.0293935 0.0311696
0.881025 9.9991E-05 0.10344 0.015435
0.65987 0.313589 0.0264408 9.9991E-05
0.668297 0.264781 9.9991E-05 0.0668223
0.618962 0.380838 9.9982E-05 9.9982E-05
0.55718 0.381979 9.9991E-05 0.0607411
0.0786538 0.202411 0.0478399 0.671095
0.00404024 0.276791 0.0442675 0.674901
0.0663329 0.170596 0.0606503 0.702421
0.116435 0.316321 9.9991E-05 0.567144
0.0775233 0.553975 9.9991E-05 0.368401
0.0464385 0.0795592 0.0586004 0.815402
9.9991E-05 0.186603 0.0659964 0.747301
0.0499467 0.202095 0.0140518 0.733907
9.9991E-05 0.348187 0.0442998 0.607413
0.031149 0.0704242 0.08217 0.816257
9.9982E-05 0.315787 9.9982E-05 0.684013
9.9982E-05 0.82327 9.9982E-05 0.17653
0.149512 0.215758 9.9991E-05 0.63463
9.9991E-05 0.532079 0.0644694 0.403351
0.0142882 0.186561 9.9991E-05 0.799051
0.0187641 0.558186 9.9991E-05 0.422949
0.243034 0.691034 9.9991E-05 0.0658318
0.229513 0.585815 9.9991E-05 0.184573
0.195325 0.730293 9.9991E-05 0.0742817
0.265678 0.654682 9.9991E-05 0.0795406
0.110116 0.692974 9.9991E-05 0.19681
0.216611 0.598655 0.000103787 0.18463
0.911429 9.9991E-05 0.0351999 0.0532709
0.845336 9.9991E-05 0.0216992 0.132865
0.784557 9.9991E-05 0.15388 0.0614629
0.799811 0.00814335 0.135929 0.0561168
0.830699 9.9991E-05 0.100596 0.0686049
0.514383 0.485417 9.9982E-05 9.9982E-05
0.540251 0.459549 9.9982E-05 9.9982E-05
0.497993 0.448371 9.9991E-05 0.0535358
0.846236 9.9991E-05 0.0482051 0.105459
0.467984 0.511348 9.9991E-05 0.0205677
0.207281 0.119443 0.496014 0.177262
0.146472 9.9991E-05 0.304548 0.54888
0.167186 9.9991E-05 0.381858 0.450857
0.233847 0.14459 0.314439 0.307124
0.190215 9.9991E-05 0.185958 0.623727
0.472836 0.157045 0.370018 9.9991E-05
0.0743449 0.311285 9.9991E-05 0.61427
0.0344084 0.456211 0.129452 0.379928
0.149753 0.396681 9.9991E-05 0.453466
0.0406128 0.273429 0.0228827 0.663075
9.9982E-05 0.993703 0.00609677 9.9982E-05
0.130477 0.17364 0.0635341 0.632349
0.0669734 0.238774 0.0741291 0.620123
0.13657 0.328156 9.9991E-05 0.535173
0.095346 0.17346 0.115909 0.615285
0.0392627 0.662737 0.00881964 0.289181
0.0149996 0.289515 0.0812931 0.614193
0.021962 0.237958 0.0965072 0.643573
0.161453 0.178766 0.226534 0.433247
9.9991E-05 0.455177 0.0902892 0.454434
0.0463742 0.311057 0.0583049 0.584264
9.9991E-05 0.261461 0.14896 0.589479
0.00452376 0.227078 0.0627115 0.705687
0.0332 0.13304 0.194801 0.63896
0.108772 0.191085 0.170856 0.529287
0.0972722 0.133199 0.144005 0.625524
0.824811 9.9991E-05 0.0848887 0.0901999
0.865359 9.9991E-05 0.0417778 0.0927631
0.770326 0.152115 0.0434534 0.0341054
0.869382 0.0229078 0.0227458 0.0849639
0.845855 9.9991E-05 0.0514587 0.102586
0.0858566 0.536614 0.0623257 0.315203
0.118328 0.201386 0.0648586 0.615427
0.200035 0.197027 0.166021 0.436917
0.0829727 0.0373548 0.0988353 0.780837
0.110742 0.207714 9.9991E-05 0.681443
0.0359218 0.498062 0.0993933 0.366623
0.222404 0.667668 9.9991E-05 0.109828
0.121486 0.159727 0.0165317 0.702255
0.126583 0.495901 0.0120578 0.365458
0.0392458 0.283009 0.123821 0.553924
0.187853 0.559647 9.9991E-05 0.252401
0.155292 0.108305 0.101954 0.634449
0.177936 0.494583 9.9991E-05 0.327381
0.029677 0.431807 0.158924 0.379592
0.156897 0.168036 0.0625684 0.612498
0.0665026 0.498914 0.0666842 0.367899
0.101654 0.205019 0.0110897 0.682237
0.147912 0.135728 0.11093 0.60543
0.0267516 0.418073 0.0614979 0.493678
0.194689 0.104454 0.0498467 0.651011
0.142929 0.196003 0.031001 0.630067
9.9982E-05 0.7132 9.9982E-05 0.2866
9.9991E-05 0.570716 0.0699311 0.359253
0.0411565 0.305323 0.0416088 0.611912
0.0390619 0.648937 9.9991E-05 0.311901
0.0648326 0.267712 9.9991E-05 0.667355
0.0740583 0.614397 9.9991E-05 0.311445
9.9991E-05 0.583583 0.05111 0.365207
0.0903607 0.342565 0.018756 0.548319
9.9991E-05 0.19248 0.20768 0.59974
0.0132866 0.536322 0.0749177 0.375474
0.122548 0.170221 0.0935137 0.613717
0.0694537 0.167432 0.132816 0.630299
0.0574309 0.265863 0.125154 0.551552
0.00282508 0.272893 0.151613 0.572669
0.038737 0.355963 0.113207 0.492093
9.9991E-05 0.536773 0.103223 0.359904
0.0402315 0.39613 0.112869 0.450769
9.9991E-05 0.198491 0.0957565 0.705653
0.0242825 0.170743 0.145622 0.659352
0.0415524 0.318029 0.0926113 0.547807
9.9991E-05 0.228087 0.142987 0.628826
0.131649 0.352861 0.0541754 0.461314
0.0734371 0.146209 0.0359431 0.744411
0.0885682 0.16078 0.0641263 0.686526
0.0812688 0.152928 0.166188 0.599615
0.351632 9.9991E-05 0.222643 0.425624
0.0867866 0.112054 0.325075 0.476084
0.0766646 0.125654 0.249559 0.548122
0.118726 0.0738406 0.210527 0.596906
0.221231 0.0282873 0.307597 0.442885
9.9991E-05 0.351778 0.153728 0.494394
0.26708 0.0393628 0.140454 0.553103
0.264694 0.451763 0.210627 0.0729159
0.156629 0.0766659 0.277083 0.489622
0.194977 9.9991E-05 0.190882 0.614041
0.0371531 0.143159 0.324432 0.495256
0.22317 0.231129 0.205042 0.340659
0.199716 0.0549433 0.192202 0.553139
0.207997 9.9991E-05 0.213244 0.57866
0.500265 0.249666 0.249969 9.9991E-05
0.17163 0.0121307 0.356973 0.459266
0.143557 9.9991E-05 0.310024 0.546319
0.0593521 0.0904587 0.219861 0.630329
0.204645 0.0127872 0.238708 0.54386
0.152314 0.0717685 0.275071 0.500846
9.9991E-05 0.326254 0.151057 0.522589
0.134882 0.243778 0.116469 0.504871
9.9991E-05 0.782842 0.057397 0.159661
9.9991E-05 0.78412 0.0392823 0.176498
0.0698979 0.194546 0.139885 0.595671
0.102409 0.0786709 0.339084 0.479836
0.0893979 0.091407 0.472661 0.346534
0.247503 0.175672 0.358655 0.21817
0.176975 0.0801484 0.346293 0.396583
0.0774087 0.51358 0.190747 0.218264
0.114672 0.403564 0.210959 0.270804
0.0251401 0.167241 0.188819 0.618799
0.0423028 0.225049 0.183716 0.548933
0.103859 0.418295 0.161212 0.316634
0.0637393 0.190551 0.105496 0.640213
0.0163707 0.149204 0.153884 0.680541
0.109261 0.133956 0.143243 0.61354
0.0234403 0.446643 9.9991E-05 0.529817
0.0205738 0.398854 0.0981006 0.482472
9.9991E-05 0.24812 0.0726543 0.679126
0.0781406 0.271985 0.11492 0.534954
0.135799 0.298028 0.0972045 0.468969
9.9991E-05 0.280378 0.0305492 0.688972
9.9991E-05 0.566192 0.0328276 0.40088
0.0657889 0.123276 0.00330153 0.807634
9.9991E-05 0.602714 0.0541708 0.343016
0.00393653 0.299345 0.0704828 0.626236
0.103245 0.0898392 0.0710124 0.735903
9.9991E-05 0.259337 0.0738224 0.66674
0.120194 0.0908319 0.264199 0.524775
0.161009 0.175751 0.234358 0.428882
0.168872 0.14373 0.325258 0.36214
0.210625 0.164385 0.235733 0.389257
0.152351 0.131641 0.277777 0.438231
0.169446 0.104379 0.194089 0.532086
0.156949 0.568968 0.273983 9.9991E-05
0.0885678 0.0413143 0.264123 0.605995
0.397344 0.37586 0.226697 9.9991E-05
0.0138309 0.128398 0.310578 0.547193
9.9982E-05 0.647806 9.9982E-05 0.351994
0.0223915 0.784358 0.0300739 0.163176
9.9991E-05 0.287074 0.10236 0.610467
9.9991E-05 0.14532 0.122097 0.732483
9.9991E-05 0.391079 0.0562032 0.552618
0.013962 0.234292 0.0429058 0.70884
9.9991E-05 0.23764 0.0406635 0.721596
0.836174 9.9991E-05 0.0248043 0.138922
0.769882 0.0900815 0.128485 0.0115514
0.953543 9.9982E-05 0.0462566 9.9982E-05
0.978917 9.9982E-05 9.9982E-05 0.0208829
0.018824 0.223018 0.0550908 0.703068
0.0945161 0.156351 0.0358624 0.71327
0.0233946 0.188518 9.9991E-05 0.787987
0.0913827 0.07961 0.0399183 0.789089
0.153143 0.138437 0.00749834 0.700921
0.0484191 0.460563 9.9991E-05 0.490918
9.9991E-05 0.0584079 0.0368749 0.904617
9.9982E-05 0.400812 9.9982E-05 0.598988
0.293957 9.9991E-05 0.257656 0.448287
9.9991E-05 0.334481 0.0801826 0.585236
0.0201382 0.355121 0.00632507 0.618416
9.9982E-05 0.222094 9.9982E-05 0.777706
0.0176245 0.324863 9.9991E-05 0.657412
0.0281504 0.176783 0.0521821 0.742884
0.157365 0.109175 9.9991E-05 0.73336
9.9982E-05 0.549291 9.9982E-05 0.450509
9.9991E-05 0.389245 0.00565937 0.604996
9.9991E-05 0.400067 0.00519553 0.594638
9.9982E-05 0.799813 9.9982E-05 0.199987
0.028807 0.327142 9.9991E-05 0.643951
9.9991E-05 0.643663 0.0066273 0.349609
9.9982E-05 0.788548 9.9982E-05 0.211252
0.0192681 0.15232 0.0622259 0.766186
0.0519579 0.42276 9.9991E-05 0.525182
0.029267 0.280191 0.0548665 0.635675
0.125831 0.0348203 0.099478 0.739871
9.9991E-05 0.246482 0.00640472 0.747013
9.9991E-05 0.493481 0.136413 0.370005
9.9991E-05 0.164434 0.108365 0.7271
0.0885231 0.21062 0.0382829 0.662574
9.9982E-05 0.354094 9.9982E-05 0.645706
0.10862 0.209553 0.0447283 0.637098
0.715143 0.228656 9.9991E-05 0.0561006
0.807735 0.130002 9.9991E-05 0.062163
0.881567 0.118233 9.9982E-05 9.9982E-05
0.855759 0.130255 9.9991E-05 0.0138867
0.806442 0.104777 9.9991E-05 0.0886812
0.0398634 0.52619 9.9991E-05 0.433847
0.0589218 0.534987 9.9991E-05 0.405991
9.9982E-05 0.49808 9.9982E-05 0.50172
0.159592 0.137088 0.103153 0.600168
0.121422 0.130016 0.0877963 0.660765
0.0278334 0.376951 0.0102774 0.584938
9.9991E-05 0.143458 0.108511 0.747931
0.0613017 0.290391 0.0320851 0.616222
0.0319615 0.186062 0.057121 0.724855
0.0698484 0.0768406 0.00463929 0.848672
0.0148072 0.420379 9.9991E-05 0.564714
9.9982E-05 0.305686 9.9982E-05 0.694114
0.0153042 0.32961 9.9991E-05 0.654986
0.160381 0.0415814 0.0435271 0.754511
9.9982E-05 0.246094 9.9982E-05 0.753706
0.0535776 0.208226 0.0260782 0.712118
0.107795 9.9991E-05 0.389071 0.503034
0.0897409 0.0607992 0.573891 0.275569
0.0615914 0.0314596 0.501409 0.40554
0.0988206 0.0368904 0.587038 0.277251
0.183118 0.0314661 0.354581 0.430836
0.0372576 0.213631 0.0556717 0.69344
0.25339 0.0417448 0.704765 9.9991E-05
0.16884 0.0321665 0.519329 0.279664
0.169359 0.0870134 0.19556 0.548068
0.191574 0.0626779 0.00445213 0.741296
0.162966 0.211695 0.0480873 0.577251
0.180813 9.9991E-05 0.0484104 0.770677
0.12519 0.110366 0.0380762 0.726368
0.190807 9.9991E-05 0.52793 0.281163
0.107639 0.0567021 0.413153 0.422506
0.0149077 9.9991E-05 0.616938 0.368055
0.134826 0.0790978 0.471329 0.314747
0.0806855 0.0371837 0.592882 0.289249
0.117518 0.0795573 0.359045 0.44388
0.129979 0.00233948 0.576241 0.29144
0.0903834 0.0167138 0.412054 0.480849
0.189944 0.0294274 9.9991E-05 0.780529
0.22369 9.9991E-05 0.313894 0.462317
0.120912 9.9991E-05 0.695168 0.18382
0.140078 9.9991E-05 0.459177 0.400645
0.211569 0.423955 0.00522555 0.35925
0.0120617 0.175829 0.152855 0.659254
0.248851 0.0222361 0.30645 0.422463
0.0888354 0.139233 0.0818652 0.690067
0.216282 0.0667123 9.9991E-05 0.716906
0.203914 0.124865 0.26556 0.405661
0.282566 0.0273919 0.295967 0.394075
0.0762582 0.131079 0.202115 0.590547
0.117466 0.000919017 0.463278 0.418337
0.0153155 9.9991E-05 0.611114 0.37347
0.188027 0.0344591 0.662455 0.115059
0.157194 0.0680202 0.0679241 0.706862
0.191854 0.174004 9.9991E-05 0.634042
0.152434 0.526369 0.131462 0.189735
0.107028 0.0828996 0.161504 0.648568
0.125248 0.270063 0.0650911 0.539599
0.200826 0.0198323 0.201099 0.578243
0.178773 0.0765809 0.1393 0.605346
0.320497 0.383133 0.29627 9.9991E-05
0.382876 0.39669 0.220334 9.9991E-05
0.166538 0.33454 0.249838 0.249084
0.332381 0.355072 0.312447 9.9991E-05
0.452928 0.221029 0.325943 9.9991E-05
0.0588195 0.304194 0.26323 0.373757
0.235616 0.182361 0.266176 0.315847
0.284059 0.242762 0.309894 0.163285
0.287952 0.359083 0.265801 0.0871642
0.151734 0.153508 0.273891 0.420866
0.187774 0.425712 0.232437 0.154077
0.454936 0.346036 0.198928 9.9991E-05
0.0953058 0.161572 0.33588 0.407242
0.18559 0.162768 0.322863 0.328779
0.323746 0.0130406 0.156074 0.50714
0.145464 9.9991E-05 0.356309 0.498127
0.187771 0.0299761 0.25233 0.529923
0.15734 0.075854 0.278713 0.488093
0.400629 9.9991E-05 0.226552 0.372719
0.178905 0.00711536 0.288264 0.525715
0.243823 9.9991E-05 0.304312 0.451764
0.245396 0.0764655 0.306692 0.371447
0.157204 0.264445 0.162173 0.416178
0.19701 0.116798 0.105843 0.580348
0.164158 0.0130217 0.203679 0.619142
0.205162 9.9991E-05 0.103853 0.690885
0.279036 0.0149741 0.33322 0.37277
0.219783 9.9991E-05 0.154111 0.626006
0.418736 0.1513 0.305676 0.124288
0.202259 9.9991E-05 0.308953 0.488688
0.266781 0.0871504 0.460564 0.185505
0.853648 0.129676 9.9991E-05 0.0165762
0.206156 0.531942 9.9991E-05 0.261802
0.188261 0.76095 9.9991E-05 0.0506892
0.208539 0.686369 9.9991E-05 0.104992
0.127547 0.694072 9.9991E-05 0.178281
0.183398 0.651152 9.9991E-05 0.16535
0.133416 0.611256 9.9991E-05 0.255228
0.173397 0.749692 9.9991E-05 0.0768106
0.362518 0.517452 0.0141871 0.105843
0.929251 0.0171944 0.0344165 0.0191383
0.90572 0.0290143 0.00799108 0.0572745
0.905894 9.9991E-05 0.0552909 0.0387151
0.835578 0.0886835 9.9991E-05 0.0756385
0.974655 9.9991E-05 0.016964 0.00828137
0.943549 0.0492896 0.00706153 9.9991E-05
0.756018 0.0128621 0.15973 0.0713895
0.872816 9.9991E-05 0.0967825 0.0303013
0.771437 0.131973 0.0561994 0.0403902
0.919708 9.9982E-05 0.0800923 9.9982E-05
0.974666 0.0251338 9.9982E-05 9.9982E-05
0.868782 0.0399839 0.0559465 0.0352872
0.990289 0.00951142 9.9982E-05 9.9982E-05
0.937563 9.9991E-05 0.0305088 0.0318283
0.874325 9.9991E-05 0.0721219 0.0534532
0.854767 9.9991E-05 0.0300197 0.115114
0.749708 9.9991E-05 0.163505 0.0866876
0.786246 9.9991E-05 0.0789865 0.134667
0.83296 9.9991E-05 0.0761523 0.090788
0.218589 0.202869 9.9991E-05 0.578442
0.156256 0.0214104 9.9991E-05 0.822234
0.082589 0.057126 0.0921218 0.768163
0.0725557 0.618898 0.107761 0.200785
0.213344 0.10049 9.9991E-05 0.686066
0.223571 0.532791 0.107254 0.136384
0.114239 0.125346 0.0766909 0.683724
0.126928 0.2687 9.9991E-05 0.604271
0.142424 0.147901 0.0462941 0.663381
0.0435245 0.197751 0.0939194 0.664805
0.163548 0.205386 9.9991E-05 0.630966
0.145238 0.0175089 0.0477709 0.789482
0.110699 0.109678 0.064877 0.714746
9.9991E-05 0.748949 0.109438 0.141513
0.100019 0.794766 0.0391021 0.0661131
0.13657 0.542542 0.0889816 0.231907
0.122017 0.0271194 0.0966637 0.7542
0.218223 0.0653581 0.000741864 0.715677
0.158535 0.168288 0.0707144 0.602463
0.110969 0.0378908 0.0639441 0.787196
0.133536 0.0798233 0.287325 0.499316
0.175637 9.9991E-05 0.155396 0.668867
0.453395 0.237851 0.18785 0.120904
0.138101 0.151647 0.106001 0.604251
0.265243 0.0661128 0.123886 0.544758
0.43723 0.32636 0.23631 9.9991E-05
0.291059 0.10376 0.303613 0.301569
0.365882 0.0543769 0.222119 0.357623
0.385887 0.0334356 0.102872 0.477805
0.160773 0.0561601 0.245796 0.537271
0.204159 9.9991E-05 0.175441 0.620299
0.20928 0.00319092 0.166554 0.620975
0.111629 0.205141 0.314763 0.368467
0.482198 9.9991E-05 0.183219 0.334483
