0.0601975 0.939703 9.9991E-05
0.0436054 0.956295 9.9991E-05
0.17097 0.82893 9.9991E-05
0.141383 0.800392 0.0582249
0.124306 0.875594 9.9991E-05
0.161392 0.690273 0.148335
0.0656122 0.872128 0.0622594
0.0364895 0.829821 0.133689
9.9991E-05 0.933307 0.0665926
0.18982 0.718866 0.0913142
0.0344218 0.808821 0.156757
0.161331 0.0762121 0.762457
0.367896 0.0324712 0.599633
0.202478 0.139049 0.658473
0.310572 0.150418 0.53901
0.358084 0.129785 0.512131
0.427835 0.0474067 0.524758
0.309371 0.053582 0.637047
0.21463 0.181301 0.604069
9.9991E-05 0.192876 0.807024
0.309908 0.0674517 0.62264
0.320961 0.1043 0.574739
0.359199 0.0182811 0.62252
0.249707 0.0773829 0.67291
0.526186 9.9991E-05 0.473714
0.427634 0.0309793 0.541387
0.176188 0.162204 0.661608
0.22615 0.0966281 0.677222
0.113506 0.131086 0.755408
0.176811 0.823089 9.9991E-05
0.181552 0.818348 9.9991E-05
0.196089 0.779249 0.0246622
0.251486 0.748414 9.9991E-05
0.306496 9.9991E-05 0.693404
0.346171 0.0723019 0.581528
0.353515 0.0268431 0.619642
0.0243066 0.229615 0.746079
0.230494 9.9991E-05 0.769406
0.357965 0.0745191 0.567516
0.47125 9.9991E-05 0.52865
0.370642 0.0728724 0.556485
0.443831 0.0527728 0.503396
0.0517623 0.0275705 0.920667
0.458871 0.030903 0.510226
0.435655 9.9991E-05 0.564245
0.473251 0.0970725 0.429676
0.208915 9.9991E-05 0.790985
0.394952 9.9991E-05 0.604948
0.442224 0.0448846 0.512891
9.9991E-05 0.190559 0.809341
0.0279515 0.0945388 0.87751
0.0256436 0.164531 0.809825
0.408143 0.0550878 0.53677
0.436117 0.100417 0.463466
0.446653 9.9991E-05 0.553247
0.057865 0.203701 0.738434
0.387312 9.9991E-05 0.612588
0.470627 0.048577 0.480796
0.211056 0.143666 0.645278
0.0477664 0.348878 0.603356
0.361751 0.0359248 0.602324
0.280834 0.119799 0.599367
9.9991E-05 0.208971 0.790929
0.296657 0.0019232 0.70142
0.491804 9.9991E-05 0.508096
0.371194 0.059991 0.568815
0.208545 0.138938 0.652517
0.37123 9.9991E-05 0.62867
0.351686 9.9991E-05 0.648214
0.055927 0.148933 0.79514
0.297704 9.9991E-05 0.702196
0.113911 0.013287 0.872802
0.413197 0.0394813 0.547322
9.9991E-05 0.0395144 0.960386
9.9991E-05 0.0404063 0.959494
0.152292 9.9991E-05 0.847608
0.268799 9.9991E-05 0.731101
0.370533 0.13227 0.497197
0.308627 0.0138187 0.677554
0.109647 0.0840448 0.806308
0.124091 0.0566934 0.819215
0.386011 0.0694379 0.544551
0.224918 0.0092424 0.76584
0.252871 0.0325446 0.714585
0.233276 9.9991E-05 0.766624
9.9991E-05 0.0669771 0.932923
0.43118 9.9991E-05 0.568721
0.140932 0.788213 0.0708545
0.102693 0.897207 9.9991E-05
0.117668 0.882232 9.9991E-05
0.0979215 0.901979 9.9991E-05
0.129268 0.870632 9.9991E-05
0.104807 0.895093 9.9991E-05
0.10844 0.89146 9.9991E-05
0.351461 0.0901757 0.558363
0.337398 0.106075 0.556527
9.9991E-05 0.0432607 0.956639
0.395473 0.037727 0.5668
0.234391 9.9991E-05 0.765509
0.411732 9.9991E-05 0.588168
0.371117 9.9991E-05 0.628783
0.363339 9.9991E-05 0.636561
9.9991E-05 0.143281 0.856619
0.408176 0.112428 0.479396
0.432215 9.9991E-05 0.567685
0.530308 0.0488193 0.420873
0.233416 0.000433453 0.76615
0.304934 9.9991E-05 0.694966
0.271342 0.0231841 0.705474
0.335739 9.9991E-05 0.664161
0.217643 0.0269516 0.755406
0.358554 0.0670883 0.574358
0.163895 0.0972146 0.73889
0.267571 0.142285 0.590143
0.414206 0.0563347 0.52946
0.365522 0.0659395 0.568538
0.250453 0.093051 0.656496
0.330563 9.9991E-05 0.669337
0.250367 0.0531377 0.696495
0.339409 0.0835775 0.577014
0.403189 0.00394755 0.592863
0.348199 0.0832454 0.568556
0.232236 9.9991E-05 0.767664
0.465574 9.9991E-05 0.534326
0.478427 0.0843544 0.437218
0.415098 9.9991E-05 0.584802
0.382305 0.0439333 0.573762
0.45291 9.9991E-05 0.54699
0.205404 0.192669 0.601927
0.418057 0.0374766 0.544467
0.451535 0.024414 0.524051
0.169116 0.114637 0.716247
0.0886763 0.12414 0.787183
0.401708 0.0299665 0.568326
0.0502782 0.0608565 0.888865
0.110268 0.122878 0.766854
0.186291 0.0317045 0.782004
0.10231 0.127911 0.769779
0.123401 0.11402 0.762579
0.440447 9.9991E-05 0.559453
0.403744 0.0820839 0.514172
0.366755 0.0689655 0.564279
0.101351 0.143301 0.755348
0.388966 0.108472 0.502562
0.390992 0.0251757 0.583832
9.9991E-05 0.301172 0.698728
0.402078 0.0467119 0.551211
0.211193 0.0856931 0.703114
0.39085 0.057792 0.551358
0.164089 0.143518 0.692394
0.0605993 0.176248 0.763152
0.267163 0.0736902 0.659147
0.295674 0.166926 0.5374
0.353791 0.131822 0.514386
0.123284 0.220942 0.655774
0.452136 0.0164305 0.531433
0.119928 0.0158495 0.864223
0.278245 0.00146893 0.720286
0.396452 0.20603 0.397518
0.404409 0.418665 0.176926
0.147743 0.756542 0.0957148
0.123248 0.70127 0.175482
0.435633 0.506733 0.0576344
0.35959 9.9991E-05 0.64031
0.424456 0.00843194 0.567112
0.896446 0.0266363 0.0769177
0.618858 0.0885729 0.292569
0.678108 0.0689533 0.252939
0.210458 0.0390556 0.750487
0.338099 0.0153773 0.646524
0.0888484 0.109129 0.802023
0.36542 0.005667 0.628913
0.341193 9.9991E-05 0.658707
0.402 9.9991E-05 0.5979
0.0855483 0.0716318 0.84282
0.460864 0.0108642 0.528271
0.344552 0.108481 0.546967
0.951378 0.0485222 9.9991E-05
0.946888 0.0530115 9.9991E-05
0.726767 0.125412 0.147821
0.863081 0.0439996 0.0929191
0.880046 0.0978527 0.0221013
0.913723 0.0861769 9.9991E-05
0.89163 0.10827 9.9991E-05
0.961679 0.0382206 9.9991E-05
0.926741 0.0731595 9.9991E-05
0.941098 0.0588018 9.9991E-05
0.918118 0.0817823 9.9991E-05
0.896985 0.102915 9.9991E-05
0.843439 0.156461 9.9991E-05
0.919725 0.0801751 9.9991E-05
0.640197 0.0879555 0.271847
0.843263 0.0330422 0.123695
0.854865 0.145035 9.9991E-05
0.903732 0.0961681 9.9991E-05
0.917946 0.0819542 9.9991E-05
0.888849 0.111051 9.9991E-05
0.966406 0.0334936 9.9991E-05
0.748595 0.120984 0.130421
0.896897 0.103003 9.9991E-05
0.0494908 0.521221 0.429288
0.305606 0.224322 0.470072
0.338849 0.264011 0.39714
0.205534 0.329242 0.465223
0.41179 0.0933636 0.494846
0.230547 0.342697 0.426756
0.315234 0.200472 0.484295
0.408613 0.192428 0.398958
0.461634 0.156266 0.382099
0.452664 0.163212 0.384124
0.428384 0.125363 0.446253
0.0866129 0.860067 0.0533204
0.0749095 0.924991 9.9991E-05
0.0387609 0.961139 9.9991E-05
0.0663183 0.933582 9.9991E-05
0.087687 0.912213 9.9991E-05
0.0773426 0.922557 9.9991E-05
0.142023 0.857877 9.9991E-05
0.0964057 0.903494 9.9991E-05
0.0937497 0.90615 9.9991E-05
0.144841 0.855059 9.9991E-05
9.9991E-05 0.717144 0.282756
9.9991E-05 0.710585 0.289315
9.9991E-05 0.655302 0.344598
9.9991E-05 0.600924 0.398976
0.253992 0.0670131 0.678995
0.319203 9.9991E-05 0.680697
0.370452 9.9991E-05 0.629448
0.180213 0.033656 0.786131
0.0165272 0.154619 0.828854
0.380049 9.9991E-05 0.619851
0.355542 9.9991E-05 0.644358
0.348978 0.0153463 0.635676
0.233664 9.9991E-05 0.766236
0.377753 9.9991E-05 0.622147
0.200217 9.9991E-05 0.799683
9.9991E-05 0.0356821 0.964218
0.38545 0.0307653 0.583785
0.134953 0.0330231 0.832024
0.327051 9.9991E-05 0.672849
9.9991E-05 0.0971182 0.902782
9.9991E-05 0.299082 0.700818
9.9991E-05 0.304823 0.695077
9.9991E-05 0.24332 0.75658
9.9991E-05 0.301979 0.697921
9.9991E-05 0.208696 0.791204
0.00721841 0.312002 0.68078
0.142466 0.857434 9.9991E-05
0.161191 0.837434 0.00137559
0.22677 0.764084 0.00914554
0.231342 0.768558 9.9991E-05
0.185144 0.809556 0.00529935
9.9991E-05 0.534332 0.465568
9.9991E-05 0.586442 0.413458
9.9991E-05 0.547087 0.452813
0.193241 0.806659 9.9991E-05
9.9991E-05 0.52767 0.47223
0.583852 0.288745 0.127404
0.612993 0.0317246 0.355282
0.720541 0.133517 0.145942
0.474206 0.266333 0.259462
0.408828 0.178923 0.412249
0.345116 0.58406 0.0708231
0.238267 0.0571453 0.704588
0.237298 0.0351155 0.727587
0.12552 0.170478 0.704002
0.28019 9.9991E-05 0.71971
9.9991E-05 0.0810059 0.918894
0.313509 0.0693247 0.617167
0.33572 0.0789679 0.585312
0.15857 0.047542 0.793888
0.338614 0.102408 0.558978
0.00478705 0.0732802 0.921933
0.287949 0.00954316 0.702508
0.32714 9.9991E-05 0.67276
0.462705 0.15281 0.384485
0.1869 9.9991E-05 0.813
0.289656 0.0462091 0.664135
0.371773 0.0148552 0.613372
0.301445 9.9991E-05 0.698455
0.458613 9.9991E-05 0.541287
0.366547 0.153973 0.47948
0.430399 0.0236143 0.545987
0.229859 0.770041 9.9991E-05
0.150049 0.848642 0.00130861
0.0841762 0.787772 0.128052
0.0971953 0.824719 0.0780858
0.150069 0.847523 0.00240811
0.0510929 0.154621 0.794286
0.399539 0.0770298 0.523431
0.494718 0.150626 0.354655
0.440487 9.9991E-05 0.559413
0.325724 0.0309169 0.643359
0.202022 0.0439611 0.754017
9.9991E-05 0.304312 0.695588
0.318366 0.0425027 0.639132
0.0383934 0.182436 0.77917
0.292736 0.0714022 0.635862
9.9991E-05 0.287896 0.712004
0.479699 0.0838263 0.436475
0.0707236 0.202359 0.726918
0.216792 0.0720369 0.711171
0.317935 0.047619 0.634446
0.117235 0.110085 0.77268
0.318026 0.0217554 0.660219
0.398217 0.0687684 0.533014
0.187482 0.0370875 0.77543
0.365869 0.0502995 0.583832
0.289357 0.0294354 0.681208
9.9991E-05 0.0502172 0.949683
0.104052 0.0706066 0.825342
0.362643 0.0204812 0.616875
0.0111577 0.12119 0.867652
0.226405 0.0184484 0.755146
9.9991E-05 0.170059 0.829841
0.110494 9.9991E-05 0.889406
0.197202 0.0987528 0.704045
0.426344 9.9991E-05 0.573556
0.0975714 0.0586934 0.843735
0.368025 0.107143 0.524832
0.361591 0.0843718 0.554037
0.405061 0.047636 0.547303
0.364847 0.0254881 0.609665
0.268598 0.103534 0.627868
0.18365 0.0362776 0.780072
0.233961 0.0859146 0.680125
0.360484 9.9991E-05 0.639416
0.373986 0.0511414 0.574873
0.204396 0.0581958 0.737408
0.398606 9.9991E-05 0.601294
0.231076 0.143739 0.625186
0.370206 0.0231544 0.606639
0.408423 0.107071 0.484506
0.461295 0.0160585 0.522646
0.399929 0.316479 0.283592
0.546373 0.127326 0.326301
0.479087 0.118209 0.402704
0.533478 0.00609458 0.460428
0.549202 0.164298 0.2865
0.284914 9.9991E-05 0.714986
0.490591 0.144199 0.365211
0.150641 0.374224 0.475135
0.437911 0.126842 0.435247
0.530595 0.0774869 0.391918
0.516087 0.0664157 0.417497
0.318046 0.212918 0.469036
0.545842 0.147871 0.306287
0.538625 0.0898877 0.371487
0.175892 0.663509 0.160599
0.558508 0.0966424 0.34485
0.547483 0.126178 0.326339
0.462438 0.083495 0.454067
0.542127 0.192099 0.265774
0.460456 0.146676 0.392867
0.329065 0.00518512 0.66575
0.30742 0.0995051 0.593075
9.9991E-05 0.0424314 0.957469
9.9991E-05 0.0751373 0.924763
0.358647 0.0619427 0.57941
0.626844 0.105896 0.26726
0.581636 0.122868 0.295497
0.393275 0.30425 0.302475
0.484053 0.200684 0.315263
0.154111 0.164872 0.681017
0.203677 0.207012 0.589312
0.448877 9.9991E-05 0.551023
0.375397 0.0651569 0.559446
0.261636 0.133245 0.605119
0.399195 0.00982316 0.590982
0.467067 9.9991E-05 0.532833
0.373209 0.138318 0.488473
0.114106 0.0600735 0.825821
0.269507 0.00663403 0.723859
0.37532 9.9991E-05 0.62458
0.280367 0.0437514 0.675882
0.372521 0.0758214 0.551657
0.311812 9.9991E-05 0.688088
0.136217 0.0226501 0.841133
0.405378 0.0212804 0.573342
0.108338 0.0284119 0.863251
0.303838 0.00404698 0.692115
0.436393 0.0253813 0.538226
0.295919 9.9991E-05 0.703981
0.443781 0.16215 0.39407
0.425619 0.115009 0.459371
0.520299 0.18554 0.294162
0.456537 0.17363 0.369833
0.534886 0.138301 0.326814
0.381958 0.239439 0.378603
0.116229 0.356938 0.526833
0.587372 0.0402455 0.372382
0.139579 0.567994 0.292428
0.56795 9.9991E-05 0.43195
0.0421242 0.0181587 0.939717
9.9991E-05 0.108265 0.891635
0.257773 9.9991E-05 0.742127
0.428795 9.9991E-05 0.571105
0.237082 9.9991E-05 0.762818
0.300006 9.9991E-05 0.699894
0.377569 9.9991E-05 0.622331
0.164817 0.76999 0.0651929
0.134778 0.76893 0.0962915
0.0628409 0.937059 9.9991E-05
0.0749313 0.924969 9.9991E-05
0.285827 0.0317225 0.682451
0.290469 9.9991E-05 0.709431
0.300898 9.9991E-05 0.699002
0.436909 9.9991E-05 0.562991
0.332715 0.0469084 0.620377
0.146644 9.9991E-05 0.853256
0.401883 9.9991E-05 0.598017
0.203165 9.9991E-05 0.796735
0.493631 0.2294 0.276969
0.303565 9.9991E-05 0.696335
0.162928 9.9991E-05 0.836972
0.324135 9.9991E-05 0.675765
0.226241 9.9991E-05 0.773659
0.359965 9.9991E-05 0.639935
0.406364 9.9991E-05 0.593536
0.043472 9.9991E-05 0.956428
0.208791 9.9991E-05 0.791109
0.196728 0.0173352 0.785937
9.9991E-05 0.0255094 0.974391
0.278141 0.0109977 0.710861
0.030361 0.0350842 0.934555
9.9991E-05 0.0451417 0.954758
0.404762 0.000760605 0.594477
0.124504 0.0250502 0.850446
0.310436 0.00463277 0.684932
0.403544 0.0346073 0.561848
0.331694 9.9991E-05 0.668206
0.243745 0.0129705 0.743285
0.403984 0.00176032 0.594255
0.316899 9.9991E-05 0.683001
0.173926 9.9991E-05 0.825974
0.388527 0.000114769 0.611358
9.9991E-05 0.746021 0.253879
0.0390364 0.804317 0.156646
9.9991E-05 0.907159 0.0927409
9.9991E-05 0.851374 0.148526
9.9991E-05 0.805138 0.194762
0.0712868 0.0679612 0.860752
0.0119247 0.0907788 0.897296
0.110311 9.9991E-05 0.889589
0.418303 0.0752933 0.506403
0.417569 0.00106181 0.581369
0.176948 0.0529403 0.770112
0.365066 9.9991E-05 0.634834
0.30338 9.9991E-05 0.69652
0.298709 9.9991E-05 0.701191
0.377876 9.9991E-05 0.622024
0.162734 9.9991E-05 0.837166
0.211216 9.9991E-05 0.788684
0.192686 9.9991E-05 0.807214
0.44894 0.0719318 0.479128
0.221078 9.9991E-05 0.778822
0.297847 9.9991E-05 0.702053
0.7403 0.068123 0.191577
0.723698 0.0794671 0.196835
0.712283 0.0993536 0.188363
0.766663 0.120313 0.113025
0.620751 0.13841 0.24084
0.362107 0.00159086 0.636302
0.662768 0.337132 9.9991E-05
0.711824 0.171881 0.116294
0.395138 0.146031 0.458832
0.351579 0.160051 0.48837
0.277051 0.113038 0.609912
0.363046 0.0637894 0.573164
0.411149 0.020921 0.56793
0.752418 0.247482 9.9991E-05
0.651883 0.131848 0.216269
0.814541 0.0292159 0.156243
0.567474 0.0451755 0.387351
0.736721 0.186826 0.0764522
0.617839 0.138835 0.243327
0.746571 0.148628 0.104802
0.621883 0.11668 0.261437
0.424298 0.121557 0.454145
0.539223 0.19022 0.270557
0.748688 0.243147 0.00816517
0.603165 0.181242 0.215593
0.0630824 0.247468 0.68945
0.459046 9.9991E-05 0.540854
0.568804 0.214341 0.216855
0.445384 0.0836848 0.470931
0.324404 0.127064 0.548532
0.442696 0.253981 0.303323
0.541987 0.205892 0.252122
0.510741 0.0788066 0.410453
0.642191 0.0872388 0.27057
0.752741 0.129801 0.117458
0.709719 0.280596 0.00968473
0.415378 0.0378361 0.546786
0.278439 0.116685 0.604876
0.136643 0.243672 0.619685
0.399643 0.0526983 0.547659
0.273465 0.135886 0.590649
0.425744 0.170087 0.404169
0.377714 0.111543 0.510744
0.200722 0.547769 0.251508
0.129704 0.562001 0.308295
0.270007 0.229745 0.500248
0.256529 0.476755 0.266716
0.229049 0.615095 0.155857
0.306509 0.172277 0.521213
0.425758 0.180075 0.394168
0.344034 0.32237 0.333596
0.229555 0.377134 0.393311
0.42848 0.0953038 0.476216
0.237011 0.315853 0.447136
0.0655967 0.673514 0.260889
0.49362 0.136301 0.370079
0.466907 0.176006 0.357088
0.446367 0.291581 0.262051
0.645909 0.125639 0.228452
0.476285 0.165269 0.358446
0.551284 0.127578 0.321138
0.430556 0.41528 0.154164
0.495997 0.174308 0.329696
0.563553 0.19904 0.237407
0.456057 0.286095 0.257848
0.308031 0.165713 0.526256
0.423645 0.115189 0.461165
0.563966 0.0964384 0.339596
0.491172 0.078827 0.430001
0.460248 0.35536 0.184392
0.50559 0.176219 0.318191
0.298305 0.482465 0.21923
0.572375 0.127176 0.300449
0.509657 0.304444 0.185899
0.0351578 0.836681 0.128161
0.0151917 0.291483 0.693325
9.9991E-05 0.26192 0.73798
9.9991E-05 0.263138 0.736762
9.9991E-05 0.245793 0.754107
9.9991E-05 0.238077 0.761823
9.9991E-05 0.184112 0.815788
9.9991E-05 0.306084 0.693816
9.9991E-05 0.394623 0.605277
0.101838 0.898062 9.9991E-05
0.0660278 0.865398 0.0685737
0.100683 0.899217 9.9991E-05
0.0551651 0.84309 0.101745
0.0971397 0.90276 9.9991E-05
0.0513773 0.947669 0.000953574
0.238165 0.761735 9.9991E-05
0.164019 0.835881 9.9991E-05
0.158399 0.73008 0.11152
0.123841 0.876059 9.9991E-05
0.0330828 0.966817 9.9991E-05
0.114195 0.855599 0.0302058
0.0486052 0.951295 9.9991E-05
0.109279 0.890621 9.9991E-05
0.17313 0.82677 9.9991E-05
0.196851 0.803049 9.9991E-05
0.288536 0.711364 9.9991E-05
0.244559 0.755341 9.9991E-05
0.213623 0.786277 9.9991E-05
0.279922 0.173436 0.546642
0.380743 0.0727474 0.546509
0.412465 0.0888714 0.498664
0.050682 0.199336 0.749982
0.326171 0.106674 0.567155
0.0653032 0.295237 0.63946
0.344705 0.0620861 0.593209
0.198126 0.132782 0.669092
0.326826 0.0385778 0.634596
0.377263 9.9991E-05 0.622637
0.235144 0.110916 0.65394
0.366581 0.0240919 0.609327
0.346069 0.0921946 0.561737
0.0232982 0.129625 0.847077
9.9991E-05 0.201536 0.798364
0.0562062 0.21167 0.732124
0.415877 0.0413588 0.542764
0.351942 0.0455856 0.602472
0.342765 0.0830383 0.574197
0.478269 0.0216275 0.500103
0.519686 0.126903 0.353412
0.504585 0.143719 0.351696
0.249324 0.459055 0.291621
0.392076 0.0930345 0.514889
0.403581 0.254605 0.341814
0.140986 0.584987 0.274027
0.492484 0.295549 0.211966
0.396628 0.388713 0.214658
0.332832 0.346288 0.32088
0.472253 0.118523 0.409224
0.517428 0.114185 0.368387
0.534845 0.0152552 0.4499
0.430858 0.129116 0.440026
0.411109 0.472158 0.116733
