0.897387 0.102513 9.9991E-05
0.967139 0.032761 9.9991E-05
0.808533 0.191174 0.000293083
0.815332 0.178759 0.00590897
0.876711 0.123189 9.9991E-05
0.66707 0.116337 0.216593
0.867576 0.0779104 0.0545132
0.786101 0.082929 0.13097
0.9447 9.9991E-05 0.0552004
0.725325 0.180599 0.0940759
0.798398 0.064351 0.137251
0.0662698 0.142339 0.791391
9.9991E-05 0.376595 0.623305
0.118239 0.12884 0.752921
0.109826 0.338386 0.551787
0.151817 0.340387 0.507796
9.9991E-05 0.456644 0.543256
0.0412628 0.277165 0.681572
0.133944 0.268471 0.597585
0.244247 9.9991E-05 0.755653
0.0191738 0.282784 0.698042
0.00629211 0.342934 0.650774
0.0233663 0.335509 0.641125
0.0539394 0.214369 0.731692
0.0503785 0.459428 0.490194
9.9991E-05 0.39685 0.60305
0.177084 0.132421 0.690495
0.10707 0.255469 0.637461
0.111933 0.118953 0.769114
0.796957 0.202943 9.9991E-05
0.803061 0.196839 9.9991E-05
0.758781 0.213669 0.0275501
0.673177 0.239385 0.0874376
0.0317559 0.288509 0.679735
0.0992047 0.296041 0.604754
9.9991E-05 0.353112 0.646788
0.216062 0.029067 0.754871
0.00636569 0.217792 0.775842
0.00660684 0.292496 0.700897
9.9991E-05 0.469578 0.530322
0.0594276 0.354826 0.585746
0.0556018 0.409086 0.535312
0.0700033 0.0565005 0.873496
0.0106412 0.407698 0.581661
9.9991E-05 0.441615 0.558285
0.0745397 0.454178 0.471282
9.9991E-05 0.122944 0.876956
9.9991E-05 0.422386 0.577514
0.025343 0.439575 0.535082
0.196249 9.9991E-05 0.803651
0.139792 0.00890268 0.851305
0.153762 0.0282527 0.817985
0.05831 0.374941 0.566749
0.0540084 0.458925 0.487066
9.9991E-05 0.376362 0.623538
0.230257 0.0158367 0.753907
9.9991E-05 0.33309 0.66681
0.0764877 0.410233 0.513279
0.122625 0.210533 0.666842
0.34389 0.042145 0.613965
0.0511283 0.368638 0.580234
0.127692 0.259917 0.612391
0.206084 9.9991E-05 0.793816
9.9991E-05 0.327538 0.672362
0.0317912 0.462612 0.505597
0.0298695 0.374935 0.595195
0.0607348 0.186208 0.753057
9.9991E-05 0.361649 0.638251
0.0476278 0.384121 0.568251
0.131863 0.0344324 0.833704
9.9991E-05 0.301168 0.698732
9.9991E-05 0.12312 0.87678
0.0870107 0.3057 0.607289
0.0441347 9.9991E-05 0.955765
0.0474269 9.9991E-05 0.952473
9.9991E-05 0.171557 0.828343
9.9991E-05 0.211587 0.788313
0.112753 0.37546 0.511787
0.00311381 0.308155 0.688731
0.0740278 0.0969708 0.829001
0.0870747 0.0984013 0.814524
0.067241 0.343144 0.589615
0.040136 0.150329 0.809535
9.9991E-05 0.254361 0.745539
9.9991E-05 0.165841 0.834059
0.08532 9.9991E-05 0.91458
0.0115276 0.374222 0.614251
0.831108 0.126432 0.0424606
0.86614 0.13376 9.9991E-05
0.844111 0.155789 9.9991E-05
0.872363 0.127537 9.9991E-05
0.860678 0.139222 9.9991E-05
0.898013 0.101887 9.9991E-05
0.882496 0.117404 9.9991E-05
0.0259629 0.410627 0.56341
0.106041 0.371542 0.522417
0.0453083 9.9991E-05 0.954592
9.9991E-05 0.386229 0.613671
9.9991E-05 0.212073 0.787827
9.9991E-05 0.344131 0.655769
9.9991E-05 0.326859 0.673041
9.9991E-05 0.316358 0.683542
0.145325 9.9991E-05 0.854575
0.0964415 0.405759 0.4978
9.9991E-05 0.430374 0.569526
0.0279202 0.396366 0.575714
9.9991E-05 0.20125 0.79865
9.9991E-05 0.329012 0.670888
9.9991E-05 0.243142 0.756759
9.9991E-05 0.245696 0.754204
0.0126452 0.247034 0.74032
0.0532537 0.342239 0.604508
0.109105 0.127093 0.763802
0.13419 0.300944 0.564865
0.0653775 0.394086 0.540537
0.0603105 0.447562 0.492127
0.0737476 0.273019 0.653234
0.0164026 0.357818 0.625779
0.0599423 0.257901 0.682157
0.123929 0.35748 0.518592
0.0611138 0.335887 0.602999
0.0219532 0.305317 0.67273
9.9991E-05 0.210915 0.788985
0.00305891 0.395527 0.601414
0.0218495 0.416387 0.561763
9.9991E-05 0.365006 0.634894
0.0364683 0.373352 0.59018
9.9991E-05 0.332284 0.667616
0.170606 0.200943 0.62845
9.9991E-05 0.445927 0.553973
9.9991E-05 0.397778 0.602122
0.10105 0.103074 0.795876
0.154449 0.0418626 0.803688
0.0487503 0.321452 0.629798
0.00559222 0.0927367 0.901671
0.117109 0.126004 0.756886
0.0652679 0.17034 0.764392
0.0634434 0.123367 0.81319
0.103856 0.0679747 0.828169
0.0407147 0.392916 0.566369
0.0944641 0.384915 0.520621
0.101127 0.327397 0.571476
0.120592 0.0817075 0.7977
0.178046 0.309409 0.512545
0.0675744 0.361399 0.571026
0.279102 9.9991E-05 0.720798
0.0619108 0.434115 0.503974
0.0930935 0.209084 0.697822
0.0469511 0.372744 0.580305
0.146666 0.151754 0.70158
0.166293 0.0965074 0.7372
0.0296511 0.227157 0.743192
0.135214 0.369094 0.495692
0.162836 0.27738 0.559784
0.210991 0.126094 0.662915
0.0105638 0.350486 0.63895
9.9991E-05 0.177804 0.822096
0.00656207 0.247247 0.746191
0.0736779 0.441964 0.484358
0.384086 0.366144 0.24977
0.772134 0.165628 0.062238
0.689719 0.132592 0.177688
0.491179 0.404013 0.104808
9.9991E-05 0.362561 0.637339
0.0264861 0.472816 0.500698
0.0183139 0.851534 0.130152
0.0703564 0.583097 0.346547
0.0138911 0.630575 0.355534
0.0353454 0.175436 0.789219
0.0707261 0.416249 0.513025
0.0886821 0.108638 0.80268
9.9991E-05 0.358254 0.641646
9.9991E-05 0.319962 0.679938
0.0248765 0.350717 0.624406
0.0730809 0.0465193 0.8804
9.9991E-05 0.494535 0.505365
0.0273482 0.338118 0.634534
0.0836429 0.916257 9.9991E-05
0.0192196 0.98068 9.9991E-05
0.0467548 0.795695 0.157551
0.0432096 0.861768 0.0950219
0.0736944 0.895836 0.0304701
0.0716211 0.928279 9.9991E-05
0.0996371 0.900263 9.9991E-05
9.999E-05 0.9998 9.999E-05
0.0146042 0.985296 9.9991E-05
0.0645127 0.935387 9.9991E-05
0.0934644 0.906436 9.9991E-05
0.0662353 0.911191 0.0225738
0.123474 0.876426 9.9991E-05
0.0535417 0.946358 9.9991E-05
0.0970671 0.574677 0.328256
0.128126 0.765152 0.106722
0.077457 0.900186 0.022357
0.0627122 0.937188 9.9991E-05
0.0401199 0.95978 9.9991E-05
0.0983813 0.901519 9.9991E-05
0.0618266 0.938073 9.9991E-05
0.0771789 0.800629 0.122192
0.103303 0.896597 9.9991E-05
0.530527 0.0679232 0.40155
0.168162 0.319739 0.512099
0.205546 0.370873 0.423581
0.331486 0.208483 0.460031
0.170487 0.412572 0.41694
0.349313 0.218163 0.432524
0.209103 0.3852 0.405697
0.18783 0.356827 0.455343
0.136431 0.448522 0.415047
0.206256 0.433636 0.360108
0.133669 0.39389 0.472441
0.848705 0.0897707 0.0615239
0.90663 0.0932701 9.9991E-05
0.925214 0.0746862 9.9991E-05
0.930519 0.0693812 9.9991E-05
0.8872 0.1127 9.9991E-05
0.856122 0.143778 9.9991E-05
0.832744 0.167156 9.9991E-05
0.926686 0.0732139 9.9991E-05
0.87744 0.12246 9.9991E-05
0.826361 0.173539 9.9991E-05
0.721166 9.9991E-05 0.278734
0.702865 9.9991E-05 0.297035
0.666371 9.9991E-05 0.333529
0.612132 9.9991E-05 0.387768
9.9991E-05 0.317501 0.682399
9.9991E-05 0.342641 0.657259
9.9991E-05 0.363711 0.636189
0.0683264 0.16821 0.763464
0.139694 0.0288423 0.831463
0.0412022 0.439797 0.519
9.9991E-05 0.354257 0.645643
9.9991E-05 0.347509 0.652391
9.9991E-05 0.248093 0.751807
9.9991E-05 0.415048 0.584852
9.9991E-05 0.225249 0.774651
0.0463286 9.9991E-05 0.953571
0.0348227 0.386241 0.578936
0.0245002 0.147974 0.827526
9.9991E-05 0.314597 0.685303
0.128165 9.9991E-05 0.871735
0.337334 9.9991E-05 0.662566
0.307327 9.9991E-05 0.692573
0.254382 9.9991E-05 0.745518
0.312057 9.9991E-05 0.687843
0.239433 9.9991E-05 0.760467
0.299305 9.9991E-05 0.700595
0.844429 0.155471 9.9991E-05
0.814655 0.153095 0.0322502
0.74519 0.25471 9.9991E-05
0.802932 0.180882 0.0161866
0.816115 0.183785 9.9991E-05
0.59712 9.9991E-05 0.40278
0.608042 9.9991E-05 0.391858
0.575689 9.9991E-05 0.424211
0.787285 0.212615 9.9991E-05
0.56258 9.9991E-05 0.43732
0.242588 0.538482 0.218929
0.0295283 0.612878 0.357594
0.129259 0.700058 0.170683
0.295554 0.513474 0.190972
0.19554 0.459533 0.344927
0.588634 0.344723 0.0666431
0.0344023 0.202602 0.762996
0.0543278 0.17621 0.769462
0.179103 0.106813 0.714083
0.00412424 0.241571 0.754305
0.101308 9.9991E-05 0.898592
0.0517119 0.334091 0.614198
0.00522967 0.338982 0.655788
0.104793 0.11631 0.778897
0.0670679 0.393312 0.53962
0.0872551 9.9991E-05 0.912645
0.00205851 0.259056 0.738885
0.0231568 0.273506 0.703337
0.179318 0.384226 0.436456
9.9991E-05 0.201104 0.798796
0.0184178 0.276884 0.704698
0.00107498 0.275576 0.723349
9.9991E-05 0.331258 0.668642
9.9991E-05 0.372316 0.627584
0.0871951 0.368349 0.544456
0.0305416 0.369924 0.599534
0.743666 0.256234 9.9991E-05
0.821291 0.178609 9.9991E-05
0.788262 0.122182 0.0895553
0.835923 0.113285 0.0507923
0.830145 0.169755 9.9991E-05
0.187136 0.0619123 0.750952
0.0391316 0.345025 0.615844
0.176999 0.487533 0.335468
9.9991E-05 0.433744 0.566156
0.0837203 0.305874 0.610406
0.117711 0.157228 0.725061
0.275348 9.9991E-05 0.724552
0.0331011 0.362149 0.60475
0.213328 0.0214536 0.765218
0.0327387 0.317614 0.649647
0.27105 9.9991E-05 0.72885
0.022106 0.435032 0.542862
0.211054 0.0610106 0.727935
0.0941938 0.193104 0.712702
0.00891663 0.26744 0.723643
0.0889555 0.164479 0.746566
0.033587 0.323267 0.643146
0.0914813 0.382089 0.52643
0.0374248 0.154287 0.808288
0.0697578 0.369126 0.561116
0.0343706 0.323194 0.642435
0.0843315 9.9991E-05 0.915568
0.0586241 0.0803048 0.861071
0.0144303 0.338064 0.647506
0.12109 9.9991E-05 0.87881
0.0330736 0.235969 0.730958
0.137786 0.0191013 0.843113
0.00114298 0.118204 0.880653
0.0637941 0.229204 0.707002
9.9991E-05 0.437909 0.561991
0.0661718 0.0814638 0.852364
0.0641954 0.345766 0.590039
0.0146405 0.398945 0.586415
0.0526505 0.274049 0.673301
0.0661966 0.348464 0.58534
0.0859245 0.241764 0.672312
0.084758 0.173694 0.741548
0.062062 0.287464 0.650474
9.9991E-05 0.400967 0.598933
9.9991E-05 0.367482 0.632418
0.0628139 0.175848 0.761338
0.0399111 0.336934 0.623155
0.151675 0.193243 0.655083
9.9991E-05 0.382909 0.616991
0.0418015 0.372682 0.585516
0.0753934 0.352365 0.572242
0.326235 0.399514 0.274251
0.130159 0.523312 0.34653
0.0832625 0.455966 0.460772
0.00451385 0.497284 0.498202
0.221733 0.484062 0.294205
9.9991E-05 0.278684 0.721216
0.0685191 0.431633 0.499848
0.354412 0.167429 0.478159
0.101693 0.473289 0.425018
0.110468 0.436915 0.452617
0.117881 0.504565 0.377555
0.228516 0.286617 0.484867
0.130637 0.479573 0.389789
0.0541741 0.527317 0.418509
0.653826 0.170996 0.175179
0.161384 0.509086 0.32953
0.172043 0.554862 0.273096
0.102996 0.468709 0.428295
0.115168 0.644524 0.240309
0.081268 0.483925 0.434807
9.9991E-05 0.37858 0.62132
0.0579829 0.379332 0.562685
0.0423829 9.9991E-05 0.957517
0.072725 9.9991E-05 0.927175
9.9991E-05 0.37003 0.62987
0.0906165 0.592776 0.316608
0.129466 0.571691 0.298843
0.278772 0.405435 0.315792
0.193137 0.497033 0.30983
0.181036 0.150871 0.668093
0.158401 0.195001 0.646598
9.9991E-05 0.425384 0.574516
0.0331926 0.388291 0.578516
0.152484 0.251693 0.595823
0.0769284 0.37013 0.552942
9.9991E-05 0.476293 0.523607
0.0662329 0.366042 0.567725
0.080063 0.113104 0.806833
0.0340934 0.203993 0.761914
9.9991E-05 0.379345 0.620555
0.0828772 0.257853 0.659269
0.081485 0.385978 0.532537
0.0583049 0.270912 0.670783
0.0137505 0.0960455 0.890204
0.0260883 0.406959 0.566953
0.0510469 0.0874655 0.861488
9.9991E-05 0.281686 0.718214
0.010497 0.402675 0.586828
0.0209524 0.338989 0.640059
0.121168 0.470852 0.40798
0.163378 0.399014 0.437607
0.167753 0.47834 0.353907
0.184915 0.370058 0.445027
0.0975863 0.473289 0.429125
0.171904 0.464196 0.363899
0.345308 0.155052 0.49964
0.00675677 0.550259 0.442984
0.564824 0.132864 0.302312
9.9991E-05 0.557279 0.442621
0.0349474 0.0387905 0.926262
0.0814897 9.9991E-05 0.91841
9.9991E-05 0.280811 0.719089
9.9991E-05 0.3748 0.6251
9.9991E-05 0.227982 0.771918
9.9991E-05 0.303745 0.696155
9.9991E-05 0.284943 0.714957
0.805838 0.161658 0.0325039
0.785735 0.170219 0.0440463
0.882786 0.117114 9.9991E-05
0.931364 0.0685365 9.9991E-05
9.9991E-05 0.374485 0.625415
9.9991E-05 0.346362 0.653538
9.9991E-05 0.277834 0.722066
9.9991E-05 0.38633 0.61357
0.0780622 0.341689 0.580249
0.00550983 0.14482 0.84967
9.9991E-05 0.36908 0.63082
9.9991E-05 0.165727 0.834173
0.236073 0.484407 0.27952
9.9991E-05 0.291707 0.708193
9.9991E-05 0.193371 0.806529
9.9991E-05 0.295779 0.704121
9.9991E-05 0.201117 0.798783
9.9991E-05 0.31694 0.68296
0.0146606 0.357141 0.628198
9.999E-05 9.999E-05 0.9998
0.0382433 0.137354 0.824402
0.0177527 0.178851 0.803397
0.0213569 9.9991E-05 0.978543
9.9991E-05 0.255469 0.744431
0.0473837 0.05815 0.894466
0.092819 9.9991E-05 0.907081
9.9991E-05 0.38108 0.61882
0.0718127 0.113115 0.815072
9.9991E-05 0.329822 0.670078
9.9991E-05 0.501235 0.498665
9.9991E-05 0.271245 0.728655
9.9991E-05 0.24301 0.75689
9.9991E-05 0.289772 0.710128
0.0463782 0.285308 0.668313
9.9991E-05 0.18292 0.81698
9.9991E-05 0.399563 0.600337
0.756545 9.9991E-05 0.243355
0.783733 0.0793988 0.136868
0.920733 9.9991E-05 0.079167
0.851981 9.9991E-05 0.147919
0.79646 0.0278296 0.175711
0.0946168 0.0538871 0.851496
0.0817674 0.0143609 0.903872
9.9991E-05 0.0992341 0.900666
0.0461526 0.400092 0.553756
0.076066 0.388161 0.535773
0.0183776 0.201783 0.779839
9.9991E-05 0.450442 0.549458
0.0596974 0.265602 0.6747
9.9991E-05 0.291143 0.708757
9.9991E-05 0.394248 0.605652
0.036827 0.123491 0.839682
9.9991E-05 0.172124 0.827776
9.9991E-05 0.166933 0.832967
0.102623 0.377244 0.520133
0.00579792 0.216846 0.777357
9.9991E-05 0.282541 0.717359
0.100407 0.676233 0.22336
0.124175 0.665994 0.209831
0.171307 0.683357 0.145336
0.149707 0.720303 0.12999
0.0944976 0.613046 0.292456
9.9991E-05 0.303329 0.696571
0.322943 0.676957 9.9991E-05
0.174332 0.682436 0.143232
0.147198 0.434997 0.417804
0.164027 0.342538 0.493435
0.143858 0.255275 0.600866
0.0321619 0.450187 0.517652
0.0898433 0.395218 0.514938
0.240671 0.704325 0.0550039
0.130824 0.672624 0.196552
0.0264242 0.765888 0.207687
0.0685993 0.590667 0.340734
0.187234 0.727951 0.0848155
0.159593 0.585541 0.254867
0.15338 0.780941 0.0656789
0.0739205 0.657703 0.268377
0.0342719 0.345415 0.620313
0.199597 0.621143 0.17926
0.211174 0.788726 9.9991E-05
0.168679 0.552407 0.278914
0.247979 0.0591197 0.692901
9.9991E-05 0.479497 0.520403
0.203104 0.563654 0.233242
0.0980941 0.354094 0.547812
0.168227 0.282902 0.548871
0.144633 0.469611 0.385756
0.182889 0.515054 0.302057
0.125857 0.392633 0.48151
0.0899509 0.677654 0.232395
0.135631 0.671118 0.193251
0.294394 0.705506 9.9991E-05
0.0474529 0.405748 0.546799
0.120904 0.246352 0.632744
0.21381 0.140775 0.645415
0.0361095 0.447411 0.51648
0.190106 0.183081 0.626813
0.174589 0.4452 0.380211
0.172719 0.322364 0.504918
0.508133 0.208888 0.282979
0.502049 0.164031 0.33392
0.231016 0.334275 0.434709
0.465077 0.241613 0.29331
0.622112 0.256294 0.121594
0.15023 0.368124 0.481646
0.23747 0.375902 0.386627
0.322386 0.3016 0.376014
0.390806 0.25059 0.358605
0.164533 0.383939 0.451528
0.312942 0.233961 0.453097
0.652022 0.129573 0.218405
0.128329 0.444483 0.427188
0.187584 0.481678 0.330737
0.269327 0.486737 0.243936
0.15144 0.672904 0.175657
0.114296 0.517606 0.368098
0.050709 0.566745 0.382546
0.384643 0.455286 0.160071
0.125216 0.541414 0.33337
0.193179 0.557787 0.249033
0.196209 0.451769 0.352022
0.180366 0.344869 0.474765
0.179927 0.382341 0.437733
0.117699 0.446213 0.436087
0.101294 0.481891 0.416815
0.281944 0.586835 0.131221
0.114271 0.527457 0.358272
0.43139 0.337302 0.231308
0.160443 0.555233 0.284324
0.323019 0.497231 0.17975
0.843282 0.043419 0.113299
0.241595 9.9991E-05 0.758305
0.240285 9.9991E-05 0.759615
0.27962 9.9991E-05 0.72028
0.250285 9.9991E-05 0.749615
0.24486 9.9991E-05 0.75504
0.223872 9.9991E-05 0.776028
0.322699 9.9991E-05 0.677201
0.404661 9.9991E-05 0.595239
0.875229 0.120454 0.00431727
0.847744 0.119709 0.0325473
0.884486 0.115414 9.9991E-05
0.864399 0.0474447 0.0881564
0.870853 0.129047 9.9991E-05
0.922932 0.0537159 0.0233522
0.784364 0.215536 9.9991E-05
0.843723 0.156177 9.9991E-05
0.730152 0.166881 0.102967
0.884955 0.114945 9.9991E-05
0.959018 0.0408822 9.9991E-05
0.86158 0.13832 9.9991E-05
0.915074 0.0848255 9.9991E-05
0.873402 0.126498 9.9991E-05
0.833827 0.166073 9.9991E-05
0.781964 0.217936 9.9991E-05
0.756903 0.242997 9.9991E-05
0.757313 0.242587 9.9991E-05
0.762073 0.237827 9.9991E-05
0.165 0.291927 0.543073
9.9991E-05 0.380154 0.619746
0.0644254 0.452224 0.483351
0.177431 0.0416587 0.780911
0.127917 0.310371 0.561711
0.27716 0.0755168 0.647323
0.0631718 0.424369 0.51246
0.0810003 0.226668 0.692331
0.0886695 0.318089 0.593241
9.9991E-05 0.322697 0.677203
0.119187 0.223375 0.657438
9.9991E-05 0.445305 0.554595
0.0813271 0.310464 0.608209
0.154748 9.9991E-05 0.845152
0.198265 9.9991E-05 0.801635
0.208686 0.0873246 0.70399
0.0521634 0.460192 0.487644
0.0466386 0.369981 0.58338
0.111347 0.339397 0.549256
0.0273126 0.476244 0.496443
0.142734 0.415371 0.441895
0.0877541 0.571159 0.341087
0.472546 0.251915 0.275538
0.09091 0.307766 0.601324
0.213902 0.445072 0.341025
0.578432 0.174705 0.246863
0.312531 0.39635 0.291119
0.372757 0.400591 0.226652
0.311467 0.312757 0.375776
0.116552 0.502487 0.380961
0.0922153 0.520753 0.387032
0.0757068 0.485996 0.438297
0.100766 0.461895 0.437339
0.470408 0.365405 0.164187
