9.9973E-05 9.9973E-05 0.0808975 9.9973E-05 0.918803
9.9982E-05 9.9982E-05 0.0332493 0.0300396 0.936511
0.00758332 0.106174 0.0293771 9.9991E-05 0.856766
0.0517787 0.065023 0.136609 9.9991E-05 0.74649
0.0199595 0.0631605 0.0353628 9.9991E-05 0.881417
0.0328587 0.114313 0.0641579 0.142952 0.645719
9.9982E-05 9.9982E-05 0.0473445 0.101858 0.850598
0.0351897 9.9991E-05 0.0968304 0.124487 0.743393
9.9982E-05 9.9982E-05 0.0563345 0.0843942 0.859071
0.0362343 0.108527 0.0942612 0.012612 0.748366
9.9991E-05 0.0250677 0.140249 0.0523645 0.782218
0.0827846 0.296955 0.497499 0.122662 9.9991E-05
0.104174 0.520766 0.294689 0.048044 0.0323266
0.0754213 0.292598 0.491211 0.105197 0.0355724
0.189464 0.322384 0.378912 0.07426 0.0349788
0.16297 0.366794 0.198397 0.129249 0.14259
0.145891 0.549367 0.189238 0.0268438 0.0886606
0.136772 0.448991 0.254162 0.137482 0.0225929
0.103616 0.336474 0.334753 0.0843015 0.140855
0.100799 0.00109438 0.737111 0.160896 9.9991E-05
0.075713 0.431384 0.242081 0.241099 0.00972308
0.0523425 0.483368 0.160153 0.226616 0.0775206
9.999E-05 0.649922 0.256753 0.0271178 0.0661077
0.0919621 0.364866 0.377394 0.165678 9.9991E-05
0.0832058 0.706874 0.0974848 0.00989833 0.102537
0.106592 0.612712 0.214589 0.0237087 0.0423986
0.126076 0.263947 0.457115 0.112338 0.0405233
0.184908 0.197654 0.490772 0.124853 0.00181222
0.00770708 0.267164 0.496514 0.223838 0.00477686
0.0603497 0.0743638 9.9982E-05 9.9982E-05 0.865086
0.0191542 0.125061 9.9982E-05 9.9982E-05 0.855585
0.0432619 0.133318 0.0335773 9.9991E-05 0.789742
0.0523539 0.179488 9.9982E-05 9.9982E-05 0.767958
0.0446396 0.64316 0.0903132 0.216106 0.0057813
0.0612645 0.547817 0.191944 0.119462 0.0795134
0.00938563 0.751766 0.0795964 0.155812 0.00344005
9.9991E-05 0.17078 0.593804 0.0937115 0.141604
0.0590266 0.453179 0.0187037 0.468991 9.9991E-05
0.0808174 0.570374 0.177777 0.0711091 0.099922
0.0291296 0.778783 9.9991E-05 0.169918 0.0220695
9.9991E-05 0.699218 0.100773 0.038217 0.161692
0.0733056 0.69714 0.126859 0.00447702 0.0982182
9.9982E-05 0.36091 0.206729 0.432161 9.9982E-05
0.103128 0.60908 0.0347102 0.161866 0.0912166
0.068955 0.647542 9.9991E-05 0.14525 0.138154
0.0889408 0.53361 9.9991E-05 0.249532 0.127818
9.9973E-05 0.515998 9.9973E-05 0.483702 9.9973E-05
0.107333 0.619334 0.0492249 0.192501 0.0316071
0.082724 0.627521 0.0209122 0.176694 0.0921487
9.9991E-05 0.0242445 0.0341166 0.836147 0.105391
9.9982E-05 0.219434 0.425466 0.354899 9.9982E-05
0.0750531 0.109947 0.25745 0.555458 0.00209243
0.185471 0.457703 0.158062 0.157178 0.0415864
0.120442 0.64574 0.130119 0.0532543 0.0504448
0.165768 0.521083 0.107993 0.157186 0.0479701
9.9991E-05 0.225828 0.372292 0.300461 0.101319
0.0225041 0.576169 0.276894 0.0766951 0.0477378
0.120188 0.495225 0.183549 0.109283 0.091755
9.9991E-05 0.426689 0.222975 0.210885 0.139351
0.0990938 0.0750359 0.35006 0.302814 0.172996
0.0642295 0.579206 0.159264 0.0905651 0.106735
0.062988 0.467857 0.293658 0.102768 0.07273
9.9991E-05 0.128289 0.482685 0.349163 0.0397631
0.001753 0.57704 0.321024 0.100083 9.9991E-05
0.0916441 0.660391 0.0328783 0.201852 0.0132345
0.0544737 0.671812 0.0717351 0.119862 0.0821171
0.0461623 0.335544 0.268129 0.313747 0.0364171
0.0873502 0.542703 0.221727 0.14812 9.9991E-05
0.0706395 0.52673 0.275953 0.040739 0.0859384
9.9982E-05 0.308046 0.4071 0.284654 9.9982E-05
9.9982E-05 0.735744 0.0644755 0.199581 9.9982E-05
9.9982E-05 0.422334 0.183751 0.393715 9.9982E-05
0.138818 0.545137 0.175699 0.140245 9.9991E-05
9.9982E-05 0.209158 0.00161962 0.789022 9.9982E-05
9.9982E-05 0.208156 0.104615 0.687029 9.9982E-05
9.9982E-05 0.496896 0.0134176 0.489486 9.9982E-05
9.9991E-05 0.634744 0.116429 0.225796 0.0229309
0.00609662 0.6172 0.111902 0.140176 0.124626
0.0325006 0.55701 0.171426 0.198434 0.0406293
9.9982E-05 0.322424 0.337336 0.34004 9.9982E-05
9.9991E-05 0.382856 0.40371 0.199826 0.0135077
0.096934 0.586007 0.117022 0.120661 0.0793763
9.9991E-05 0.430872 0.098342 0.399224 0.0714622
9.9991E-05 0.555519 0.104365 0.297102 0.0429139
9.9973E-05 0.585775 9.9973E-05 0.413925 9.9973E-05
9.9982E-05 0.144477 0.0720942 0.783229 9.9982E-05
0.077645 0.672682 0.0280409 0.181278 0.0403544
0.0216034 0.131574 0.0547638 9.9991E-05 0.791959
9.9973E-05 0.0809587 9.9973E-05 9.9973E-05 0.918741
0.0751783 0.0479744 9.9982E-05 9.9982E-05 0.876647
0.00794138 0.0668738 9.9991E-05 0.00182443 0.92326
9.9982E-05 0.0949221 9.9982E-05 0.0120515 0.892826
0.0362793 0.030348 9.9991E-05 0.0336905 0.899582
9.9973E-05 0.0553316 9.9973E-05 9.9973E-05 0.944368
0.094859 0.498025 0.113735 0.183617 0.109764
0.0364886 0.702971 0.157926 0.00524853 0.0973654
9.9982E-05 0.275793 0.166314 0.557693 9.9982E-05
0.0799454 0.531541 0.105133 0.206355 0.0770256
9.9991E-05 0.601714 0.132376 0.22983 0.0359802
9.9982E-05 0.715365 9.9982E-05 0.206868 0.0775672
0.0409305 0.648039 9.9991E-05 0.254412 0.0565184
0.0227986 0.692452 0.0148815 0.225019 0.0448488
9.9991E-05 0.117352 0.320591 0.54993 0.0120266
0.0916099 0.561714 0.142187 0.0807388 0.12375
0.0662426 0.6804 0.0504489 0.15806 0.0448483
0.175812 0.591405 0.131869 0.0417626 0.0591514
0.00927735 0.439172 9.9991E-05 0.546319 0.00513193
0.0111344 0.621167 9.9991E-05 0.35939 0.00820888
9.9991E-05 0.56705 0.187118 0.241455 0.00427763
0.0333219 0.552329 9.9982E-05 0.414149 9.9982E-05
9.9991E-05 0.626146 0.0446604 0.222372 0.106722
0.0364745 0.631107 0.142453 0.0616919 0.128273
9.9991E-05 0.301695 0.36783 0.282388 0.0479871
0.0940206 0.45159 0.352609 0.0126141 0.0891667
0.0164874 0.637371 0.185462 0.0533597 0.107319
0.0767887 0.620735 0.169149 0.0350273 0.0983
9.9991E-05 0.51516 0.377866 0.0453369 0.0615372
0.123424 0.570751 0.272572 0.0331527 9.9991E-05
0.0865629 0.456196 0.457041 9.9982E-05 9.9982E-05
0.0242704 0.618403 0.180181 0.106348 0.0707978
0.0872599 0.57437 0.279585 9.9991E-05 0.0586851
0.0453962 0.635987 0.220206 0.0224288 0.0759823
9.9991E-05 0.557278 0.429285 0.00628579 0.00705048
0.12374 0.574411 0.192057 0.109691 9.9991E-05
0.154329 0.537907 0.160956 0.109841 0.036967
0.0791319 0.54897 0.343428 0.0283696 9.9991E-05
0.121395 0.537492 0.219984 0.0214482 0.099681
0.0778427 0.651924 0.222246 0.0416516 0.00633546
0.00523662 0.441119 0.281072 0.168232 0.10434
0.057919 0.61761 0.290474 9.9991E-05 0.0338974
0.0760774 0.630813 0.164241 0.128769 9.9991E-05
0.116124 0.252799 0.516609 0.114369 9.9991E-05
0.00547348 0.26273 0.27193 0.431198 0.0286685
0.0620469 0.550886 0.181425 0.128778 0.0768649
0.0820612 0.120033 0.326066 0.47174 9.9991E-05
9.9991E-05 0.366796 0.431437 0.151684 0.0499833
9.9982E-05 0.512269 0.387094 0.100437 9.9982E-05
9.9982E-05 0.405859 0.575683 0.0182579 9.9982E-05
0.0200346 0.394569 0.517358 0.0679381 9.9991E-05
0.0542681 0.633226 0.105947 0.0809453 0.125614
0.0842281 0.602844 0.0688683 0.0288811 0.215178
0.117123 0.573632 0.141114 0.10283 0.0652993
0.0943286 0.124207 0.420278 0.361086 9.9991E-05
9.9991E-05 0.507031 0.0173192 0.293831 0.181719
0.0882285 0.569906 0.040508 0.222505 0.0788525
9.9991E-05 0.0311768 0.113674 0.666566 0.188483
0.0466876 0.688169 9.9991E-05 0.152623 0.11242
0.0907277 0.353956 0.0656623 0.391999 0.097655
0.14496 0.425938 0.0315846 0.281312 0.116205
0.0796144 0.2288 0.109343 0.429615 0.152628
9.9991E-05 0.299423 0.109127 0.475245 0.116105
9.9991E-05 0.541257 0.14318 0.264431 0.0510331
0.0685183 0.614387 0.110219 0.107622 0.0992541
0.13938 0.348257 0.151221 0.189518 0.171623
0.249444 0.0217596 0.1026 0.578525 0.0476709
0.0783083 0.577754 0.203476 0.138189 0.0022728
9.9982E-05 0.473683 0.0887722 0.437345 9.9982E-05
0.0121193 0.580677 0.120982 0.270715 0.0155066
0.0150663 0.618793 0.092937 0.168788 0.104415
0.271498 0.159114 0.00739673 0.193206 0.368785
0.145119 9.9982E-05 9.9982E-05 0.270213 0.584469
0.152753 9.9982E-05 9.9982E-05 0.330783 0.516264
0.38138 0.0511482 0.0276862 0.122454 0.417332
9.9973E-05 0.759112 9.9973E-05 0.240588 9.9973E-05
0.169529 0.535384 0.16261 0.0853713 0.0471056
0.679434 0.310476 0.00989078 9.9982E-05 9.9982E-05
0.365339 0.413455 0.221007 9.9982E-05 9.9982E-05
0.397191 0.300025 0.137571 0.0114413 0.153772
0.0585374 0.427261 0.00308413 0.485273 0.0258444
0.0799134 0.510913 0.065433 0.256102 0.0876396
0.0884818 0.187322 9.9991E-05 0.703723 0.0203726
0.0895019 0.565393 0.056734 0.227123 0.0612485
9.9991E-05 0.525668 0.0439508 0.342037 0.0882437
0.137589 0.552875 0.0829698 0.20797 0.0185961
0.0296542 0.241743 0.040951 0.650746 0.0369061
0.0984844 0.6831 9.9991E-05 0.147108 0.0712082
0.148179 0.543628 9.9991E-05 0.27874 0.0293529
0.960253 9.9973E-05 9.9973E-05 0.0394468 9.9973E-05
0.898924 0.100776 9.9973E-05 9.9973E-05 9.9973E-05
0.630752 0.232482 0.116889 9.9991E-05 0.019777
0.70216 0.284991 0.0126491 9.9982E-05 9.9982E-05
0.875314 0.0618071 0.0355687 0.0272107 9.9991E-05
0.9996 9.997E-05 9.997E-05 9.997E-05 9.997E-05
0.963024 9.9973E-05 0.0366765 9.9973E-05 9.9973E-05
0.847915 0.151785 9.9973E-05 9.9973E-05 9.9973E-05
0.952112 9.9973E-05 0.0475884 9.9973E-05 9.9973E-05
0.9996 9.997E-05 9.997E-05 9.997E-05 9.997E-05
0.9996 9.997E-05 9.997E-05 9.997E-05 9.997E-05
0.803361 0.173207 9.9982E-05 9.9982E-05 0.0232324
0.800073 0.0475517 0.102651 9.9991E-05 0.0496235
0.985643 9.9973E-05 0.014057 9.9973E-05 9.9973E-05
0.399533 0.372477 0.17222 0.00728094 0.0484893
0.709341 0.158143 0.0795052 0.0206964 0.0323148
0.740513 0.164946 9.9982E-05 9.9982E-05 0.0943411
0.905794 0.0489787 0.0450271 9.9982E-05 9.9982E-05
0.942299 0.0235377 9.9982E-05 9.9982E-05 0.0339634
0.834257 0.0969059 0.0133223 9.9991E-05 0.0554151
0.9996 9.997E-05 9.997E-05 9.997E-05 9.997E-05
0.628394 0.198763 0.0236815 0.0572742 0.0918871
0.873726 0.0905597 0.0319009 9.9991E-05 0.00371296
0.0789671 9.9982E-05 9.9982E-05 0.522994 0.397839
0.0907362 0.420406 0.143282 0.160383 0.185193
0.0501509 0.457042 0.00247889 0.179613 0.310715
0.163229 0.145856 9.9991E-05 0.411278 0.279537
0.189808 0.445256 0.12501 0.153475 0.0864506
0.136828 0.227021 9.9991E-05 0.360432 0.275619
0.0597507 0.487324 9.9991E-05 0.177406 0.275419
0.218383 0.309968 9.9991E-05 0.327611 0.143938
0.210789 0.381205 0.0138651 0.208773 0.185367
0.221854 0.322518 9.9991E-05 0.248075 0.207453
0.0754752 0.54974 0.0302855 0.1389 0.205599
0.00370208 0.0434863 0.0457418 0.0609366 0.846133
0.0323809 0.00992992 9.9991E-05 0.00391332 0.953676
9.9982E-05 0.00745847 9.9982E-05 0.0254075 0.966934
9.9982E-05 0.0210833 0.031701 9.9982E-05 0.947016
0.0511652 9.9982E-05 0.0186768 9.9982E-05 0.929958
0.0813371 9.9982E-05 9.9982E-05 0.00269858 0.915764
0.0432132 0.0421037 9.9982E-05 9.9982E-05 0.914483
9.9973E-05 9.9973E-05 9.9973E-05 0.0492195 0.950481
0.0264011 0.0327882 0.0109799 9.9991E-05 0.929731
0.100392 0.0289179 0.000374605 0.0133135 0.857003
9.9982E-05 9.9982E-05 0.28875 0.0754334 0.635616
0.0159385 0.0130619 0.355489 0.0181472 0.597363
9.9982E-05 9.9982E-05 0.351127 0.12919 0.519483
9.9982E-05 9.9982E-05 0.331539 0.166589 0.501672
0.00176848 0.553133 0.197693 0.169951 0.0774539
0.0445663 0.593232 0.108686 0.253415 9.9991E-05
0.0402638 0.60536 0.250245 0.0600817 0.0440494
9.9991E-05 0.517098 0.333987 0.0914874 0.0573268
0.0467278 0.168746 0.684249 0.100177 9.9991E-05
0.0930707 0.678567 0.0776885 0.0856878 0.0649863
0.0448674 0.674484 0.116446 0.164103 9.9991E-05
0.0129851 0.598437 0.154901 0.233577 9.9991E-05
0.0119373 0.53148 0.0691266 0.387356 9.9991E-05
0.0371502 0.713554 0.143219 0.0953938 0.0106831
9.9982E-05 0.513604 0.210833 0.275363 9.9982E-05
9.9982E-05 0.0834255 0.120259 0.796116 9.9982E-05
0.0764361 0.527725 0.288218 0.034983 0.0726382
9.9982E-05 0.409946 0.0237252 0.566129 9.9982E-05
9.9991E-05 0.639988 0.0265031 0.268669 0.0647405
9.9991E-05 0.270764 0.220257 0.508248 0.000631077
9.9991E-05 0.016972 0.750118 0.0860977 0.146713
0.0356125 0.0608704 0.740104 0.0901504 0.0732628
9.9982E-05 9.9982E-05 0.907227 0.037186 0.0553873
9.9982E-05 9.9982E-05 0.813287 0.0600239 0.126489
0.0462438 0.0197312 0.876093 0.0578315 9.9991E-05
0.0963437 0.0303204 0.811924 9.9991E-05 0.0613117
0.0247471 0.0828335 9.9982E-05 9.9982E-05 0.892219
0.0663087 0.0217661 0.0946742 9.9991E-05 0.817151
0.160785 0.0899904 9.9982E-05 9.9982E-05 0.749025
0.175258 0.0227084 0.0817659 9.9991E-05 0.720167
0.0498689 0.101871 0.005703 9.9991E-05 0.842457
9.9982E-05 9.9982E-05 0.572993 0.040547 0.38626
9.9982E-05 9.9982E-05 0.454645 0.102657 0.442498
9.9982E-05 9.9982E-05 0.508913 0.0545681 0.436319
0.027503 0.107028 0.0154121 9.9991E-05 0.849957
9.9982E-05 9.9982E-05 0.540483 0.0880313 0.371286
0.382593 0.223454 9.9991E-05 0.179061 0.214792
0.241677 0.550294 0.0426982 0.0260119 0.139319
0.298724 0.524997 9.9982E-05 9.9982E-05 0.176079
0.229801 0.352528 0.0444235 0.0844995 0.288747
0.159123 0.583763 0.0510866 0.0528994 0.153128
0.331941 9.9982E-05 9.9982E-05 0.207288 0.460572
9.9982E-05 0.506517 0.352023 0.141261 9.9982E-05
0.021546 0.365309 0.263165 0.312988 0.0369914
9.9991E-05 0.348319 0.509803 0.0298243 0.111953
0.0169491 0.522611 0.139181 0.321159 9.9991E-05
9.9973E-05 9.9973E-05 0.18314 0.81656 9.9973E-05
0.0472479 0.513374 0.20957 0.155181 0.0746263
0.0488574 0.51976 0.212577 0.18606 0.032745
9.9991E-05 0.451188 0.464303 0.0719154 0.0124932
0.0620565 0.554846 0.208347 0.0796763 0.095074
9.9982E-05 0.213041 0.289922 0.496837 9.9982E-05
0.0722312 0.53653 0.164628 0.22651 9.9991E-05
0.0803588 0.542276 0.305766 0.0714998 9.9991E-05
0.226869 0.418215 0.113151 0.115335 0.126431
0.0360761 0.40191 0.336895 0.225018 9.9991E-05
0.0377346 0.484381 0.328051 0.147622 0.00221169
0.112912 0.575971 0.101214 0.209803 9.9991E-05
0.0111881 0.600074 0.247337 0.141301 9.9991E-05
0.156694 0.566614 0.123389 0.153202 9.9991E-05
0.130914 0.538049 0.150622 0.0566181 0.123797
0.140014 0.503866 0.252957 0.0236983 0.079464
0.0443988 0.148779 9.9982E-05 9.9982E-05 0.806622
0.00978643 0.101193 9.9991E-05 0.0375329 0.851388
0.00557313 0.0721397 0.0719852 0.0613584 0.788944
0.0227453 0.0517182 0.0654045 0.0591944 0.800938
0.0482858 0.125499 9.9982E-05 9.9982E-05 0.826015
0.104346 0.143238 0.628464 0.108792 0.0151593
0.0984436 0.55121 0.0858719 0.20659 0.057884
0.14134 0.448782 0.00444171 0.164085 0.241351
0.142624 0.664312 0.192864 9.9982E-05 9.9982E-05
9.9991E-05 0.591253 0.259915 0.0854801 0.0632517
0.128103 0.260843 0.381345 0.215395 0.0143133
9.9991E-05 0.0272316 0.60102 0.194099 0.177549
0.0187329 0.549116 0.335404 0.0276248 0.0691224
0.0351935 0.245372 0.512087 0.158088 0.0492588
0.0334022 0.520639 0.166736 0.214796 0.0644261
0.064676 0.12065 0.574608 0.159637 0.0804293
0.12901 0.544398 0.19355 0.0284179 0.104624
0.00600726 0.262299 0.523569 0.12262 0.0855039
0.10007 0.370596 0.353356 0.164254 0.0117241
0.219077 0.387436 0.0687369 0.272506 0.0522444
0.0563887 0.30408 0.0944145 0.475545 0.0695722
0.0482818 0.618438 0.0725415 0.201976 0.0587628
0.107494 0.547778 0.0231229 0.154257 0.167349
9.9991E-05 0.456051 0.112101 0.374274 0.0574749
0.0355105 0.541065 0.0970749 0.215422 0.110928
0.00392719 0.540382 0.103029 0.225771 0.12689
9.9982E-05 0.150636 0.121132 0.728032 9.9982E-05
9.9991E-05 0.295539 0.0534935 0.625233 0.0256343
0.0274504 0.557503 0.117667 0.281932 0.0154483
9.9991E-05 0.269564 0.113744 0.572347 0.0442455
9.9991E-05 0.55699 0.0604078 0.350663 0.0318396
0.0548133 0.12416 0.658161 0.162766 9.9991E-05
0.0541481 0.248469 0.344912 0.352371 9.9991E-05
0.0628211 0.377935 0.460922 0.0302117 0.0681095
0.144804 0.58806 0.266936 9.9982E-05 9.9982E-05
0.00838832 0.301281 0.528186 0.162045 9.9991E-05
0.215488 0.384778 0.224982 0.152629 0.0221229
0.22079 0.487203 0.255252 9.9991E-05 0.0366551
0.0876476 0.528686 0.339343 0.0321519 0.0121708
0.204793 0.42519 0.309235 0.046859 0.0139231
0.018919 0.551268 0.388258 0.0297333 0.0118214
0.10478 0.222753 0.591773 0.080593 9.9991E-05
0.143562 0.33033 0.455724 0.0702844 9.9991E-05
0.0711807 0.697491 0.208075 0.0231528 9.9991E-05
0.141423 0.55342 0.150079 0.114539 0.0405396
0.0684612 0.4034 0.324002 0.1808 0.0233373
0.129744 0.505415 0.275108 0.0896329 9.9991E-05
0.110454 0.396725 0.4345 0.0421502 0.0161709
0.054456 0.589528 0.278982 0.0769338 9.9991E-05
0.105844 0.533146 0.306314 9.9991E-05 0.0545959
0.156856 0.571683 0.145249 0.0580827 0.0681284
0.101097 0.488027 0.0320138 9.9991E-05 0.378762
0.226796 0.506206 0.0345679 0.0977014 0.134728
0.161893 0.508612 0.0670565 0.163693 0.0987452
0.115282 0.642833 0.0563176 0.104406 0.0811614
0.18009 0.565425 9.9991E-05 0.00947334 0.244912
0.0132916 0.548498 0.180843 0.257268 9.9991E-05
0.130185 0.591329 9.9991E-05 0.0616484 0.216737
0.180529 0.0326088 9.9991E-05 0.512846 0.273916
0.271387 0.500075 0.0688634 0.0585712 0.101104
0.19428 0.614198 9.9991E-05 0.0373722 0.15405
0.32277 0.471173 0.138224 0.0614895 0.00634308
0.186414 0.287673 0.0581939 0.264964 0.202755
0.163945 0.529238 0.0121417 0.0355149 0.259161
0.255848 0.496098 0.0089704 0.0551854 0.183898
0.200621 9.9982E-05 9.9982E-05 0.310338 0.488841
0.185169 0.596119 9.9982E-05 9.9982E-05 0.218511
0.247466 0.532587 9.9991E-05 0.0458426 0.174004
0.161047 0.609826 0.0234317 0.10459 0.101104
0.178508 0.570791 0.00290376 0.0072781 0.240519
0.143423 0.579287 0.0687005 0.0470837 0.161506
0.135847 0.397481 0.102697 0.333606 0.0303699
0.213176 0.42349 0.0917785 0.214283 0.0572724
0.00945532 0.105346 0.142953 0.742145 9.9991E-05
9.9991E-05 0.107094 0.0204389 0.865595 0.00677227
0.156968 0.512131 0.132068 0.142986 0.0558473
0.343071 0.424603 9.9991E-05 0.0891289 0.143098
0.378399 0.346576 9.9991E-05 0.20153 0.0733956
0.282796 0.235896 0.00653579 0.249473 0.225299
0.273673 0.398903 0.0406971 0.0498249 0.236902
0.148798 0.120131 9.9991E-05 0.630813 0.100159
0.154002 0.216413 9.9991E-05 0.527358 0.102127
0.185937 0.539655 0.0708081 0.2035 9.9991E-05
0.165007 0.490663 0.0467888 0.264967 0.0325737
0.161032 0.253177 0.0435481 0.48226 0.0599834
0.174433 0.457315 0.0978379 0.214832 0.0555816
0.167843 0.558813 0.030843 0.19385 0.0486504
0.214315 0.440217 0.127166 0.106041 0.112261
9.9991E-05 0.396795 0.121901 0.481048 0.000156013
0.0587329 0.486202 0.107072 0.347893 9.9991E-05
0.0403121 0.606931 9.9991E-05 0.276772 0.0758843
0.0155342 0.530194 0.167951 0.207143 0.0791771
0.0385464 0.537245 0.0548777 0.203825 0.165506
0.0744369 0.518991 9.9982E-05 0.406372 9.9982E-05
9.9982E-05 0.352607 0.146847 0.500345 9.9982E-05
0.0244522 0.695544 9.9991E-05 0.214878 0.065026
0.0232922 0.303 0.0512572 0.622351 9.9991E-05
0.0642037 0.522286 0.0239933 0.389417 9.9991E-05
0.0814444 0.594428 9.9991E-05 0.225561 0.0984666
0.0500607 0.501516 0.0753261 0.372997 9.9991E-05
0.170917 0.500503 0.0488334 0.0833983 0.196348
0.169064 0.443283 0.112045 0.108041 0.167568
0.283291 0.347069 0.0964409 0.0872851 0.185914
0.195989 0.385981 0.0679625 0.12155 0.228517
0.169132 0.526607 0.148051 9.9991E-05 0.15611
0.162237 0.419104 0.124779 0.146249 0.147631
0.176265 9.9982E-05 9.9982E-05 0.602976 0.220559
0.202952 0.590818 0.0859357 9.9991E-05 0.120194
0.173567 9.9982E-05 9.9982E-05 0.437356 0.388877
0.231176 0.521764 9.9991E-05 0.157981 0.0889797
9.9973E-05 0.229022 9.9973E-05 0.770678 9.9973E-05
9.9991E-05 0.101837 0.04221 0.828151 0.0277023
0.0569504 0.527803 0.0518154 0.363331 9.9991E-05
0.0498231 0.700488 9.9991E-05 0.215726 0.0338633
9.9973E-05 0.553215 9.9973E-05 0.446485 9.9973E-05
0.0149772 0.64755 0.0704751 0.266898 9.9991E-05
0.0428673 0.653857 0.0359464 0.26723 9.9991E-05
0.035465 0.119941 0.00659016 0.0540344 0.78397
0.127084 9.9982E-05 0.135769 9.9982E-05 0.736947
0.0824114 9.9982E-05 0.00808909 9.9982E-05 0.9093
9.9973E-05 0.0454671 9.9973E-05 9.9973E-05 0.954233
0.0304455 0.624186 0.0640776 0.275669 0.0056225
0.0437627 0.567649 0.0745189 0.237397 0.0766721
9.9991E-05 0.634375 0.0887163 0.260343 0.0164658
9.9991E-05 0.702164 0.109629 0.0942616 0.0938445
0.0726015 0.504459 0.111452 0.230628 0.0808598
9.9982E-05 0.434003 0.209829 0.355969 9.9982E-05
0.0417336 0.682214 0.0194266 0.199347 0.0572789
9.9982E-05 0.451863 9.9982E-05 0.545054 0.00288333
0.0900927 0.560217 0.0281187 9.9991E-05 0.321472
0.0288624 0.587459 0.0925162 0.291062 9.9991E-05
9.9982E-05 0.507426 0.239783 0.252591 9.9982E-05
9.9982E-05 0.720916 0.0240669 0.254818 9.9982E-05
9.9991E-05 0.565118 0.0873274 0.309431 0.0380232
0.00829797 0.728178 9.9982E-05 0.263324 9.9982E-05
9.9982E-05 0.756425 9.9982E-05 0.156937 0.0864384
9.9973E-05 0.271297 9.9973E-05 0.728403 9.9973E-05
0.0130331 0.426827 0.0540763 0.491018 0.0150456
9.9991E-05 0.502978 0.117245 0.335088 0.0445884
9.9973E-05 0.134722 9.9973E-05 0.864978 9.9973E-05
0.0105403 0.510473 0.192152 0.22174 0.065095
9.9982E-05 0.23113 0.0888079 0.679862 9.9982E-05
9.9982E-05 0.135718 9.9982E-05 0.847963 0.0161189
0.0913161 0.600967 0.0290829 0.256268 0.0223656
9.9982E-05 0.426099 0.148374 0.425327 9.9982E-05
0.034483 0.545455 0.199153 0.220809 9.9991E-05
0.0655278 0.646909 0.0673035 0.101155 0.119105
9.9982E-05 0.599276 0.196425 0.204099 9.9982E-05
0.121661 0.31578 0.32848 0.233979 9.9991E-05
0.0517433 0.659013 0.0688661 0.183415 0.0369632
0.0208682 0.571316 0.137422 0.251229 0.0191645
9.9973E-05 0.50762 9.9973E-05 0.49208 9.9973E-05
0.0890293 0.695023 0.113031 0.100674 0.00224217
0.016679 9.9991E-05 0.275881 0.053704 0.653636
9.9991E-05 0.0674521 0.106603 0.0644887 0.761356
9.9982E-05 9.9982E-05 0.155213 0.0261124 0.818475
9.9973E-05 9.9973E-05 0.202776 9.9973E-05 0.796924
9.9982E-05 0.0626956 0.197933 9.9982E-05 0.739171
9.9982E-05 0.368938 0.237073 0.393789 9.9982E-05
9.9991E-05 0.309522 0.14446 0.528198 0.0177196
9.9973E-05 0.351105 9.9973E-05 0.648595 9.9973E-05
0.0386928 0.688304 0.0260434 0.0997474 0.147212
0.0887031 0.598474 0.118368 0.150608 0.0438462
9.9991E-05 0.458808 0.00453841 0.512647 0.0239064
0.00742603 0.726064 0.0139977 0.247296 0.0052168
0.0176434 0.608486 9.9991E-05 0.357341 0.0164293
0.0549289 0.641287 0.127312 0.174555 0.00191677
0.0273688 0.747042 0.0299576 0.096007 0.0996245
9.9982E-05 0.40932 0.190612 0.399868 9.9982E-05
9.9991E-05 0.559628 0.0827973 0.356378 0.00109731
9.9982E-05 0.585444 0.198829 0.215527 9.9982E-05
0.00857536 0.670968 0.0336513 0.115073 0.171732
9.9991E-05 0.588401 0.140881 0.230929 0.0396889
0.0053962 0.652235 0.0662668 0.241235 0.0348671
0.448608 0.308425 0.0981368 9.9991E-05 0.144731
0.492547 0.333663 0.0752139 9.9991E-05 0.098476
0.509145 0.436404 9.9991E-05 0.0135776 0.040774
0.505713 0.315453 9.9982E-05 9.9982E-05 0.178634
0.311709 0.467688 0.0307342 0.031921 0.157948
0.0740725 0.572768 9.9991E-05 0.336164 0.0168958
0.632282 0.0573429 9.9991E-05 0.0498079 0.260468
0.4189 0.383868 9.9982E-05 9.9982E-05 0.197032
0.173325 0.44704 9.9991E-05 0.234848 0.144687
0.0143928 0.608554 0.0525799 0.147303 0.17717
0.0749954 0.433454 0.146479 0.182395 0.162676
0.0632169 0.6346 0.0662416 0.0746592 0.161282
0.0295402 0.673779 0.102154 0.0416679 0.152859
0.4224 0.340603 9.9982E-05 9.9982E-05 0.236797
0.350035 0.388199 0.0969598 9.9991E-05 0.164706
0.553457 0.419407 0.0010265 9.9991E-05 0.0260092
0.354952 0.370166 0.0736844 0.0874646 0.113733
0.582365 0.299562 9.9991E-05 0.0430422 0.0749313
0.29713 0.478921 0.0134807 0.103867 0.1066
0.567314 0.239526 9.9991E-05 0.0532646 0.139796
0.326454 0.461487 0.0715684 9.9991E-05 0.14039
0.0346632 0.582953 9.9991E-05 0.242955 0.139329
0.290441 0.397921 0.0337092 0.0248611 0.253068
0.633971 0.179835 9.9982E-05 9.9982E-05 0.185995
0.463336 0.283433 0.111295 0.087844 0.0540921
0.017537 0.251376 0.250819 0.301049 0.179219
0.0954512 0.605629 0.0740642 0.21317 0.0116857
0.332929 0.452608 0.0812473 0.0244809 0.108735
0.0787383 0.59488 0.198268 0.0307891 0.0973244
9.9991E-05 0.552411 0.0409461 0.156509 0.250034
0.13821 0.543196 9.9991E-05 0.104247 0.214247
0.273194 0.417153 9.9991E-05 0.0731793 0.236373
0.123476 0.569132 0.0418575 0.190246 0.0752877
0.350922 0.437679 0.0258562 9.9991E-05 0.185443
0.455577 0.397405 9.9991E-05 0.0556064 0.0913116
0.637469 0.124291 0.00245724 9.9991E-05 0.235683
0.0457579 0.664125 0.0790363 0.0971949 0.113885
9.9991E-05 0.59457 0.0713395 0.140467 0.193523
0.0800928 0.176849 9.9991E-05 0.568747 0.174211
0.0944675 0.631118 0.0156542 0.109613 0.149147
0.0766617 0.45015 0.206853 0.174085 0.0922502
0.172261 0.595253 9.9991E-05 0.0536473 0.178738
0.0947022 0.570969 0.0128304 0.187491 0.134007
0.221757 9.9982E-05 9.9982E-05 0.447926 0.330118
0.146437 9.9982E-05 9.9982E-05 0.478894 0.37447
0.179283 0.310313 0.0700626 0.299509 0.140833
0.246371 0.0126796 9.9991E-05 0.396781 0.344068
0.225104 9.9982E-05 9.9982E-05 0.308326 0.466369
0.159843 0.361644 0.0266218 0.289305 0.162586
0.17727 0.386572 9.9991E-05 0.148728 0.28733
0.236283 0.199031 0.0331102 0.22706 0.304516
0.177829 0.0977524 9.9991E-05 0.352789 0.37153
0.19964 0.341434 0.0709226 0.269381 0.118622
0.163347 0.17372 9.9991E-05 0.433746 0.229088
0.0948844 9.9982E-05 9.9982E-05 0.420564 0.484352
0.199722 0.511359 0.109248 0.043637 0.136034
0.298475 0.341141 0.0422878 0.122075 0.196022
0.169211 0.464955 9.9982E-05 9.9982E-05 0.365634
0.288853 0.506811 9.9991E-05 0.00391971 0.200316
0.212958 0.50467 0.0947046 9.9991E-05 0.187567
0.270971 0.458644 9.9991E-05 0.133979 0.136306
0.228554 0.377623 0.0385436 9.9991E-05 0.355179
0.226685 0.522059 0.0463574 0.0319566 0.172942
0.257162 0.416491 9.9991E-05 0.0282359 0.298011
0.317557 0.262697 0.017385 0.132566 0.269795
0.145601 0.35081 0.158647 0.182509 0.162433
0.137742 0.529292 0.0368595 0.112814 0.183292
0.207188 0.47754 0.0998535 0.124774 0.0906451
0.131097 0.585645 9.9991E-05 0.167979 0.115179
0.239291 0.376492 0.0501549 0.00178346 0.332279
0.113055 0.554992 0.0420174 0.0674878 0.222448
0.305434 0.0769442 9.9991E-05 0.217019 0.400502
0.24192 0.527134 0.0557337 0.00729136 0.167921
0.41783 0.133752 9.9991E-05 0.190367 0.25795
9.9991E-05 0.0141129 0.133945 0.026876 0.824966
0.0216566 0.136579 0.725068 0.0615915 0.055105
9.9973E-05 9.9973E-05 0.986513 9.9973E-05 0.0131867
9.997E-05 9.997E-05 0.9996 9.997E-05 9.997E-05
0.0208033 9.9973E-05 0.978897 9.9973E-05 9.9973E-05
0.0360078 9.9973E-05 0.963692 9.9973E-05 9.9973E-05
9.9973E-05 0.0578717 0.941828 9.9973E-05 9.9973E-05
9.9982E-05 9.9982E-05 0.943379 0.0157316 0.0406895
0.0169332 9.9982E-05 0.791807 9.9982E-05 0.19106
0.0226979 0.0461259 0.00652935 0.0246149 0.900032
9.9982E-05 0.0297282 0.11742 9.9982E-05 0.852652
0.0674117 0.0147532 9.9991E-05 0.0317513 0.885984
9.9991E-05 0.0511573 0.0813363 0.0361359 0.831271
0.0302558 0.036229 0.0142081 9.9991E-05 0.919207
9.9982E-05 9.9982E-05 0.0493996 0.0346936 0.915707
0.163828 0.0215031 0.0755719 0.0289357 0.710161
0.114881 9.9991E-05 0.013806 0.0115065 0.859706
0.0945815 0.0145457 0.168931 9.9991E-05 0.721842
0.0576494 0.0309487 9.9982E-05 9.9982E-05 0.911202
9.9982E-05 9.9982E-05 0.00611428 0.0162198 0.977466
0.0403948 0.0790604 0.0277385 0.00599995 0.846806
9.9973E-05 9.9973E-05 0.0475329 9.9973E-05 0.952167
0.0393125 0.0468124 9.9982E-05 9.9982E-05 0.913675
0.0044832 0.110135 0.00855728 9.9991E-05 0.876724
0.0384564 0.109505 9.9982E-05 9.9982E-05 0.851839
0.201258 0.0355126 9.9982E-05 9.9982E-05 0.76303
0.127944 0.104151 9.9982E-05 9.9982E-05 0.767705
0.075452 0.101237 9.9982E-05 9.9982E-05 0.823111
0.0646138 0.468429 0.0782742 0.192177 0.196506
9.9991E-05 0.814886 0.0239597 0.0506284 0.110426
0.110375 0.601471 0.140536 0.0430221 0.104596
0.0225221 0.199393 0.0122468 0.668156 0.0976824
9.9991E-05 0.618186 0.162228 0.077521 0.141965
0.0282769 0.146002 9.9991E-05 0.597369 0.228251
0.156089 0.590284 9.9991E-05 0.188374 0.065154
9.9991E-05 0.588324 0.0960052 0.204512 0.111058
9.9991E-05 0.612158 0.123352 0.158755 0.105636
9.9991E-05 0.637216 0.0542907 0.231612 0.0767813
0.00201355 0.513452 0.202294 0.123416 0.158824
0.0785671 0.570263 0.0648039 0.170829 0.115536
9.9991E-05 0.639592 0.184594 0.0389003 0.136813
0.111616 0.0164771 0.455005 0.416801 9.9991E-05
9.9991E-05 0.0190856 0.107441 0.771288 0.102086
0.0160235 0.183137 0.0467585 0.60115 0.152932
0.049369 0.666998 0.120838 0.0297625 0.133033
0.0437398 0.588553 0.134596 0.117276 0.115835
9.9982E-05 0.662654 9.9982E-05 0.192916 0.14423
0.107664 0.680688 9.9991E-05 0.100874 0.110673
0.166288 0.537108 0.0493137 0.0593141 0.187976
0.183448 0.628329 0.0178871 9.9991E-05 0.170236
0.184748 0.0837173 0.203157 0.129314 0.399064
0.0704197 0.622576 0.123999 0.0219736 0.161032
0.161952 0.478872 0.118581 9.9991E-05 0.240495
0.159841 9.9982E-05 9.9982E-05 0.393548 0.446411
0.24512 0.370545 9.9991E-05 0.105958 0.278276
0.158512 0.354446 0.0691636 0.0606352 0.357243
0.122622 0.453364 0.0960557 9.9991E-05 0.327858
0.143841 0.512088 0.159412 0.0195355 0.165124
0.119029 0.586258 0.0349295 0.0141498 0.245634
0.124082 0.669149 0.0154908 9.9991E-05 0.191179
0.162985 0.412902 0.00223644 0.211968 0.209908
0.21726 0.29122 9.9991E-05 0.0177489 0.473671
