0.055568 9.9991E-05 0.00609019 0.91752 0.0207215
9.9973E-05 0.0615495 9.9973E-05 0.938151 9.9973E-05
0.0173648 9.9991E-05 0.0636117 0.780562 0.138362
0.117594 9.9982E-05 0.121193 0.761013 9.9982E-05
9.999E-05 0.00209381 0.0186776 0.897856 0.0812728
0.130085 0.104799 0.0531145 0.630072 0.0819288
9.9982E-05 0.104513 9.9982E-05 0.879929 0.0153586
0.150726 0.0909495 0.0038069 0.754417 9.9991E-05
0.0716792 0.101861 9.9982E-05 0.82626 9.9982E-05
0.0514991 0.0472402 0.042567 0.755996 0.102698
0.169614 0.0282736 9.9991E-05 0.755673 0.0463398
0.487086 0.155395 0.123247 9.9991E-05 0.234172
0.273308 0.0538193 0.12433 0.0550228 0.49352
0.538859 0.0443767 0.088767 0.0279792 0.300019
0.416115 0.0930952 0.19708 0.0522988 0.24141
0.191097 0.14624 0.135209 0.111801 0.415653
0.163363 9.9991E-05 0.173878 0.0511903 0.611469
0.182675 0.261035 0.131687 9.9991E-05 0.424503
0.442463 0.0127681 0.0905348 0.121496 0.332738
0.694153 0.169921 0.111935 0.0238912 9.9991E-05
0.267563 0.132492 0.124988 9.9991E-05 0.474857
0.200131 0.217313 0.0595217 0.0135228 0.509512
0.218771 0.15022 0.00955418 0.0220718 0.599382
0.352405 0.167516 0.0976762 0.025819 0.356583
0.122333 0.0380338 0.0844527 0.0749809 0.680199
0.271679 0.000503296 0.168666 0.00977399 0.549377
0.571665 0.107125 0.146562 0.00445714 0.170191
0.499152 0.0892292 0.268458 9.9991E-05 0.143061
0.462207 0.250412 0.0491483 0.0187792 0.219454
9.9982E-05 9.9982E-05 0.0558447 0.846983 0.096972
9.9982E-05 9.9982E-05 0.0124631 0.86387 0.123467
9.9982E-05 9.9982E-05 0.0400228 0.807245 0.152532
9.9982E-05 9.9982E-05 0.0693556 0.786682 0.143763
0.111706 0.210898 9.9991E-05 0.0110643 0.666232
0.0617811 0.224212 0.0874511 0.0788967 0.54766
0.0207803 0.253901 9.9991E-05 0.0583384 0.66688
0.635935 0.0497713 0.00930901 0.116579 0.188406
0.0475404 0.460208 0.0601146 0.0571562 0.374981
0.160495 0.131273 0.047537 0.116092 0.544603
9.9991E-05 0.140524 0.0807329 0.0412021 0.737441
0.0494712 0.160956 9.9991E-05 0.146292 0.643181
0.118335 0.0960846 9.9991E-05 0.177153 0.608328
0.210345 0.447182 9.9991E-05 0.0271088 0.315264
0.0559706 0.16434 0.0769673 0.102022 0.6007
0.0486319 0.22838 0.071712 0.0776448 0.573631
0.0790695 0.124158 0.131227 0.0971956 0.568351
0.068404 0.448995 9.9982E-05 9.9982E-05 0.482401
9.9991E-05 0.203749 0.016181 0.101914 0.678057
0.0136802 0.221402 0.0382963 0.120121 0.6065
0.0214472 0.856197 9.9982E-05 0.122156 9.9982E-05
0.432493 0.310179 0.00679678 9.9991E-05 0.250431
0.190637 0.604872 0.0371065 0.0454069 0.121978
0.171276 0.0527148 0.141407 0.060734 0.573868
0.0793257 0.18475 0.101785 0.0823109 0.551828
0.022984 0.200688 9.9991E-05 0.117303 0.658925
0.417074 0.251017 9.9991E-05 0.123002 0.208807
0.131208 0.241256 9.9982E-05 9.9982E-05 0.627336
0.0635541 0.192393 0.0889772 0.122129 0.532946
0.112848 0.289595 0.0242761 0.207619 0.365662
0.367099 0.26452 0.0577885 0.213091 0.0975022
0.136791 0.105167 0.0120002 0.0479375 0.698104
0.345663 0.0909017 0.0859347 0.0716512 0.405849
0.542896 0.261923 9.9991E-05 0.0884953 0.106586
0.260625 0.109477 0.0612672 0.00347909 0.565151
0.0717702 0.139189 0.234328 0.0416592 0.513054
0.196942 0.0654729 9.9991E-05 0.102915 0.63457
0.347732 0.205355 0.0618136 0.00664901 0.37845
0.15849 0.234328 0.053794 0.0447374 0.508651
0.115786 0.155694 9.9991E-05 0.075115 0.653305
0.429688 0.236797 9.9991E-05 0.0560563 0.277359
0.0981959 0.223827 9.9982E-05 9.9982E-05 0.677777
0.249887 0.373162 9.9982E-05 9.9982E-05 0.376751
0.0949568 0.158309 9.9991E-05 0.119729 0.626905
9.9982E-05 0.769576 9.9982E-05 0.0120496 0.218174
0.0962597 0.726208 9.9982E-05 9.9982E-05 0.177333
9.9973E-05 0.496249 9.9973E-05 9.9973E-05 0.503452
0.173612 0.19848 9.9991E-05 0.00346864 0.624339
0.130029 0.0729794 0.0127699 0.145022 0.6392
0.0358535 0.349927 0.0243239 0.0116963 0.5782
0.262622 0.313387 9.9991E-05 0.0195476 0.404344
0.369338 0.256743 9.9991E-05 0.0194297 0.354389
0.0329539 0.21691 0.045546 0.0685836 0.636007
0.0932471 0.361871 0.0318166 0.0399441 0.473122
0.0915726 0.332278 0.0252385 0.017388 0.533523
0.0114876 0.438835 9.9982E-05 9.9982E-05 0.549477
0.0642529 0.818092 9.9982E-05 9.9982E-05 0.117456
0.0328718 0.216253 0.00800155 0.0810712 0.661803
0.107746 9.9991E-05 0.0672115 0.783 0.0419429
9.9973E-05 9.9973E-05 9.9973E-05 0.892263 0.107437
9.9982E-05 9.9982E-05 0.0437982 0.860976 0.0950256
9.9982E-05 0.00527703 9.9982E-05 0.917759 0.0767637
9.9973E-05 9.9973E-05 9.9973E-05 0.894924 0.104776
9.9982E-05 9.9982E-05 0.00558565 0.910663 0.0835517
9.9982E-05 0.003392 9.9982E-05 0.957687 0.0387206
0.115876 0.221537 0.0533627 0.0991203 0.510104
9.9991E-05 0.134301 0.11962 0.0574643 0.688515
0.144907 0.592128 9.9982E-05 9.9982E-05 0.262765
0.027064 0.221515 0.121072 0.0640907 0.566259
0.193543 0.235289 9.9991E-05 0.00619224 0.564875
9.9991E-05 0.208765 0.0037942 0.0610635 0.726277
0.057385 0.198084 0.0466752 0.0550071 0.642849
9.9991E-05 0.345543 0.069393 0.00197838 0.582986
0.31493 0.592679 9.9982E-05 9.9982E-05 0.0921911
0.0365245 0.165435 0.0468822 0.156867 0.594292
0.0867239 0.0949622 0.082162 0.0404976 0.695654
0.118497 0.145611 0.0587128 0.0910002 0.586179
0.019084 0.555541 0.00723955 9.9991E-05 0.418035
0.0556672 0.281678 9.9991E-05 0.0198859 0.642669
0.140274 0.207497 9.9991E-05 0.0563329 0.595796
9.9982E-05 0.468128 0.0686799 9.9982E-05 0.462992
0.111091 0.31861 9.9991E-05 0.024747 0.545452
0.0824344 0.181705 0.0805413 0.118372 0.536947
0.377757 0.291167 0.129881 9.9991E-05 0.201095
0.35271 0.0231194 0.0927239 0.133507 0.397939
0.135423 0.120954 0.0435739 0.141611 0.558438
0.0356657 0.15046 0.111208 0.0857492 0.616917
0.307153 0.118985 9.9991E-05 0.0457416 0.52802
0.210423 0.0419884 0.0487982 0.103063 0.595728
0.412025 0.0764 0.000110635 0.00387732 0.507587
0.245885 0.133709 0.0480178 0.0516012 0.520787
0.186988 9.9991E-05 0.0438244 0.0853626 0.683725
0.196846 0.1014 0.0301305 0.0329811 0.638642
0.33029 0.0980664 9.9982E-05 9.9982E-05 0.571444
0.167486 0.136821 0.133506 9.9991E-05 0.562086
0.133402 0.0586415 0.146475 0.0627309 0.598751
0.288456 0.0792152 0.134401 9.9991E-05 0.497828
0.102345 0.138942 0.109575 0.110699 0.538438
0.262719 0.0741014 0.11692 9.9991E-05 0.546159
0.229274 0.200203 0.0479556 0.142739 0.379828
0.188534 0.0600131 0.0738125 0.00706099 0.67058
0.190826 0.0148823 0.0794822 0.0536214 0.661188
0.407443 0.180329 0.0561437 0.02217 0.333915
0.262941 0.518201 0.125832 0.00649029 0.0865354
0.200967 0.130408 0.13425 0.0577647 0.47661
0.365091 0.512955 0.0860487 9.9991E-05 0.0358053
0.489456 0.11356 9.9991E-05 0.0229036 0.37398
0.416534 0.0637145 0.00121701 9.9991E-05 0.518434
0.446848 0.113125 9.9982E-05 9.9982E-05 0.439827
0.549137 0.104597 9.9991E-05 0.000697315 0.345469
0.092728 0.0872522 0.00417708 0.121133 0.694709
0.140303 0.0647306 0.0953686 0.0843356 0.615262
0.218441 0.0310291 9.9991E-05 0.0815293 0.668901
0.359737 0.407319 0.117507 9.9991E-05 0.115338
0.0444017 0.0669298 9.9991E-05 0.301966 0.586602
0.120334 0.273533 0.0886156 0.0699794 0.447538
0.117005 0.643746 9.9991E-05 0.209949 0.0292003
9.9991E-05 0.188717 0.0225763 0.0785225 0.710085
0.117823 0.356722 0.0381 0.107529 0.379826
0.079161 0.217321 0.0747965 0.112432 0.51629
0.133989 0.397714 0.0164661 0.140897 0.310934
0.171483 0.492573 9.9991E-05 0.125901 0.209943
0.162505 0.287265 9.9991E-05 0.0625057 0.487625
0.101307 0.127664 0.131432 0.147983 0.491613
0.149837 0.214756 0.0836392 0.147729 0.404038
0.053707 0.605267 0.186539 0.109053 0.0454354
0.150128 0.175153 0.14246 0.0765618 0.455697
0.195882 0.344696 9.9982E-05 9.9982E-05 0.459222
0.123925 0.303053 9.9982E-05 9.9982E-05 0.572822
0.0318561 0.184786 0.0846592 0.108605 0.590094
0.0263173 0.178893 0.277518 0.370795 0.146477
9.9982E-05 0.204275 0.189861 0.605664 9.9982E-05
9.9982E-05 0.342564 0.144869 0.512367 9.9982E-05
0.0623972 0.125598 0.369407 0.411077 0.031521
9.9982E-05 0.295145 0.0442482 9.9982E-05 0.660407
0.096144 0.102353 0.135432 0.119219 0.546852
0.0474451 9.9982E-05 0.668577 9.9982E-05 0.283778
0.201046 9.9991E-05 0.424201 0.0082232 0.36643
0.109674 0.0224808 0.336585 0.140203 0.391057
0.0579158 0.48187 9.9991E-05 0.0607111 0.399403
0.110629 0.188686 0.0957817 0.0897825 0.515121
9.9991E-05 0.673579 0.0448624 0.0523101 0.229149
0.0418315 0.217903 0.0301377 9.9991E-05 0.710028
0.0932409 0.312764 0.0674413 0.0702033 0.456351
0.0628962 0.258475 0.0574525 0.0291234 0.592053
0.099226 0.638765 0.0562964 0.0324845 0.173228
0.0876348 0.0893447 0.111734 0.0154463 0.69584
0.0606261 0.161262 0.150768 0.118411 0.508932
9.9982E-05 0.0158301 0.972069 9.9982E-05 0.0119007
0.0075527 9.9982E-05 0.905736 9.9982E-05 0.0865118
0.00458375 0.0904164 0.598117 0.0233008 0.283582
0.03462 9.9982E-05 0.710676 9.9982E-05 0.254504
0.003752 0.0611579 0.776908 0.0222528 0.135929
9.997E-05 9.997E-05 0.9996 9.997E-05 9.997E-05
0.0044207 9.9982E-05 0.991154 0.00422508 9.9982E-05
9.9973E-05 9.9973E-05 0.871821 9.9973E-05 0.127879
0.0323208 9.9973E-05 0.967379 9.9973E-05 9.9973E-05
9.997E-05 9.997E-05 0.9996 9.997E-05 9.997E-05
9.997E-05 9.997E-05 0.9996 9.997E-05 9.997E-05
0.0126104 9.9991E-05 0.758081 0.0439165 0.185292
0.0523249 9.9991E-05 0.808372 0.0229101 0.116293
0.0141423 9.9973E-05 0.985558 9.9973E-05 9.9973E-05
0.20342 0.00698652 0.391357 0.0696923 0.328544
0.0387656 9.9991E-05 0.626431 0.0114818 0.323221
0.0403229 9.9982E-05 0.803304 9.9982E-05 0.156173
0.0900316 9.9973E-05 0.909668 9.9973E-05 9.9973E-05
9.9973E-05 0.0117412 0.987959 9.9973E-05 9.9973E-05
9.9991E-05 0.0019204 0.897154 0.0492995 0.0515265
9.997E-05 9.997E-05 0.9996 9.997E-05 9.997E-05
0.0152663 0.0166257 0.66547 0.088037 0.214601
0.00827383 0.0675563 0.92397 9.9982E-05 9.9982E-05
9.9982E-05 0.527744 0.0486268 0.423429 9.9982E-05
0.210757 0.140321 0.204158 0.141209 0.303555
0.0323953 0.195634 0.0494358 0.273979 0.448556
9.9991E-05 0.414955 0.122067 0.262376 0.200502
0.0408778 0.279775 0.110922 0.128376 0.440049
9.9991E-05 0.382107 0.126604 0.31431 0.17688
0.0303291 0.220943 0.0192994 0.203674 0.525755
9.9991E-05 0.337194 0.18648 0.14514 0.331087
0.0498298 0.0997876 0.225341 0.187606 0.437435
9.9991E-05 0.154398 0.270011 0.222108 0.353383
9.9991E-05 0.172514 0.0959863 0.228397 0.503002
0.0660822 0.0401507 9.9991E-05 0.841617 0.0520499
9.9973E-05 9.9973E-05 0.0793182 0.920382 9.9973E-05
0.0414528 9.9982E-05 9.9982E-05 0.958205 0.000142265
0.0649903 9.9973E-05 9.9973E-05 0.93471 9.9973E-05
0.0791484 9.9982E-05 0.0153753 0.905276 9.9982E-05
9.9982E-05 0.00759242 0.0662428 0.925965 9.9982E-05
9.9982E-05 9.9982E-05 0.0259588 0.909026 0.0648154
0.0136187 0.0390421 0.00930018 0.903317 0.0347217
9.9973E-05 9.9973E-05 9.9973E-05 0.918711 0.080989
0.0274992 9.9982E-05 0.0880577 0.884243 9.9982E-05
0.280024 0.0928824 9.9982E-05 0.626894 9.9982E-05
0.340375 0.0208778 0.0189598 0.619687 9.9991E-05
0.255636 0.19294 9.9982E-05 0.551224 9.9982E-05
0.397805 0.10107 9.9982E-05 0.500925 9.9982E-05
0.235757 0.11423 9.9991E-05 0.0743058 0.575607
0.136765 0.228745 0.0384506 9.9991E-05 0.595939
0.151033 0.1726 0.117222 9.9991E-05 0.559044
0.282555 0.141019 9.9991E-05 0.0649458 0.511381
0.635736 0.114967 0.0283393 9.9991E-05 0.220858
0.073758 0.0956634 0.0436433 0.0863136 0.700622
0.113031 0.196192 0.0243106 9.9991E-05 0.666367
0.125555 0.200139 0.0500622 0.0125754 0.611669
0.00140166 0.449236 9.9982E-05 9.9982E-05 0.549162
0.115885 0.0837001 9.9991E-05 0.088553 0.711762
0.117192 0.334846 9.9982E-05 9.9982E-05 0.547763
0.15015 0.836765 9.9982E-05 9.9982E-05 0.012885
0.127815 0.128374 0.00480737 0.129557 0.609446
0.0320845 0.619307 9.9991E-05 0.00698393 0.341525
0.0634893 0.276717 9.9991E-05 0.00126712 0.658426
0.284269 0.44119 9.9982E-05 9.9982E-05 0.274341
0.823185 0.0810654 9.9982E-05 0.0955495 9.9982E-05
0.752026 0.0649979 0.00492899 0.111676 0.066371
0.872568 0.0805746 9.9982E-05 0.0466574 9.9982E-05
0.831101 0.0563994 9.9982E-05 0.1123 9.9982E-05
0.887135 0.0434644 0.0527781 0.0143951 0.00222742
0.802185 9.9991E-05 0.0400341 0.0725442 0.0851363
9.9973E-05 9.9973E-05 9.9973E-05 0.880469 0.119231
0.112303 9.9982E-05 0.0861291 0.801368 9.9982E-05
9.9982E-05 9.9982E-05 0.140402 0.758173 0.101225
0.0952697 9.9991E-05 0.135327 0.755591 0.0137123
0.0408368 9.9991E-05 0.0954956 0.81203 0.051538
0.539842 0.0496279 9.9982E-05 0.41033 9.9982E-05
0.428378 0.0912044 9.9982E-05 0.480218 9.9982E-05
0.510162 0.0612049 9.9991E-05 0.419851 0.0086812
9.9982E-05 9.9982E-05 0.0459881 0.842407 0.111405
0.564147 0.0974197 0.0022493 0.336084 9.9991E-05
0.00249838 0.172796 0.407926 0.231988 0.184792
0.079263 9.9991E-05 0.266633 0.124107 0.529897
9.9982E-05 9.9982E-05 0.323738 0.176747 0.499315
9.9991E-05 0.149876 0.252146 0.237536 0.360342
0.0697915 0.0529414 0.231449 0.160079 0.485738
9.9982E-05 0.218474 0.318159 0.463168 9.9982E-05
0.393184 0.107459 9.9991E-05 0.015952 0.483304
0.240359 0.354368 0.0516957 9.9991E-05 0.353477
0.574757 9.9982E-05 9.9982E-05 0.0809943 0.344049
0.133375 0.31445 0.0257283 9.9991E-05 0.526347
0.150407 0.849293 9.9973E-05 9.9973E-05 9.9973E-05
0.275228 0.111002 0.0913023 0.0993559 0.423112
0.143309 0.286079 0.0196073 0.0583694 0.492635
0.493032 0.0895638 9.9991E-05 0.0371277 0.380177
0.202768 0.0785878 0.103521 0.0903154 0.524807
0.32342 0.542434 0.0125727 9.9991E-05 0.121473
0.2562 0.229402 0.0753494 9.9991E-05 0.438949
0.368927 0.0420217 0.0366479 0.0219418 0.530461
0.0926903 0.13582 0.19985 0.19168 0.37996
0.333926 0.247083 0.0175964 9.9991E-05 0.401294
0.291999 0.182276 0.109938 9.9991E-05 0.415686
0.110539 0.229763 0.172379 9.9991E-05 0.487219
0.115125 0.236053 0.0381472 0.013422 0.597252
0.178864 0.117804 0.0405617 0.0467324 0.616038
0.187601 0.0416948 0.066265 0.260924 0.443516
0.210164 9.9991E-05 0.0939394 0.0985669 0.597229
9.9982E-05 9.9982E-05 0.0881172 0.812998 0.0986848
9.9973E-05 9.9973E-05 9.9973E-05 0.874943 0.124758
0.0476266 0.103587 0.0377209 0.78506 0.0260058
0.000981966 0.0713455 0.00234834 0.857434 0.0678901
9.9982E-05 9.9982E-05 0.0333354 0.847353 0.119112
0.607238 0.123045 0.0914085 9.9991E-05 0.178209
0.163712 0.185333 0.132719 0.0572293 0.461007
0.160248 0.153835 0.220982 0.12959 0.335346
0.23071 0.121161 0.103436 9.9991E-05 0.544594
0.212613 0.0743656 9.9991E-05 0.121437 0.591484
0.334202 0.271786 0.102748 9.9991E-05 0.291163
0.634635 0.249496 9.9982E-05 0.115669 9.9982E-05
0.334891 0.0179034 0.0224706 0.0460355 0.578699
0.548473 0.132344 0.0924886 0.0748333 0.151861
0.24679 0.197849 0.0646442 0.054227 0.436489
0.510118 0.197681 0.0348257 0.157539 0.0998367
0.143009 9.9991E-05 0.10741 0.134168 0.615313
0.522388 0.154376 0.00146508 0.0871629 0.234608
0.318824 0.155306 0.113842 0.0399517 0.372076
0.129145 0.257304 0.0269334 0.0502997 0.536318
0.0947378 0.523374 0.0447391 0.0568801 0.280269
0.0592485 0.193801 0.024629 0.130482 0.59184
0.0251704 0.162097 0.0304269 0.158322 0.623984
0.116232 0.441603 9.9991E-05 0.0465578 0.395507
0.142341 0.175688 0.0584358 0.124736 0.498799
0.106148 0.19637 9.9991E-05 0.120244 0.577138
0.118135 0.754483 9.9982E-05 9.9982E-05 0.127182
9.9982E-05 0.669841 9.9982E-05 0.0183178 0.311641
0.120536 0.284997 9.9991E-05 0.0555415 0.538825
0.117598 0.621505 9.9991E-05 0.0492436 0.211554
0.188789 0.215347 0.000762991 0.0465806 0.548521
0.679278 0.172724 0.0328523 9.9991E-05 0.115045
0.309008 0.415802 0.00364494 9.9991E-05 0.271445
0.431478 0.0921522 0.131151 9.9991E-05 0.345119
0.208572 0.0621045 0.0972352 9.9991E-05 0.631988
0.52956 0.187796 0.0191049 9.9991E-05 0.26344
0.0932439 0.218915 0.141138 0.0393519 0.507351
0.152062 0.062191 0.13305 0.0608674 0.59183
0.36334 0.0443863 0.210938 9.9991E-05 0.381236
0.315048 0.0449131 0.0928992 9.9991E-05 0.54704
0.414383 0.0104268 0.0443944 0.0393649 0.491431
0.609657 0.0527705 0.0889748 9.9991E-05 0.248498
0.499669 0.0618779 0.133633 9.9991E-05 0.304721
0.209032 0.0801041 0.0952386 9.9991E-05 0.615525
0.144166 0.128552 0.126534 0.0406459 0.560101
0.261192 0.230396 0.0874179 0.0871356 0.333859
0.218397 0.16154 0.181692 9.9991E-05 0.438271
0.47284 0.00296205 0.105459 0.0710161 0.347722
0.293027 0.0206295 0.0527425 0.0014775 0.632124
0.251426 0.0690998 0.135558 0.00131235 0.542604
0.226025 0.015313 0.193126 0.134343 0.431194
0.021296 0.0335342 0.155788 0.303164 0.486217
9.9991E-05 0.0833091 0.241759 0.151816 0.523016
0.0875328 0.0417488 0.164463 0.201266 0.504989
9.9991E-05 0.0747028 0.170161 0.113181 0.641855
0.0404188 0.0840532 0.223362 0.190689 0.461477
0.147514 0.318039 0.07045 9.9991E-05 0.463898
0.0721112 9.9991E-05 0.188841 0.231202 0.507745
9.9982E-05 0.549384 0.180777 0.269639 9.9982E-05
0.100201 0.0838602 0.188017 0.0937844 0.534138
0.0717435 0.0656615 0.19339 0.135833 0.533372
0.118098 0.130269 0.267901 0.0614522 0.42228
0.108889 0.208037 0.142908 0.227929 0.312237
9.9991E-05 0.0737909 0.221899 0.237611 0.466598
0.0196979 0.058928 0.206855 0.117376 0.597143
9.9982E-05 0.267253 0.187003 0.545545 9.9982E-05
9.9991E-05 0.0762914 0.216147 0.178911 0.528551
9.9991E-05 0.13356 0.282986 0.170563 0.412791
0.102956 0.0490621 0.171874 0.167341 0.508767
0.0430459 0.00272362 0.236357 0.145283 0.572591
0.0333667 0.114991 0.192118 0.201655 0.457869
0.100096 0.318861 0.0729117 0.0122779 0.495854
0.0592474 0.228658 0.158799 0.0510394 0.502256
0.0861455 0.846738 0.0139392 9.9991E-05 0.0530777
0.0324608 0.833497 9.9991E-05 0.0175845 0.116357
0.0265715 0.316326 0.167821 0.0588552 0.430426
0.00841144 0.153678 0.290155 0.172457 0.375299
9.9991E-05 0.178292 0.39001 0.0706718 0.360926
0.036529 0.226054 0.346426 0.24097 0.150021
9.9991E-05 0.124894 0.325773 0.210421 0.338811
9.9991E-05 0.669526 0.134862 0.127334 0.068177
9.9991E-05 0.580114 0.122498 0.0978631 0.199424
0.0399196 0.218305 0.140032 0.00869764 0.593045
9.9991E-05 0.278519 0.105768 0.0737532 0.54186
0.0222782 0.516469 0.186212 0.097402 0.177639
0.0458195 0.279808 0.10893 0.098484 0.466958
9.9991E-05 0.280906 0.101335 0.0991607 0.518499
0.116817 0.142752 0.152879 0.0882654 0.499287
0.0969956 0.475333 9.9991E-05 0.0368886 0.390683
0.0891753 0.453143 0.096174 0.00302349 0.358484
9.9982E-05 0.309062 9.9982E-05 0.0871321 0.603606
0.120145 0.328152 0.105095 0.0622844 0.384324
0.110696 0.212122 0.0696942 0.0793613 0.528127
0.0393338 0.402728 0.0278764 0.023157 0.506905
0.110894 0.586504 0.0319305 9.9991E-05 0.270572
9.9982E-05 0.354649 0.0750363 9.9982E-05 0.570115
0.0556775 0.639834 0.0246464 9.9991E-05 0.279742
9.9991E-05 0.463063 0.00790402 0.075848 0.453085
0.0221071 0.228242 0.141493 0.130014 0.478144
0.0901615 0.307801 0.0096043 9.9991E-05 0.592333
9.9991E-05 0.182068 0.253859 0.185288 0.378684
0.216824 0.123204 0.160657 0.0830498 0.416265
0.0718861 0.0926628 0.298545 0.194796 0.34211
0.0848468 0.186713 0.239914 0.188745 0.299781
0.0960223 0.0754827 0.268009 0.211079 0.349407
0.0930183 0.111686 0.203366 0.201279 0.390652
9.9982E-05 0.586682 0.193197 0.219921 9.9982E-05
0.0474491 0.0119913 0.210641 0.0938205 0.636098
9.9982E-05 0.425911 0.124923 0.448966 9.9982E-05
9.9991E-05 0.126639 0.201003 0.0967852 0.575474
9.9973E-05 0.804286 9.9973E-05 9.9973E-05 0.195414
0.0636181 0.924247 9.9982E-05 9.9982E-05 0.0119352
0.00817138 0.436942 0.0280562 9.9991E-05 0.52673
9.9991E-05 0.218999 0.0518216 0.025535 0.703545
0.0369006 0.467106 9.9982E-05 9.9982E-05 0.495793
9.9982E-05 0.336064 0.031122 9.9982E-05 0.632614
9.9982E-05 0.393826 0.0466099 9.9982E-05 0.559364
0.0359212 0.0128172 0.0351942 0.832431 0.0836359
0.192294 0.00114835 0.117303 0.689154 9.9991E-05
0.0722515 9.9982E-05 0.0585002 0.869048 9.9982E-05
9.9973E-05 9.9973E-05 9.9973E-05 0.932756 0.0669437
0.121344 0.237291 0.0808659 0.0505799 0.50992
0.0654602 0.282346 0.0705135 0.0767908 0.50489
0.11103 0.223891 9.9991E-05 0.00137516 0.663604
0.118798 0.0814275 0.0317272 0.107648 0.6604
0.092437 0.105298 0.00400307 0.1268 0.671461
0.191814 0.438425 9.9991E-05 0.0280995 0.341562
0.0445508 0.144047 0.0529248 9.9991E-05 0.758378
0.00621774 0.51941 9.9991E-05 0.0150006 0.459272
0.083287 0.00471456 0.205621 0.284114 0.422263
0.111468 0.353088 0.0639615 9.9991E-05 0.471382
0.260972 0.219052 9.9982E-05 9.9982E-05 0.519776
0.0800293 0.236348 9.9982E-05 9.9982E-05 0.683423
0.136613 0.310851 9.9991E-05 0.0359777 0.516459
9.9982E-05 0.26012 9.9982E-05 0.0343772 0.705302
0.0281827 0.209039 9.9991E-05 0.0444334 0.718245
9.9973E-05 0.712266 9.9973E-05 9.9973E-05 0.287434
0.0720478 0.525792 9.9982E-05 9.9982E-05 0.40196
0.154425 0.419469 9.9982E-05 9.9982E-05 0.425906
9.9973E-05 0.911643 9.9973E-05 9.9973E-05 0.0880576
0.149569 0.287209 0.0301768 0.0137554 0.519291
0.0227966 0.690593 9.9982E-05 9.9982E-05 0.28641
0.0570914 0.883001 9.9982E-05 9.9982E-05 0.0597076
0.062997 0.227002 0.00018976 0.0561587 0.653653
0.15731 0.473646 9.9991E-05 0.00590687 0.363037
0.152794 0.189963 0.0310692 9.9991E-05 0.626074
0.0563297 0.0335317 0.0367728 0.188598 0.684768
0.175748 0.160922 9.9982E-05 9.9982E-05 0.66313
0.271276 0.316951 0.100581 9.9991E-05 0.311092
0.0743064 0.223151 9.9982E-05 9.9982E-05 0.702343
0.198815 0.281896 0.0243433 9.9991E-05 0.494846
0.0366269 0.458984 9.9991E-05 0.0222917 0.481997
0.107697 0.163316 9.9991E-05 0.117973 0.610914
0.324323 0.05049 9.9982E-05 0.624987 9.9982E-05
0.115648 0.0261048 9.9991E-05 0.785168 0.072979
0.168635 0.00797683 9.9982E-05 0.823188 9.9982E-05
0.166418 0.0104179 9.9982E-05 0.822964 9.9982E-05
0.261513 0.00143625 9.9982E-05 0.736851 9.9982E-05
0.27644 0.428897 9.9982E-05 9.9982E-05 0.294463
0.227257 0.478692 9.9991E-05 0.0355124 0.258439
9.9973E-05 0.682588 9.9973E-05 9.9973E-05 0.317113
0.0231143 0.247087 9.9991E-05 0.135225 0.594474
0.103546 0.0838262 0.0756808 0.178148 0.558798
0.0164487 0.488538 0.0260789 0.0670829 0.401852
0.0204286 0.253099 0.0888765 9.9991E-05 0.637495
9.9991E-05 0.362868 0.0644504 0.055414 0.517167
0.0203994 0.298528 0.0162779 0.0555944 0.6092
0.0222262 0.13306 0.047908 0.0522456 0.74456
0.15821 0.430733 9.9982E-05 9.9982E-05 0.410857
0.167051 0.317755 9.9982E-05 9.9982E-05 0.514994
0.202275 0.312555 9.9982E-05 9.9982E-05 0.48497
0.0468502 0.208432 9.9991E-05 0.113586 0.631031
0.147433 0.250087 9.9982E-05 9.9982E-05 0.60228
0.0706164 0.350271 9.9991E-05 0.000415105 0.578598
0.115379 9.9982E-05 0.517357 9.9982E-05 0.367064
0.0493808 9.9991E-05 0.487119 0.110062 0.353339
9.9982E-05 9.9982E-05 0.466752 0.135803 0.397245
9.9991E-05 0.0642618 0.508303 0.141074 0.286261
0.0169138 0.0711474 0.311518 0.177472 0.422949
0.00390294 0.281369 0.000318588 0.0764958 0.637914
9.9982E-05 0.066486 0.703778 0.229536 9.9982E-05
9.9991E-05 0.0116841 0.493292 0.167815 0.327109
9.9991E-05 0.195888 0.175917 0.162392 0.465703
0.0278934 0.15395 9.9991E-05 0.229853 0.588204
0.0560747 0.28085 0.0636513 0.159325 0.440099
0.139147 0.0913128 0.0502019 0.134602 0.584737
0.0576066 0.159995 9.9991E-05 0.0734705 0.708827
9.9982E-05 9.9982E-05 0.349069 0.246165 0.404565
0.0990057 0.0165649 0.427176 0.111651 0.345602
9.9982E-05 9.9982E-05 0.545561 0.0725213 0.381717
0.0910058 0.012019 0.277308 0.157104 0.462563
9.9991E-05 0.00164954 0.5755 0.147603 0.275148
0.0224043 9.9991E-05 0.268469 0.196168 0.512859
9.9991E-05 0.0695538 0.647415 0.122488 0.160443
9.9982E-05 9.9982E-05 0.366627 0.172394 0.460779
0.0146822 0.232376 0.0700004 0.124411 0.55853
0.0150766 0.0891302 0.333597 0.218568 0.343628
9.9982E-05 9.9982E-05 0.628511 0.223741 0.147548
0.0413135 0.141046 0.425552 0.145756 0.246332
0.265631 0.213661 9.9991E-05 0.208152 0.312455
0.13121 0.140547 0.147671 0.037722 0.54285
0.0598279 0.0862113 0.383201 0.144427 0.326333
0.11636 0.0838184 0.0353204 0.187118 0.577383
0.0239712 0.238971 0.0257387 0.220463 0.490856
0.0936368 0.125766 0.251804 0.176204 0.35259
9.9991E-05 0.0857495 0.26222 0.25772 0.394211
0.0513194 0.066485 0.096818 0.172688 0.61269
0.0556049 0.0475691 0.437273 0.087952 0.371601
9.9982E-05 9.9982E-05 0.502582 0.136808 0.36041
9.9982E-05 9.9982E-05 0.611355 0.232199 0.156245
0.0402729 0.13382 0.127908 0.146314 0.551685
0.129167 0.19069 9.9991E-05 0.139956 0.540087
9.9991E-05 0.58093 0.0564688 0.208812 0.15369
9.9991E-05 0.215776 0.0367573 0.131103 0.616263
0.33459 0.160527 0.0689107 0.0590843 0.376888
9.9991E-05 0.167985 0.214989 0.202618 0.414307
0.144214 0.0867787 0.102079 0.16301 0.503918
9.9982E-05 0.408963 0.220504 0.370334 9.9982E-05
9.9982E-05 0.477406 0.168466 0.353928 9.9982E-05
0.0293096 0.345402 0.16429 0.165358 0.29564
9.9982E-05 0.372925 0.246863 0.380012 9.9982E-05
9.9982E-05 0.292031 0.219432 0.488337 9.9982E-05
9.9991E-05 0.332598 0.190641 0.122324 0.354337
9.9991E-05 0.209927 0.221888 0.223552 0.344533
9.9991E-05 0.288806 0.235212 0.346983 0.128899
9.9991E-05 0.41109 0.235617 0.341265 0.0119283
0.0598829 0.125234 0.167683 0.148771 0.498429
9.9991E-05 0.449213 0.19858 0.22294 0.129167
9.9982E-05 0.398827 0.0990813 0.501891 9.9982E-05
0.187659 0.0837803 0.284964 0.0918569 0.35174
0.0426096 0.133842 0.295994 0.208059 0.319496
0.0977098 0.0179245 0.140488 0.30129 0.442588
9.9982E-05 9.9982E-05 0.307003 0.203107 0.48969
9.9991E-05 0.0902486 0.269592 0.133334 0.506725
0.0507003 0.0944867 0.301996 0.182892 0.369925
0.0289309 9.9991E-05 0.201607 0.377909 0.391454
0.00394885 9.9991E-05 0.185098 0.229363 0.58149
0.0369629 9.9991E-05 0.253189 0.250382 0.459365
0.0450068 0.120547 0.298852 0.203164 0.332431
0.0749336 0.25323 0.151496 0.190305 0.330035
0.17758 0.0480555 0.0988616 0.141191 0.534311
0.0534188 0.00161119 0.204308 0.201739 0.538923
0.0456163 0.172389 0.0566354 0.159443 0.565916
0.00103135 9.9991E-05 0.275066 0.337554 0.386249
0.00188069 0.00215219 0.14054 0.311877 0.54355
9.9991E-05 0.200148 0.243062 0.402234 0.154457
0.0283397 0.0635485 0.240913 0.213433 0.453765
9.9991E-05 0.166052 0.273205 0.351584 0.209059
0.0862693 0.102139 9.9982E-05 0.811392 9.9982E-05
0.821106 0.00905908 0.0454793 0.0289664 0.095389
0.981219 9.9973E-05 9.9973E-05 0.0184806 9.9973E-05
0.985366 9.9973E-05 9.9973E-05 0.014334 9.9973E-05
0.959808 9.9982E-05 0.0187909 9.9982E-05 0.0212011
0.941684 9.9973E-05 9.9973E-05 9.9973E-05 0.0580162
0.911983 9.9973E-05 9.9973E-05 9.9973E-05 0.0877169
0.977831 9.9973E-05 9.9973E-05 0.0218694 9.9973E-05
0.798398 9.9973E-05 9.9973E-05 0.201302 9.9973E-05
0.0237778 0.0141012 0.0177841 0.915613 0.028724
0.143338 9.9982E-05 9.9982E-05 0.802923 0.0535396
0.0196817 0.0299602 0.0280322 0.881805 0.040521
0.130164 9.9982E-05 9.9982E-05 0.838719 0.0309167
9.9982E-05 9.9982E-05 0.0218855 0.918781 0.0591333
0.0518645 0.0483171 9.9982E-05 0.899618 9.9982E-05
0.106936 9.9982E-05 0.152957 0.739908 9.9982E-05
0.0212659 9.9991E-05 0.0827957 0.856489 0.0393489
0.145458 9.9991E-05 0.0708899 0.741386 0.0421667
9.9982E-05 0.0133875 0.0448461 0.941566 9.9982E-05
0.0139111 0.00238145 9.9982E-05 0.983507 9.9982E-05
0.0136115 0.0660254 0.041741 0.821688 0.0569339
0.0642187 9.9991E-05 0.00161851 0.927376 0.00668641
0.0170447 9.9991E-05 0.0581867 0.898751 0.0259174
0.0244698 9.9991E-05 0.0582786 0.880688 0.0364639
9.9982E-05 9.9982E-05 0.0599562 0.832328 0.107516
9.9982E-05 9.9982E-05 0.0973693 0.800394 0.102036
9.9982E-05 9.9982E-05 0.0824298 0.797703 0.119667
9.9982E-05 9.9982E-05 0.0535163 0.823465 0.122819
0.0870808 0.250465 9.9991E-05 0.151369 0.510986
0.0206041 0.0867837 9.9991E-05 0.134718 0.757794
0.0535961 0.0999721 0.144176 0.0998671 0.602388
9.9991E-05 0.6926 0.00921258 0.105336 0.192752
0.137527 0.0470015 9.9991E-05 0.172678 0.642694
9.9991E-05 0.609396 0.0260487 0.240759 0.123697
9.9991E-05 0.190839 0.035282 0.148101 0.625678
0.213886 0.249942 9.9991E-05 0.06536 0.470712
0.0314177 0.18299 9.9991E-05 0.145089 0.640403
0.104052 0.256198 9.9991E-05 0.0106361 0.629014
0.165832 0.189979 9.9991E-05 0.107295 0.536795
9.9991E-05 0.204374 0.0226178 0.149593 0.623315
0.0401785 0.145952 0.0172283 0.196809 0.599833
0.480958 0.392474 0.102318 9.9991E-05 0.02415
9.9973E-05 0.873773 9.9973E-05 0.125927 9.9973E-05
0.0673788 0.588173 9.9991E-05 0.146317 0.198031
0.0340101 0.125606 0.102436 0.167731 0.570217
0.0571431 0.181432 0.00370713 0.165142 0.592576
0.0586074 0.191286 9.9991E-05 0.184319 0.565687
9.9991E-05 0.219313 0.0166919 0.123689 0.640206
9.9991E-05 0.0950643 0.287998 0.166774 0.450063
0.0763638 9.9991E-05 0.170509 0.152823 0.600204
0.203544 0.115533 0.171115 0.402038 0.10777
0.114828 0.0960845 0.0567332 0.0888398 0.643514
0.0981804 0.108356 0.130684 0.242155 0.420625
9.9982E-05 0.33531 0.166593 0.497897 9.9982E-05
9.9991E-05 0.112162 0.229995 0.291489 0.366253
0.0794986 0.0519235 0.199118 0.355989 0.313471
0.0824216 9.9991E-05 0.0982247 0.365444 0.45381
0.155224 9.9991E-05 0.282302 0.102592 0.459783
0.00995707 0.0700713 0.178835 0.226907 0.514229
0.0951049 0.0107301 0.101383 0.148404 0.644379
0.0253159 0.158852 0.199558 0.237363 0.378912
0.0030304 0.00629878 0.121794 0.506318 0.362559
