9.9964E-05 0.729227 0.0467142 9.9964E-05 0.145977 9.9964E-05 9.9964E-05 0.000524529 0.0248405 0.0523172
9.9946E-05 0.786019 9.9946E-05 0.0312298 0.172172 9.9946E-05 9.9946E-05 9.9946E-05 9.9946E-05 0.00997945
9.9973E-05 0.690051 0.0315782 9.9973E-05 0.0430566 0.0715989 9.9973E-05 0.0415781 0.0893489 0.0324889
9.9973E-05 0.730937 0.0381002 9.9973E-05 0.0436498 0.0389775 0.0281041 9.9973E-05 0.04737 0.0725617
9.9973E-05 0.757167 0.00610679 0.015161 0.118719 0.0571892 9.9973E-05 9.9973E-05 0.0373424 0.00801472
0.0526958 9.9964E-05 9.9964E-05 9.9964E-05 0.858799 0.0237121 9.9964E-05 0.0336204 0.00681853 0.0239544
9.99201E-05 9.99201E-05 9.99201E-05 9.99201E-05 0.999101 9.99201E-05 9.99201E-05 9.99201E-05 9.99201E-05 9.99201E-05
9.9946E-05 0.0188428 9.9946E-05 9.9946E-05 0.915688 9.9946E-05 0.0345182 9.9946E-05 9.9946E-05 0.0303514
9.99549E-05 0.653427 0.0889742 9.99549E-05 0.134149 9.99549E-05 9.99549E-05 0.0561911 9.99549E-05 0.0667591
9.9928E-05 9.9928E-05 9.9928E-05 9.9928E-05 0.941453 0.0577474 9.9928E-05 9.9928E-05 9.9928E-05 9.9928E-05
0.0263455 0.0800812 9.9946E-05 9.9946E-05 0.877129 9.9946E-05 9.9946E-05 9.9946E-05 9.9946E-05 0.0158449
0.0139902 9.9964E-05 9.9964E-05 9.9964E-05 0.0335981 0.166748 0.707594 0.0142724 0.0633965 9.9964E-05
0.0308635 0.0130371 9.9973E-05 0.00584782 9.9973E-05 0.472986 0.351363 9.9973E-05 0.0321102 0.0934928
9.9973E-05 0.0272104 0.0432244 0.118048 9.9973E-05 0.15359 0.597807 9.9973E-05 0.0575132 0.00230662
9.9955E-05 0.0297688 0.0113027 9.9955E-05 9.9955E-05 0.135167 0.627638 9.9955E-05 0.195624 9.9955E-05
0.0691872 0.0542513 9.9973E-05 9.9973E-05 0.104015 0.350684 0.314318 0.0470817 0.0601631 9.9973E-05
0.0421229 9.9964E-05 9.9964E-05 0.0955492 0.119853 0.517329 0.195457 9.9964E-05 0.0292893 9.9964E-05
0.150198 9.9964E-05 0.0143859 9.9964E-05 9.9964E-05 0.285424 0.291744 0.153207 0.104641 9.9964E-05
9.9955E-05 0.0789937 9.9955E-05 9.9955E-05 9.9955E-05 0.164526 0.563687 0.0588228 0.13347 9.9955E-05
0.0252827 0.0375409 9.9955E-05 9.9955E-05 0.0319568 9.9955E-05 0.902782 9.9955E-05 0.00193826 9.9955E-05
0.0276948 9.9973E-05 9.9973E-05 0.0930212 9.9973E-05 0.288705 0.389558 0.0621764 0.124531 0.0140135
0.16191 9.9973E-05 0.063185 0.0375088 9.9973E-05 0.364227 0.253343 9.9973E-05 0.0610392 0.0584871
0.0644503 0.103843 9.9964E-05 9.9964E-05 9.9964E-05 0.505862 0.269496 0.0206079 9.9964E-05 0.0353409
0.00900587 9.9964E-05 9.9964E-05 9.9964E-05 0.00512431 0.113316 0.617796 0.0822168 0.172142 9.9964E-05
9.9964E-05 0.103858 0.054477 9.9964E-05 9.9964E-05 0.552004 0.194646 9.9964E-05 0.0835113 0.0111039
9.9946E-05 9.9946E-05 0.0495987 9.9946E-05 9.9946E-05 0.432809 0.452753 9.9946E-05 0.0642396 9.9946E-05
0.0585405 9.9946E-05 9.9946E-05 9.9946E-05 0.0300781 9.9946E-05 0.773268 9.9946E-05 0.137514 9.9946E-05
9.9937E-05 9.9937E-05 9.9937E-05 9.9937E-05 0.0411283 9.9937E-05 0.731985 9.9937E-05 0.226187 9.9937E-05
0.0350529 9.9964E-05 0.0274499 0.0917374 9.9964E-05 0.100229 0.7148 9.9964E-05 0.030331 9.9964E-05
9.9946E-05 0.822968 9.9946E-05 9.9946E-05 9.9946E-05 0.0379868 0.0273343 9.9946E-05 0.111111 9.9946E-05
9.9946E-05 0.834569 9.9946E-05 9.9946E-05 9.9946E-05 0.0728089 0.0408703 9.9946E-05 0.0511524 9.9946E-05
9.9946E-05 0.779254 9.9946E-05 9.9946E-05 9.9946E-05 0.12851 9.9946E-05 0.0557576 0.0358778 9.9946E-05
9.9964E-05 0.67176 0.0394095 9.9964E-05 0.052174 0.086927 9.9964E-05 0.0950314 0.0542978 9.9964E-05
0.142883 0.038092 9.9964E-05 0.0185698 9.9964E-05 0.540586 9.9964E-05 0.189856 9.9964E-05 0.0696137
9.9973E-05 0.0201672 0.0159509 9.9973E-05 0.0178177 0.420117 0.128629 0.317143 0.0798751 9.9973E-05
0.0714341 0.0182645 0.0117949 9.9973E-05 9.9973E-05 0.525365 0.00585371 0.349986 0.0170025 9.9973E-05
0.0143254 0.058522 9.9982E-05 9.9982E-05 0.0170343 0.0245922 0.671672 0.0176365 0.0562767 0.139741
9.9955E-05 9.9955E-05 0.0729768 0.047654 9.9955E-05 0.312017 9.9955E-05 0.561396 0.00545576 9.9955E-05
9.9964E-05 0.00721511 0.0311436 9.9964E-05 9.9964E-05 0.499432 0.254191 0.176553 9.9964E-05 0.0310655
0.0724734 0.0443677 9.9973E-05 9.9973E-05 0.0311408 0.659795 9.9973E-05 0.148716 0.0105965 0.0326108
0.271176 0.0567057 9.99624E-05 9.99624E-05 0.0948783 0.527778 9.99624E-05 0.0489622 9.99624E-05 9.99624E-05
0.0510796 0.0892528 9.9973E-05 9.9973E-05 9.9973E-05 0.524491 0.0888576 0.160924 0.0309652 0.0541299
9.9964E-05 0.0107104 0.0436481 9.9964E-05 0.0269774 0.063277 0.2175 0.637487 9.9964E-05 9.9964E-05
0.319175 9.9964E-05 9.9964E-05 9.9964E-05 0.026149 0.479991 0.0638033 9.9964E-05 0.0799027 0.0305787
0.0585329 0.00995137 0.0766795 9.9973E-05 0.0648473 0.503386 9.9973E-05 0.210293 0.0760097 9.9973E-05
0.0480035 0.0359477 0.0391071 0.0277603 9.9982E-05 0.403135 9.9982E-05 0.133996 0.166785 0.145066
9.9946E-05 9.9946E-05 0.00349354 0.0566258 9.9946E-05 0.298155 9.9946E-05 0.641126 9.9946E-05 9.9946E-05
9.9964E-05 0.0725478 9.9964E-05 0.011018 9.9964E-05 0.539001 9.9964E-05 0.290455 0.0268379 0.0597411
0.0220583 0.0649421 0.0342985 0.0436063 9.9982E-05 0.396037 0.0342172 0.28113 0.12351 9.9982E-05
9.9955E-05 0.0176555 0.211972 0.0744257 9.9955E-05 9.9955E-05 0.0327087 0.662738 9.9955E-05 9.9955E-05
0.0865013 9.9973E-05 0.0341302 9.9973E-05 9.9973E-05 0.0883171 0.434574 0.198627 0.000915992 0.156635
0.224145 9.9973E-05 0.189547 0.0768231 0.00197476 0.043546 0.348472 0.115192 9.9973E-05 9.9973E-05
9.9982E-05 0.0104898 0.0387838 0.0166091 9.9982E-05 0.611085 0.0673874 0.0752623 0.0387227 0.14146
0.0281521 9.9982E-05 0.0426069 0.0977628 0.0679724 0.473045 0.128584 0.0291069 0.13257 9.9982E-05
9.9973E-05 9.9973E-05 0.0567462 0.147593 0.0471614 0.567941 0.112409 9.9973E-05 0.0368247 0.0310245
9.9982E-05 0.0692577 0.0934729 0.0205304 0.0178232 0.152867 0.271363 0.191196 9.9982E-05 0.183291
0.0256729 0.0265927 9.9964E-05 0.0472825 9.9964E-05 0.568605 0.298072 9.9964E-05 9.9964E-05 0.0333758
0.128745 9.9982E-05 0.0852468 0.0435633 0.0308459 0.495033 0.146888 0.000211146 0.0692665 9.9982E-05
0.06522 0.0348614 0.00519319 0.0343603 0.126245 0.279033 0.229307 0.167651 0.0302092 0.0279202
0.000443377 0.12511 0.149975 9.9991E-05 0.0620974 0.0325564 0.49143 0.0799902 0.00540462 0.0528924
0.0658819 0.0476837 0.0237632 9.9973E-05 9.9973E-05 0.517636 0.170982 0.150869 9.9973E-05 0.0228839
9.999E-05 0.00505733 0.0616259 0.0361141 0.103953 0.363842 0.338321 0.0368094 0.013826 0.0403517
0.0418161 0.000168694 0.0791102 0.0202944 0.0420874 9.9982E-05 0.67111 0.0936341 9.9982E-05 0.0515786
9.9964E-05 9.9964E-05 0.0229287 0.0341696 0.000454996 0.529582 0.384482 9.9964E-05 9.9964E-05 0.0279832
0.0183167 9.9982E-05 0.122041 0.0268348 0.0211547 0.605429 0.0793992 0.0934362 9.9982E-05 0.0331882
0.0467097 0.0841037 0.0115807 0.0908662 9.9982E-05 0.423776 0.189233 0.0399604 0.11357 9.9982E-05
9.9973E-05 9.9973E-05 0.0639668 0.026932 0.0286865 0.213396 0.469654 0.133979 0.0630857 9.9973E-05
9.9973E-05 9.9973E-05 0.0359138 0.0321562 0.135369 0.463278 0.291824 0.0392346 0.00192408 9.9973E-05
9.9964E-05 9.9964E-05 0.0980588 0.0590876 0.0218042 0.600588 0.0800426 9.9964E-05 9.9964E-05 0.140019
0.0582568 0.0690971 0.0160123 0.0442177 9.9973E-05 0.129847 0.636038 0.0462315 9.9973E-05 9.9973E-05
9.9946E-05 9.9946E-05 9.9946E-05 9.9946E-05 9.9946E-05 0.521087 0.0259168 0.414929 9.9946E-05 0.0374675
9.9955E-05 0.0116591 9.9955E-05 9.9955E-05 9.9955E-05 0.158727 0.173929 0.652741 0.00244424 9.9955E-05
0.0128085 0.0742841 0.0813378 9.9982E-05 0.0198566 0.559077 0.141901 0.0994733 0.0110621 9.9982E-05
0.0436729 9.9946E-05 0.0727547 0.00266371 9.9946E-05 9.9946E-05 9.9946E-05 0.880309 9.9946E-05 9.9946E-05
0.043598 9.9964E-05 9.9964E-05 0.0882474 0.00624895 9.9964E-05 0.0943348 0.759698 9.9964E-05 0.00747279
9.99371E-05 9.99371E-05 9.99371E-05 9.99371E-05 0.00502313 0.267155 9.99371E-05 0.727123 9.99371E-05 9.99371E-05
0.00254109 9.9955E-05 9.9955E-05 9.9955E-05 9.9955E-05 0.463416 0.130542 0.341722 9.9955E-05 0.0612791
9.9982E-05 0.0190674 0.112232 0.020758 0.0398483 0.607235 9.9982E-05 0.093699 0.0103066 0.0966542
9.9955E-05 9.9955E-05 0.036583 9.9955E-05 9.9955E-05 0.390415 9.9955E-05 0.476703 0.0444024 0.0513968
9.9964E-05 9.9964E-05 9.9964E-05 9.9964E-05 0.037102 0.0546279 0.220778 0.56385 0.0938981 0.0293441
9.9955E-05 9.9955E-05 9.9955E-05 9.9955E-05 0.0641095 0.175218 0.140057 0.434754 9.9955E-05 0.185361
0.0456729 0.0429532 9.9991E-05 0.059544 0.0781905 0.481861 0.0777791 0.135573 0.0369937 0.0413318
0.0092353 9.9964E-05 9.9964E-05 9.9964E-05 0.0683264 0.242164 0.129634 0.516372 0.0338687 9.9964E-05
0.0034744 9.9955E-05 9.9955E-05 9.9955E-05 9.9955E-05 0.384633 0.0955296 0.478462 0.0374003 9.9955E-05
0.0843486 9.9946E-05 9.9946E-05 0.0369589 9.9946E-05 0.362103 9.9946E-05 0.51599 9.9946E-05 9.9946E-05
0.152904 9.9973E-05 0.0385051 0.140797 0.00098324 9.9973E-05 0.0294117 0.629083 0.00801709 9.9973E-05
9.9955E-05 9.9955E-05 0.0331864 9.9955E-05 9.9955E-05 0.594054 9.9955E-05 0.333273 0.0156744 0.0233129
9.9964E-05 0.697836 9.9964E-05 9.9964E-05 0.152808 0.0999779 0.038455 9.9964E-05 0.00379083 0.00673223
9.99371E-05 0.898962 9.99371E-05 9.99371E-05 0.0203375 0.0800007 9.99371E-05 9.99371E-05 9.99371E-05 9.99371E-05
9.9946E-05 0.854773 9.9946E-05 9.9946E-05 9.9946E-05 0.0789121 9.9946E-05 9.9946E-05 0.0481235 0.017592
9.9955E-05 0.858398 0.0522828 9.9955E-05 9.9955E-05 0.025692 9.9955E-05 0.0349358 0.0281919 9.9955E-05
9.9946E-05 0.773432 0.0340491 9.9946E-05 0.105502 0.0864171 9.9946E-05 9.9946E-05 9.9946E-05 9.9946E-05
9.9973E-05 0.850024 0.0159067 0.0172093 9.9973E-05 0.0166301 9.9973E-05 0.0316731 0.0677562 0.00050027
9.99461E-05 0.819133 0.042518 9.99461E-05 0.10866 0.0290896 9.99461E-05 9.99461E-05 9.99461E-05 9.99461E-05
0.0244245 0.013296 9.9982E-05 9.9982E-05 0.051482 0.358532 0.0576251 0.203582 0.208142 0.082716
0.0255937 0.0303704 9.9973E-05 9.9973E-05 0.0643786 0.511378 0.251101 0.0775993 0.0392788 9.9973E-05
9.9955E-05 0.0423718 9.9955E-05 0.0626166 9.9955E-05 0.0236187 0.157269 0.713624 9.9955E-05 9.9955E-05
0.0318986 0.0860364 9.9982E-05 0.0475201 0.0213133 0.449141 0.063194 0.247913 0.0527836 9.9982E-05
9.9964E-05 0.0289994 9.9964E-05 9.9964E-05 0.0237234 0.370151 0.088633 0.454591 9.9964E-05 0.0335029
0.00704123 0.0423083 9.9982E-05 0.0807329 9.9982E-05 0.509443 0.00236369 0.306253 0.0216459 0.0300128
0.112919 0.0246323 9.9964E-05 0.03967 9.9964E-05 0.492964 9.9964E-05 0.319606 9.9964E-05 0.00980898
9.9955E-05 9.9955E-05 9.9955E-05 0.0432869 0.0236779 0.437181 9.9955E-05 0.4443 0.0510539 9.9955E-05
9.9964E-05 0.00436534 9.9964E-05 0.0137969 0.0514981 9.9964E-05 0.285915 0.596552 9.9964E-05 0.0474732
9.9973E-05 0.130498 0.0152618 0.0707882 9.9973E-05 0.615224 0.0405537 0.0773534 9.9973E-05 0.0500207
0.00442102 0.026722 0.0130663 0.0176559 9.9973E-05 0.640704 0.0846761 0.212455 9.9973E-05 9.9973E-05
9.9973E-05 0.0592081 9.9973E-05 0.0228757 0.045733 0.319479 0.131445 0.216141 0.204818 9.9973E-05
0.0370236 0.0262063 0.0247794 0.0752141 9.9973E-05 0.242775 0.077129 0.516573 9.9973E-05 9.9973E-05
9.9955E-05 9.9955E-05 9.9955E-05 0.0542309 0.0420646 0.470893 9.9955E-05 0.408767 0.0235446 9.9955E-05
0.0189982 9.9955E-05 9.9955E-05 9.9955E-05 9.9955E-05 0.395766 0.249425 0.30771 0.0276019 9.9955E-05
9.9946E-05 9.9946E-05 9.9946E-05 9.9946E-05 0.0351071 0.274472 9.9946E-05 0.601152 0.0886688 9.9946E-05
9.9955E-05 0.00235523 9.9955E-05 9.9955E-05 0.0322675 0.413545 9.9955E-05 0.475672 9.9955E-05 0.0756605
9.9964E-05 0.159384 9.9964E-05 9.9964E-05 9.9964E-05 0.460324 0.0213191 0.275139 0.0110499 0.0723838
9.9964E-05 0.0334413 0.140005 0.134245 9.9964E-05 0.190547 0.433164 9.9964E-05 9.9964E-05 0.068199
0.0671504 0.089582 9.9973E-05 9.9973E-05 0.0101462 0.316085 0.300109 9.9973E-05 0.0942938 0.122334
0.01674 0.137321 9.9973E-05 9.9973E-05 9.9973E-05 0.544916 0.0976177 0.0933053 0.0619285 0.047872
0.134711 0.0329959 0.0224979 0.00309828 9.9991E-05 0.584745 0.0883706 0.0540212 0.0622705 0.0171896
9.9946E-05 9.9946E-05 9.9946E-05 9.9946E-05 0.102347 0.452127 0.385876 9.9946E-05 9.9946E-05 0.0590509
0.00754286 0.0176746 0.023738 9.9982E-05 0.0455261 0.525415 0.234154 9.9982E-05 0.0606906 0.0850592
9.9955E-05 0.0660684 9.9955E-05 0.0852496 9.9955E-05 0.440833 0.296559 9.9955E-05 9.9955E-05 0.110791
0.00763477 0.0532537 0.0767856 0.0262865 9.9982E-05 0.472594 0.103333 0.137957 9.9982E-05 0.121956
0.15128 9.9964E-05 0.0162202 9.9964E-05 9.9964E-05 0.567247 0.0516006 9.9964E-05 0.0828771 0.130375
0.0561492 0.0596035 9.9964E-05 9.9964E-05 9.9964E-05 0.57903 0.212789 0.0560747 9.9964E-05 0.0359532
0.0388825 9.9964E-05 0.0187587 0.0285975 9.9964E-05 0.456174 0.356993 9.9964E-05 9.9964E-05 0.100194
0.174793 9.9982E-05 0.0177761 0.0382187 9.9982E-05 0.577183 0.0152837 0.0113985 0.0347607 0.130386
9.9973E-05 0.0143118 0.0364866 0.0629003 0.108669 0.589298 9.9973E-05 0.0817148 9.9973E-05 0.10632
9.9964E-05 9.9964E-05 9.9964E-05 0.0264798 9.9964E-05 0.534473 0.308752 0.0280755 0.0547521 0.0470678
0.0988326 9.9982E-05 0.0516941 0.101588 0.0260489 0.474993 9.9982E-05 0.0216188 0.0687285 0.156297
9.9964E-05 9.9964E-05 9.9964E-05 0.070011 9.9964E-05 0.4847 0.139322 0.0400682 0.0884193 0.17708
0.157329 0.0622367 0.0923022 9.9964E-05 9.9964E-05 0.357673 0.275564 9.9964E-05 9.9964E-05 0.054496
0.00859352 0.00982516 0.0656367 9.9973E-05 0.00895335 0.662302 0.199981 9.9973E-05 9.9973E-05 0.044409
9.9973E-05 0.00396557 0.00185539 0.112243 0.0206842 0.627915 0.128901 9.9973E-05 9.9973E-05 0.104136
9.9982E-05 0.019018 9.9982E-05 0.0975177 0.0179639 0.180475 0.372224 0.128851 0.0602823 0.123467
0.133325 9.9982E-05 0.105924 0.213532 9.9982E-05 0.0425226 0.360916 0.0406358 0.0324632 0.0704811
0.0124623 0.0281921 0.023234 9.9982E-05 0.000945808 0.509481 0.210749 0.112492 9.9982E-05 0.102244
0.047146 9.9982E-05 0.077122 0.253503 9.9982E-05 0.101283 0.24074 0.0678647 0.0078468 0.204295
0.101997 0.0498116 9.9973E-05 0.0359655 9.9973E-05 0.189415 0.531935 0.0321184 9.9973E-05 0.0584567
0.0731278 9.9964E-05 9.9964E-05 0.00842685 9.9964E-05 0.313912 0.412141 0.074202 9.9964E-05 0.117791
9.9964E-05 0.0188275 9.9964E-05 0.0810133 9.9964E-05 0.22766 0.576249 0.0435595 9.9964E-05 0.0522906
0.0243251 0.0548746 9.9982E-05 0.0235164 9.9982E-05 0.162927 0.486415 0.11339 0.0358118 0.0985394
0.0921077 0.0750969 9.9973E-05 9.9973E-05 0.0338783 0.525691 0.198024 0.0466238 0.0282782 9.9973E-05
0.120894 9.9982E-05 0.0564772 0.00914452 0.0344691 0.49497 0.0447949 9.9982E-05 0.0821167 0.156934
9.9973E-05 0.0053442 9.9973E-05 0.0352505 0.0190915 0.411673 0.319232 9.9973E-05 0.0912658 0.117843
0.0884795 9.9982E-05 0.068769 0.0377526 9.9982E-05 0.0851173 0.428917 0.122432 0.0559994 0.112332
0.159178 0.153385 0.0127696 0.0403935 0.0343565 0.525177 9.9982E-05 0.0190039 9.9982E-05 0.0555365
0.318084 9.9973E-05 0.057705 0.0106419 9.9973E-05 0.394093 9.9973E-05 0.0965133 0.0975179 0.025145
0.343562 0.0787001 0.156437 0.160678 9.9973E-05 9.9973E-05 0.100152 0.110609 9.9973E-05 0.0495624
0.0725311 0.0365869 0.11027 9.9964E-05 9.9964E-05 0.648041 9.9964E-05 0.118076 9.9964E-05 0.0140952
0.138695 9.9991E-05 0.188197 0.0126146 0.00164462 0.332007 0.0422725 0.220863 0.00720925 0.0563972
0.0119928 0.0584992 0.139783 0.0347807 9.9982E-05 0.444879 0.154802 0.0677867 0.0872772 9.9982E-05
0.169231 9.9982E-05 0.245914 0.0154726 0.0132966 0.233039 0.0706114 0.143064 9.9982E-05 0.109171
0.454857 0.0369034 0.0219188 0.0873174 0.0196966 0.123876 0.159359 9.9982E-05 9.9982E-05 0.095871
0.204289 0.0292362 0.00924102 0.132555 9.9982E-05 0.400363 0.0568305 0.0971099 9.9982E-05 0.0701752
0.121029 0.0749398 0.0690888 0.0767526 0.0478524 0.441892 0.108298 0.0410983 9.9991E-05 0.0189484
0.122689 0.108076 0.0911325 9.9982E-05 9.9982E-05 0.384198 0.161534 0.0896894 0.0216692 0.0208113
0.199303 9.9982E-05 0.207633 0.0929067 0.0295751 9.9982E-05 0.196863 0.173569 0.0884479 0.0115019
0.0838776 9.9982E-05 0.0405501 0.0183716 0.0680959 0.560512 0.201182 0.0179513 0.00925925 9.9982E-05
0.241137 9.9973E-05 0.0461704 0.0163353 9.9973E-05 0.333753 0.142797 0.20694 9.9973E-05 0.0125666
0.204919 9.9982E-05 0.0257828 0.102385 0.0108601 0.408106 0.132916 0.0902213 9.9982E-05 0.0246091
0.0886274 0.0343157 0.0767808 0.0999068 0.00232161 0.598474 0.0494778 0.0100223 0.0399736 9.9991E-05
0.205391 0.228745 0.146897 9.9973E-05 0.0671434 0.0884452 0.0380373 9.9973E-05 0.225041 9.9973E-05
0.0695454 0.310611 0.416942 9.9955E-05 0.116084 9.9955E-05 9.9955E-05 9.9955E-05 0.0863178 9.9955E-05
0.0328282 0.146389 0.513313 0.083128 0.161493 9.9964E-05 9.9964E-05 9.9964E-05 0.0624495 9.9964E-05
0.0219479 0.214275 0.277366 9.9973E-05 0.125556 0.0820444 9.9973E-05 9.9973E-05 0.255283 0.0232289
0.311638 9.9955E-05 9.9955E-05 0.0494924 0.0464578 0.548254 9.9955E-05 0.0436578 9.9955E-05 9.9955E-05
0.104002 9.9982E-05 0.0791444 0.0730311 0.0502879 0.468705 0.0616909 9.9982E-05 0.0564825 0.106456
9.9946E-05 9.9946E-05 0.000856232 9.9946E-05 9.9946E-05 0.374307 0.000369218 9.9946E-05 0.623868 9.9946E-05
9.9964E-05 9.9964E-05 9.9964E-05 0.0100676 9.9964E-05 0.339788 0.0968007 0.0328824 0.441021 0.0790404
0.067149 0.00171402 9.9991E-05 0.0229702 0.0173395 0.387434 0.0313711 0.0835126 0.364448 0.0239619
0.415886 9.9955E-05 9.9955E-05 0.188375 0.0652892 0.278571 0.0513788 9.9955E-05 9.9955E-05 9.9955E-05
0.11273 9.9991E-05 0.0102887 0.154298 0.00146983 0.497591 0.0679995 0.0295049 0.00853331 0.117485
0.560631 9.9964E-05 0.0558969 0.147024 9.9964E-05 0.130011 0.102528 9.9964E-05 0.00350972 9.9964E-05
0.192817 9.9973E-05 0.0297814 0.0816309 9.9973E-05 0.564075 0.00227092 0.111039 9.9973E-05 0.0180868
0.299246 0.0387129 0.0284952 0.161971 0.0389219 0.290973 0.0470134 0.081748 9.9991E-05 0.0128188
0.30779 9.9991E-05 0.0221536 0.0577457 0.0563291 0.48038 0.00612708 0.0220786 0.0102818 0.0370145
0.527065 9.9973E-05 0.0655133 0.137601 9.9973E-05 0.098352 0.0950638 0.0475584 9.9973E-05 0.0285457
0.239777 0.0107762 9.9955E-05 9.9955E-05 9.9955E-05 0.537567 9.9955E-05 0.126822 0.0845582 9.9955E-05
0.233882 9.9982E-05 0.0628551 0.0589596 0.0463948 0.410297 0.0175391 0.0915293 0.0783436 9.9982E-05
0.00431996 9.9955E-05 9.9955E-05 9.9955E-05 9.9955E-05 0.00601942 0.025705 0.00202639 0.961429 9.9955E-05
0.0352176 9.9946E-05 9.9946E-05 0.0265713 9.9946E-05 9.9946E-05 9.9946E-05 9.9946E-05 0.933514 0.00409705
0.0646652 0.0400447 9.9973E-05 0.0332478 9.9973E-05 0.352552 0.0173121 0.0293864 0.462492 9.9973E-05
9.99697E-05 0.00422799 9.99697E-05 0.0409571 0.0215699 0.252579 9.99697E-05 9.99697E-05 0.658849 0.0214175
0.0802321 9.9955E-05 9.9955E-05 9.9955E-05 9.9955E-05 0.0919495 9.9955E-05 0.0468916 0.772664 0.00776291
9.9928E-05 9.9928E-05 0.00855409 9.9928E-05 9.9928E-05 9.9928E-05 9.9928E-05 9.9928E-05 0.990646 9.9928E-05
9.9937E-05 9.9937E-05 9.9937E-05 9.9937E-05 0.0135028 9.9937E-05 9.9937E-05 9.9937E-05 0.955862 0.0299357
9.9928E-05 9.9928E-05 9.9928E-05 9.9928E-05 9.9928E-05 0.2004 9.9928E-05 9.9928E-05 0.798801 9.9928E-05
9.9928E-05 9.9928E-05 9.9928E-05 9.9928E-05 9.9928E-05 9.9928E-05 0.0524233 9.9928E-05 0.946777 9.9928E-05
9.99201E-05 9.99201E-05 9.99201E-05 9.99201E-05 9.99201E-05 9.99201E-05 9.99201E-05 9.99201E-05 0.999101 9.99201E-05
9.99201E-05 9.99201E-05 9.99201E-05 9.99201E-05 9.99201E-05 9.99201E-05 9.99201E-05 9.99201E-05 0.999101 9.99201E-05
0.0906747 0.000539193 9.9964E-05 0.017834 9.9964E-05 0.0970191 0.0492417 9.9964E-05 0.744291 9.9964E-05
9.9955E-05 9.9955E-05 0.0469773 9.9955E-05 0.0469063 0.0709781 9.9955E-05 9.9955E-05 0.792747 0.0418912
9.9928E-05 9.9928E-05 9.9928E-05 9.9928E-05 9.9928E-05 9.9928E-05 9.9928E-05 0.0264796 0.972721 9.9928E-05
0.0469826 0.0801518 9.9973E-05 9.9973E-05 9.9973E-05 0.258129 0.00731359 0.0889993 0.45581 0.0623137
9.9982E-05 0.0194917 0.0485411 0.0244996 9.9982E-05 0.190532 0.0936177 0.00135201 0.584223 0.0375433
9.9964E-05 9.9964E-05 0.0562369 9.9964E-05 0.0118079 0.148436 9.9964E-05 0.0366857 0.727498 0.0189354
9.9973E-05 0.00708518 0.0268372 9.9973E-05 9.9973E-05 0.0559564 0.0110982 0.0282732 0.866676 0.00377429
9.9937E-05 9.9937E-05 0.0431349 9.9937E-05 9.9937E-05 9.9937E-05 9.9937E-05 9.9937E-05 0.944953 0.0112124
9.9955E-05 0.0191529 0.0210048 9.9955E-05 0.0687742 0.109231 9.9955E-05 9.9955E-05 0.781338 9.9955E-05
9.9928E-05 9.9928E-05 9.9928E-05 9.9928E-05 0.0353722 9.9928E-05 9.9928E-05 9.9928E-05 0.963828 9.9928E-05
9.9955E-05 9.9955E-05 9.9955E-05 0.0355923 0.0547963 0.227333 9.9955E-05 9.9955E-05 0.627827 0.0539511
9.9946E-05 9.9946E-05 9.9946E-05 0.00909733 0.0335784 9.9946E-05 0.0544919 9.9946E-05 0.902233 9.9946E-05
0.483219 0.255152 0.214799 0.0462306 9.9946E-05 9.9946E-05 9.9946E-05 9.9946E-05 9.9946E-05 9.9946E-05
0.294839 0.154291 0.0263582 0.0422355 9.9973E-05 0.28391 9.9973E-05 9.9973E-05 0.0434703 0.154596
0.253816 0.121132 0.0584476 9.9973E-05 0.0900252 0.350851 9.9973E-05 0.0660354 0.0593923 9.9973E-05
0.39995 0.107172 0.171472 9.9982E-05 0.00494323 0.109996 9.9982E-05 0.0370386 0.101221 0.0680069
0.179241 0.0294687 0.0416035 9.9982E-05 0.0870971 0.422789 0.0959989 9.9982E-05 0.135333 0.00826947
0.380243 0.122659 0.11674 9.9982E-05 0.0793925 0.0445579 0.0468428 0.0946371 0.114728 9.9982E-05
0.126696 0.0605434 0.0486352 0.0965862 0.175122 0.333692 0.0167781 0.0866161 0.0334409 0.021891
0.39713 9.9964E-05 0.0908095 0.0229564 0.111885 0.256444 9.9964E-05 9.9964E-05 0.120375 9.9964E-05
0.22646 0.117302 0.0425707 0.0114958 0.0738526 0.470296 9.9982E-05 9.9982E-05 0.0322946 0.0255292
0.285724 0.0702251 0.169889 9.9964E-05 0.0231285 0.303165 9.9964E-05 9.9964E-05 0.147469 9.9964E-05
0.157737 0.0909344 0.0471064 9.9991E-05 0.12831 0.415488 0.0445793 0.0451245 0.0244657 0.046155
0.115831 0.800525 9.9964E-05 0.0076567 0.0245943 0.0215327 9.9964E-05 9.9964E-05 9.9964E-05 0.0294609
9.9946E-05 0.888831 0.00648793 0.0494146 9.9946E-05 9.9946E-05 9.9946E-05 9.9946E-05 0.0546668 9.9946E-05
0.0276698 0.952301 0.00776865 9.9946E-05 9.9946E-05 9.9946E-05 0.0116605 9.9946E-05 9.9946E-05 9.9946E-05
9.9937E-05 0.946698 9.9937E-05 9.9937E-05 9.9937E-05 0.00461601 9.9937E-05 9.9937E-05 9.9937E-05 0.0479861
9.9973E-05 0.814932 0.0729008 9.9973E-05 0.0378026 0.0359334 0.0120168 9.9973E-05 0.00562593 0.0204886
9.9955E-05 0.795995 0.102853 0.0370425 0.0343777 9.9955E-05 9.9955E-05 9.9955E-05 0.0292321 9.9955E-05
9.9946E-05 0.684905 9.9946E-05 9.9946E-05 0.225242 0.0160419 9.9946E-05 9.9946E-05 0.0732112 9.9946E-05
9.9964E-05 0.757778 0.125312 0.00934273 0.0804804 0.00427241 9.9964E-05 9.9964E-05 0.0224145 9.9964E-05
9.9955E-05 0.809919 0.0541264 9.9955E-05 0.0857028 0.0049924 9.9955E-05 0.0447601 9.9955E-05 9.9955E-05
9.9955E-05 0.793083 0.103513 9.9955E-05 0.0184988 9.9955E-05 0.00412978 9.9955E-05 0.0802754 9.9955E-05
9.9964E-05 0.588496 9.9964E-05 0.0287465 0.0553275 9.9964E-05 0.240738 0.079402 9.9964E-05 0.00688956
9.9964E-05 0.570793 9.9964E-05 0.00459816 0.032664 9.9964E-05 0.159119 0.07027 9.9964E-05 0.162156
9.9964E-05 0.498053 0.0754152 0.0504139 9.9964E-05 9.9964E-05 0.242214 0.0306936 9.9964E-05 0.102811
9.9964E-05 0.408241 9.9964E-05 0.00881087 0.128782 9.9964E-05 0.318453 0.0275877 9.9964E-05 0.107726
9.9955E-05 0.137567 9.9955E-05 9.9955E-05 9.9955E-05 0.44112 0.237266 0.173386 9.9955E-05 0.0101621
9.9973E-05 0.0801001 9.9973E-05 0.0529026 9.9973E-05 0.464011 0.102999 0.22308 0.00152977 0.0750774
0.0283484 0.0111459 9.9982E-05 9.9982E-05 0.0170563 0.485025 0.226369 0.156922 0.00597018 0.0689629
9.9964E-05 0.0466515 0.0173177 0.0539145 9.9964E-05 0.338127 0.439226 0.104363 9.9964E-05 9.9964E-05
0.0426969 9.9964E-05 9.9964E-05 0.0266987 9.9964E-05 0.111446 0.538708 0.0795623 9.9964E-05 0.200489
9.9964E-05 9.9964E-05 9.9964E-05 0.0667079 0.0750786 0.608034 0.0914768 0.124196 9.9964E-05 0.034107
0.0094752 9.9964E-05 9.9964E-05 0.0153454 9.9964E-05 0.569379 0.191689 0.189231 9.9964E-05 0.0244809
0.0178883 9.9982E-05 0.016947 0.0884868 0.0550857 0.440771 0.145112 0.231969 9.9982E-05 0.00353931
0.0496606 9.9955E-05 9.9955E-05 0.07166 9.9955E-05 0.351775 9.9955E-05 0.523788 0.00261622 9.9955E-05
9.9973E-05 0.00848322 9.9973E-05 0.0616526 9.9973E-05 0.534178 0.0238242 0.178132 0.029407 0.164023
9.9964E-05 9.9964E-05 0.0177686 0.112791 9.9964E-05 0.416271 0.0788261 0.258299 9.9964E-05 0.115645
9.9937E-05 9.9937E-05 9.9937E-05 0.231376 9.9937E-05 9.9937E-05 9.9937E-05 0.727214 9.9937E-05 0.0407097
0.0895775 0.0134685 0.0112386 0.0881243 0.0381564 0.465716 0.0970146 0.0604681 9.9991E-05 0.136136
0.121524 9.9973E-05 0.0556702 0.141833 9.9973E-05 0.180209 0.0415244 0.457105 9.9973E-05 0.00183378
9.9955E-05 9.9955E-05 0.0395394 0.0546629 0.0672396 0.462058 9.9955E-05 0.376001 9.9955E-05 9.9955E-05
9.9964E-05 0.0562777 9.9964E-05 0.0112954 9.9964E-05 0.0548479 0.228283 0.620863 9.9964E-05 0.0280327
0.116057 9.9946E-05 0.0523758 9.9946E-05 0.0369502 9.9946E-05 9.9946E-05 9.9946E-05 9.9946E-05 0.794017
0.115279 0.0069279 9.9964E-05 9.9964E-05 0.0504658 0.0365663 9.9964E-05 9.9964E-05 0.00159412 0.788767
0.0274258 9.9946E-05 9.9946E-05 0.0155299 0.065139 9.9946E-05 9.9946E-05 9.9946E-05 9.9946E-05 0.891306
0.058203 0.0920745 9.9955E-05 0.0245426 9.9955E-05 9.9955E-05 9.9955E-05 0.00319607 9.9955E-05 0.821484
0.14394 9.9946E-05 9.9946E-05 9.9946E-05 9.9946E-05 9.9946E-05 9.9946E-05 0.0172066 0.0526989 0.785555
9.9937E-05 9.9937E-05 9.9937E-05 0.0465244 9.9937E-05 0.101641 9.9937E-05 9.9937E-05 9.9937E-05 0.851135
9.99281E-05 0.89424 9.99281E-05 9.99281E-05 9.99281E-05 0.10496 9.99281E-05 9.99281E-05 9.99281E-05 9.99281E-05
9.9964E-05 0.708906 0.0330274 9.9964E-05 0.100875 0.00844232 9.9964E-05 9.9964E-05 0.10014 0.0482088
0.031709 0.74365 9.9955E-05 9.9955E-05 0.0152671 0.0934961 9.9955E-05 9.9955E-05 0.115378 9.9955E-05
9.9955E-05 0.739296 9.9955E-05 9.9955E-05 0.0158759 0.0501436 0.0876137 9.9955E-05 0.106571 9.9955E-05
0.0351849 0.718025 0.0316142 9.9964E-05 0.0778003 0.0802909 9.9964E-05 9.9964E-05 0.0566847 9.9964E-05
9.9964E-05 0.296274 0.0620553 9.9964E-05 0.0687281 9.9964E-05 0.0988695 0.0355602 9.9964E-05 0.438113
0.0307959 0.319767 9.9964E-05 0.0467238 0.158433 9.9964E-05 9.9964E-05 0.0864683 9.9964E-05 0.357411
9.9973E-05 0.248391 0.050015 0.0137935 0.162115 9.9973E-05 0.0948047 0.0466198 9.9973E-05 0.383961
9.9946E-05 0.802979 9.9946E-05 9.9946E-05 9.9946E-05 0.0391272 0.0778516 9.9946E-05 0.0794421 9.9946E-05
0.0126015 0.269197 0.0262694 0.0139923 0.0744398 9.9991E-05 0.0377691 0.124798 0.00545788 0.435375
9.9964E-05 0.149496 0.267353 0.0261871 0.00615242 0.276487 9.9964E-05 9.9964E-05 0.273924 9.9964E-05
0.0985951 0.0999213 0.0169867 9.9973E-05 0.108908 0.548233 0.00425265 9.9973E-05 0.122803 9.9973E-05
9.9955E-05 0.174295 0.00996106 9.9955E-05 9.9955E-05 0.506311 0.0737352 9.9955E-05 0.235198 9.9955E-05
9.9973E-05 0.0697697 0.188189 9.9973E-05 0.104219 0.370175 9.9973E-05 0.0618616 0.191098 0.0143885
9.9973E-05 0.100744 9.9973E-05 9.9973E-05 0.0741073 0.494878 0.0255536 0.0627734 0.101037 0.140607
0.0570603 0.211115 0.343651 9.9964E-05 0.121514 0.0318657 9.9964E-05 9.9964E-05 0.234395 9.9964E-05
0.0126343 9.9973E-05 9.9973E-05 0.0468696 0.06006 0.370939 0.360133 0.0651482 9.9973E-05 0.0839165
0.0744826 9.9973E-05 0.0869028 0.187635 9.9973E-05 0.292281 0.167323 0.0684978 9.9973E-05 0.122578
9.9955E-05 0.0819027 9.9955E-05 9.9955E-05 0.0424759 0.186399 0.646503 9.9955E-05 9.9955E-05 0.0422196
0.0381586 9.9973E-05 0.0435274 0.247863 9.9973E-05 0.435096 0.0508963 0.059995 9.9973E-05 0.124164
0.0256022 9.9964E-05 0.154022 0.403536 9.9964E-05 9.9964E-05 0.228831 0.177402 9.9964E-05 0.0102061
0.00606383 0.0353386 0.140432 9.9973E-05 0.0340102 0.52614 0.229917 9.9973E-05 9.9973E-05 0.0277981
0.108421 9.9973E-05 0.0232968 0.15146 9.9973E-05 0.421115 0.138723 0.0459115 9.9973E-05 0.110773
0.0433858 0.048246 9.9964E-05 9.9964E-05 9.9964E-05 0.23441 0.553971 0.0395912 9.9964E-05 0.0799959
0.119851 9.9973E-05 0.0083519 9.9973E-05 0.114671 0.469484 0.15194 9.9973E-05 0.0692424 0.0661596
0.107621 9.9955E-05 0.184456 0.073881 9.9955E-05 9.9955E-05 0.510034 0.123509 9.9955E-05 9.9955E-05
0.0989683 9.9964E-05 0.106698 0.0919136 9.9964E-05 0.436006 0.164365 9.9964E-05 9.9964E-05 0.10165
0.0581959 9.9982E-05 0.0476896 0.0302878 0.0336461 0.424874 0.320929 0.0240105 9.9982E-05 0.0601678
9.9973E-05 9.9973E-05 0.153363 9.9973E-05 0.124189 0.422409 0.0995939 0.0534189 0.107093 0.0396324
9.9955E-05 9.9955E-05 0.025492 0.131827 9.9955E-05 0.350625 0.479787 9.9955E-05 9.9955E-05 0.0117698
9.9964E-05 9.9964E-05 0.103652 0.0884313 9.9964E-05 0.495234 0.1521 0.00835696 9.9964E-05 0.151826
0.2 9.9973E-05 0.000992803 0.164772 0.0548457 0.436464 0.10537 9.9973E-05 0.037255 9.9973E-05
0.0806982 0.0129134 9.9973E-05 0.0740123 9.9973E-05 0.535322 0.238337 0.0124822 9.9973E-05 0.045935
9.9982E-05 0.0292913 0.0199296 0.0945737 9.9982E-05 0.595924 0.0648346 0.0470947 0.0262807 0.121872
0.00778801 0.0310776 0.00139975 0.0515204 0.123503 0.494053 0.170735 9.9991E-05 0.0729777 0.0468458
0.018067 0.0806349 0.00331372 9.99804E-05 0.0565173 0.535814 0.304676 0.000676836 9.99804E-05 9.99804E-05
9.9937E-05 0.782917 9.9937E-05 9.9937E-05 9.9937E-05 0.105723 9.9937E-05 9.9937E-05 0.110661 9.9937E-05
0.00485712 0.818832 9.9964E-05 0.0969809 0.00951227 0.034633 9.9964E-05 9.9964E-05 0.0347853 9.9964E-05
0.0419343 0.73663 0.0649526 0.0143901 0.0140861 0.0378089 0.010929 0.0294061 0.0104919 0.0393712
9.9946E-05 0.829101 9.9946E-05 0.0210619 9.9946E-05 9.9946E-05 9.9946E-05 0.07849 0.0707477 9.9946E-05
0.00612341 0.843745 9.9946E-05 9.9946E-05 9.9946E-05 0.124223 9.9946E-05 9.9946E-05 0.0253095 9.9946E-05
9.9964E-05 0.00988184 0.0774778 9.9964E-05 9.9964E-05 0.104715 0.643772 9.9964E-05 0.026592 0.137161
9.9973E-05 0.0676816 0.0981718 0.00638664 9.9973E-05 0.487417 0.206948 0.102036 9.9973E-05 0.0310592
0.104669 0.11472 0.0377853 0.0631456 0.0375924 0.399258 0.116198 9.9991E-05 0.10778 0.0187526
9.9964E-05 9.9964E-05 0.110459 0.0163186 9.9964E-05 0.614321 0.152523 9.9964E-05 0.0227534 0.0832257
9.9973E-05 0.111517 0.00212613 0.077122 9.9973E-05 0.497164 0.155675 0.0761109 9.9973E-05 0.0799856
0.110945 9.9982E-05 0.147511 0.0779804 0.00857148 0.184824 0.362071 9.9982E-05 0.0297094 0.0781877
0.0686553 0.105662 0.0622 9.9955E-05 9.9955E-05 9.9955E-05 0.595679 9.9955E-05 9.9955E-05 0.167304
9.9982E-05 0.0208213 9.9982E-05 0.062961 0.0259441 0.479072 0.139614 0.102007 0.0388042 0.130576
9.9964E-05 0.0817217 9.9964E-05 0.190777 9.9964E-05 0.0777673 0.44165 9.9964E-05 0.0698487 0.137835
0.0890918 9.9964E-05 0.111348 0.0618475 9.9964E-05 0.424501 9.9964E-05 0.0612312 9.9964E-05 0.25158
0.00288666 0.187412 0.066198 9.9973E-05 9.9973E-05 0.0717055 0.563925 0.018891 9.9973E-05 0.0886812
9.9964E-05 0.137537 9.9964E-05 0.039212 9.9964E-05 0.547575 0.196534 9.9964E-05 0.0114314 0.0673099
9.9973E-05 0.0942936 9.9973E-05 0.0309559 0.0338629 0.122917 0.585895 0.0359019 9.9973E-05 0.0958739
0.162983 0.0670861 9.9982E-05 0.0417338 9.9982E-05 0.175164 0.351422 0.0767185 0.0815509 0.0431426
0.306226 0.0288284 0.0416312 0.0109382 9.9982E-05 0.37867 0.154132 0.014728 0.0646469 9.9982E-05
0.577556 0.0530613 9.9973E-05 0.0651342 9.9973E-05 0.17949 0.108075 9.9973E-05 0.00019801 0.0161845
0.389539 9.9964E-05 9.9964E-05 9.9964E-05 0.0956091 0.477346 9.9964E-05 0.0222308 0.00571696 0.00915885
0.272853 0.138149 0.000628552 9.9964E-05 9.9964E-05 0.438562 9.9964E-05 0.091048 0.0583594 9.9964E-05
0.614788 9.9973E-05 0.00163673 0.0477103 9.9973E-05 0.211158 0.0681022 0.0217846 9.9973E-05 0.034521
0.192784 0.0650877 9.9973E-05 0.12897 9.9973E-05 0.371998 0.143487 0.0914872 0.00588747 9.9973E-05
0.253184 0.0503863 9.9973E-05 0.0261539 0.00395952 0.474133 9.9973E-05 0.169258 9.9973E-05 0.0226247
0.731863 9.9946E-05 9.9946E-05 0.155402 9.9946E-05 9.9946E-05 9.9946E-05 0.0565555 9.9946E-05 0.0555797
0.678095 9.9955E-05 0.0657165 0.0813974 9.9955E-05 0.132963 9.9955E-05 0.0413283 9.9955E-05 9.9955E-05
0.450721 0.00436243 9.9955E-05 0.065348 9.9955E-05 0.416472 9.9955E-05 9.9955E-05 9.9955E-05 0.0625973
0.610212 9.9973E-05 9.9973E-05 0.0893457 0.00725481 0.0485552 0.0324108 0.131278 9.9973E-05 0.080644
0.276944 9.9964E-05 0.0470056 9.9964E-05 9.9964E-05 0.393875 0.126402 0.0964438 9.9964E-05 0.05893
9.9955E-05 9.9955E-05 0.057772 9.9955E-05 9.9955E-05 0.0596593 0.70245 0.0744497 9.9955E-05 0.10517
9.9964E-05 9.9964E-05 0.0828487 0.214925 9.9964E-05 0.179093 0.391399 0.0500842 9.9964E-05 0.0812495
9.9964E-05 0.0755967 9.9964E-05 9.9964E-05 9.9964E-05 0.343243 0.429332 0.0512614 0.00834067 0.091827
9.9955E-05 9.9955E-05 0.0607813 9.9955E-05 9.9955E-05 0.586653 0.161077 9.9955E-05 0.0603772 0.130612
0.0248049 9.9973E-05 9.9973E-05 9.9973E-05 0.00675063 0.203703 0.509023 0.144642 0.0164766 0.0942999
9.9991E-05 0.0232075 0.137022 0.059729 0.00771905 0.444821 0.114018 0.050849 0.053586 0.108948
9.9955E-05 0.0298265 0.119813 9.9955E-05 9.9955E-05 0.611111 0.154928 9.9955E-05 9.9955E-05 0.083821
9.9964E-05 9.9964E-05 0.032802 0.0181883 9.9964E-05 0.582892 0.17766 9.9964E-05 0.0373066 0.150752
9.9973E-05 9.9973E-05 0.0851479 0.0975395 9.9973E-05 0.507832 0.229502 0.000101524 0.0407212 0.0388567
0.0583408 0.0744987 9.9973E-05 9.9973E-05 9.9973E-05 0.337741 0.224391 0.128729 0.0366579 0.139342
9.9955E-05 9.9955E-05 9.9955E-05 9.9955E-05 9.9955E-05 0.181273 0.569239 0.0315077 0.0606988 0.156782
9.9982E-05 0.00764129 9.9982E-05 0.0694683 0.0141034 0.22534 0.28965 0.0300999 0.132085 0.231412
9.9973E-05 9.9973E-05 0.00417298 0.0617379 9.9973E-05 0.566382 0.131303 0.0366621 0.0242091 0.175232
0.0265033 0.0283495 0.0360103 0.00604737 0.0722153 0.614364 0.0995768 0.0110181 9.9991E-05 0.105816
9.9973E-05 0.0412475 0.117141 0.0784043 9.9973E-05 0.437195 0.110054 0.00987006 9.9973E-05 0.205789
9.9973E-05 9.9973E-05 0.0807377 0.159571 0.0246616 0.495312 0.112143 9.9973E-05 0.00929451 0.11798
0.0183986 0.0336399 0.0841734 9.9973E-05 0.00204925 0.368972 0.318918 9.9973E-05 9.9973E-05 0.173549
0.0188815 0.000210768 9.9964E-05 9.9964E-05 9.9964E-05 0.630488 0.145331 0.0719114 9.9964E-05 0.132777
9.9973E-05 9.9973E-05 9.9973E-05 0.145983 0.00100139 0.446457 0.187671 0.0374828 0.102133 0.0789718
0.0437021 0.160273 9.9973E-05 0.0396882 9.9973E-05 0.441581 0.159549 9.9973E-05 0.077803 0.077103
0.0342911 0.260511 0.0403078 9.9982E-05 0.102741 0.377499 9.9982E-05 0.0626931 0.121548 0.000208813
9.9973E-05 0.0182702 0.230716 9.9973E-05 0.0135988 0.516194 0.0305225 0.028435 0.161964 9.9973E-05
0.147098 0.0611445 0.0628161 9.9982E-05 0.075091 0.380003 0.0690804 0.0377786 0.166789 9.9982E-05
0.0140556 0.0190289 0.0762945 0.0787199 9.9991E-05 0.583367 0.0769304 0.0482942 0.0500984 0.053111
9.9982E-05 0.0991592 0.0592558 0.0556719 0.113437 0.483646 0.0564643 0.0136725 0.118493 9.9982E-05
0.124539 9.9964E-05 9.9964E-05 0.164096 9.9964E-05 0.339183 0.279463 0.0350372 0.0572818 9.9964E-05
9.9991E-05 0.120039 0.0941338 0.0246646 0.0454183 0.595629 0.0267619 0.042253 0.0380178 0.0129828
0.275411 0.102954 0.364759 9.9964E-05 9.9964E-05 9.9964E-05 0.053164 0.136813 0.0664984 9.9964E-05
9.9982E-05 0.0621722 0.0704973 9.9982E-05 0.0162886 0.48177 0.107355 0.0763811 0.171893 0.0134427
9.9982E-05 0.125967 0.0505802 0.0505052 0.00713976 0.556127 9.9982E-05 0.0428163 0.084336 0.0823285
9.9991E-05 0.0383021 0.0576808 0.0587012 0.0757359 0.403176 0.109955 0.0300632 0.203401 0.0228852
9.9982E-05 0.0127976 0.240615 0.0191631 0.126835 0.357876 0.141619 0.0958583 0.00503728 9.9982E-05
0.0438026 0.0955705 0.175445 9.9973E-05 0.0435024 0.58884 0.0133342 9.9973E-05 0.0392053 9.9973E-05
0.101846 0.198863 9.9964E-05 0.0630171 9.9964E-05 0.440786 9.9964E-05 9.9964E-05 0.137959 0.0571289
9.9955E-05 0.268362 0.494833 9.9955E-05 0.0464125 9.9955E-05 9.9955E-05 0.0746097 0.115283 9.9955E-05
9.9982E-05 0.0933761 0.140803 0.0589261 9.9982E-05 0.459536 0.0434363 0.00762119 0.167318 0.0287828
0.0147494 0.107782 0.0955883 0.0351378 0.00292808 0.518691 9.9982E-05 0.0473237 0.1776 9.9982E-05
0.138304 9.9955E-05 9.9955E-05 9.9955E-05 0.10259 0.469843 9.9955E-05 0.0852177 0.203545 9.9955E-05
0.000543199 0.08575 0.216886 9.9973E-05 0.00262756 0.547249 0.0226672 9.9973E-05 0.123978 9.9973E-05
0.131086 0.186787 0.011327 0.00775196 0.0281679 0.346487 0.0658443 0.0222459 0.160164 0.0401384
9.9982E-05 0.0388087 9.9982E-05 0.374745 0.039062 0.377923 0.0212627 0.0911957 0.0405723 0.0162308
9.9982E-05 0.0684088 0.0523847 0.24087 9.9982E-05 0.42852 0.0185951 0.0665274 0.0610538 0.0634407
9.9937E-05 9.9937E-05 9.9937E-05 0.769629 9.9937E-05 9.9937E-05 0.140628 0.0890429 9.9937E-05 9.9937E-05
0.00961697 0.0523879 9.9955E-05 0.869474 9.9955E-05 9.9955E-05 0.0586423 9.9955E-05 9.9955E-05 0.00937953
0.0444432 9.9973E-05 0.0222765 0.245379 9.9973E-05 0.575399 0.0569153 9.9973E-05 0.03313 0.0221569
0.00862154 0.0506483 0.209341 0.0719382 0.00558567 0.456924 9.9982E-05 9.9982E-05 0.195537 0.00120417
9.9955E-05 9.9955E-05 0.216454 0.123645 0.0467504 0.396793 9.9955E-05 9.9955E-05 0.215857 9.9955E-05
9.9964E-05 0.11319 0.211897 0.214617 0.0349745 0.187926 9.9964E-05 9.9964E-05 0.236997 9.9964E-05
9.9964E-05 0.0977958 0.140385 0.197054 0.0061478 0.302415 9.9964E-05 9.9964E-05 0.255802 9.9964E-05
0.0647162 0.0355514 0.182974 0.61397 0.0227595 0.0665735 9.9973E-05 9.9973E-05 0.0131557 9.9973E-05
9.9955E-05 0.0283903 0.180078 0.618389 9.9955E-05 0.104596 9.9955E-05 9.9955E-05 0.0680476 9.9955E-05
9.9955E-05 9.9955E-05 0.0229842 0.330576 0.0659746 0.498627 9.9955E-05 9.9955E-05 0.0813386 9.9955E-05
9.9946E-05 9.9946E-05 9.9946E-05 0.380885 0.161922 0.432406 9.9946E-05 9.9946E-05 0.0241869 9.9946E-05
9.9955E-05 0.0865889 0.0518348 0.622105 9.9955E-05 0.18215 9.9955E-05 9.9955E-05 0.0568208 9.9955E-05
9.9982E-05 0.0561911 9.9982E-05 0.214701 0.0358034 0.47128 0.0780889 0.0581795 0.0526284 0.0329286
9.9955E-05 9.9955E-05 0.0349985 0.325569 0.0710285 0.480869 9.9955E-05 9.9955E-05 0.0870352 9.9955E-05
0.0314355 9.9973E-05 0.149699 0.216592 0.0100523 0.382886 0.123333 9.9973E-05 0.0857023 9.9973E-05
9.9946E-05 9.9946E-05 9.9946E-05 0.549654 9.9946E-05 0.338376 0.0840741 9.9946E-05 9.9946E-05 0.0272966
0.0614998 9.9973E-05 9.9973E-05 0.44565 0.0188333 0.269395 0.186061 0.012495 0.00576601 9.9973E-05
9.9964E-05 9.9964E-05 0.0993457 0.247402 0.00386744 0.557947 9.9964E-05 0.000145585 9.9964E-05 0.0908925
0.0218166 0.0695875 9.9973E-05 0.400678 9.9973E-05 0.36677 9.9973E-05 0.0202262 0.024879 0.0957428
0.111317 0.0131398 0.0895332 0.0958955 0.0513818 0.402616 0.0524388 0.0820769 0.0416268 0.059974
0.047485 9.9955E-05 9.9955E-05 0.433755 9.9955E-05 0.421499 0.0869308 9.9955E-05 9.9955E-05 0.00983031
0.0584842 9.9946E-05 9.9946E-05 0.726124 9.9946E-05 0.171191 9.9946E-05 9.9946E-05 9.9946E-05 0.0436004
9.9955E-05 9.9955E-05 0.0321229 0.342111 9.9955E-05 0.543373 9.9955E-05 0.0512408 0.0306528 9.9955E-05
9.99369E-05 9.99369E-05 9.99369E-05 0.722909 9.99369E-05 0.216919 0.059473 9.99369E-05 9.99369E-05 9.99369E-05
0.0325462 9.9955E-05 9.9955E-05 0.484044 0.0321448 0.42665 9.9955E-05 9.9955E-05 9.9955E-05 0.0241155
0.0334338 0.00547624 9.9991E-05 0.173443 0.0521633 0.521555 0.0622118 0.0370221 0.0201885 0.0944059
9.9955E-05 0.0370132 9.9955E-05 0.379404 9.9955E-05 0.428697 0.0364033 0.117983 9.9955E-05 9.9955E-05
0.0927056 0.150268 0.00898033 0.0504331 9.9982E-05 0.537456 0.0299059 9.9982E-05 0.0869427 0.0431086
0.0630279 0.110005 0.0831359 0.0862562 9.9991E-05 0.377352 0.0690411 0.0151724 0.0849223 0.110987
0.0790087 0.0925426 0.161161 0.0215071 0.0459306 0.397223 0.0144505 9.9991E-05 0.161429 0.0266475
0.199028 0.164696 0.0381495 9.9973E-05 0.0244066 0.285372 9.9973E-05 9.9973E-05 0.217712 0.0703361
9.9991E-05 0.113344 0.0327373 0.050927 0.111769 0.477389 0.0313854 0.0312865 0.111433 0.0396292
9.9991E-05 0.0580749 0.0462043 0.184147 0.0551591 0.32712 0.0844081 0.0465765 0.165784 0.0324264
9.9955E-05 0.104561 0.0399024 0.591645 0.134997 9.9955E-05 9.9955E-05 9.9955E-05 0.128396 9.9955E-05
9.9964E-05 0.0531504 9.9964E-05 0.106502 0.0302733 0.535617 9.9964E-05 9.9964E-05 0.152485 0.121573
9.9955E-05 0.160577 0.270125 0.364755 0.171276 9.9955E-05 9.9955E-05 9.9955E-05 0.0327672 9.9955E-05
0.00428201 0.0758526 9.9955E-05 0.283805 9.9955E-05 0.473466 9.9955E-05 9.9955E-05 0.162094 9.9955E-05
9.9937E-05 9.9937E-05 9.9937E-05 0.831729 9.9937E-05 0.0576449 9.9937E-05 0.109926 9.9937E-05 9.9937E-05
9.9937E-05 9.9937E-05 9.9937E-05 0.845857 9.9937E-05 9.9937E-05 0.0616317 0.0918117 9.9937E-05 9.9937E-05
