9.9991E-05 0.898375 0.101525
9.999E-05 0.95304 0.0468596
9.999E-05 0.835305 0.164595
0.02703 0.794493 0.178477
9.9991E-05 0.855039 0.144861
0.263331 0.662326 0.0743431
0.0544719 0.886736 0.058792
0.122705 0.789028 0.0882673
0.0565999 0.9433 9.9991E-05
0.100756 0.72213 0.177113
0.12788 0.814368 0.0577523
0.716822 0.091302 0.191876
0.682047 9.9991E-05 0.317853
0.703954 0.145127 0.150919
0.570998 0.122882 0.306119
0.496056 0.147717 0.356227
0.498775 0.0853481 0.415877
0.663748 0.0349993 0.301252
0.603575 0.143484 0.252941
0.735327 0.264573 9.9991E-05
0.658252 0.0529422 0.288806
0.661698 9.9991E-05 0.338202
0.703416 9.9991E-05 0.296484
0.719335 0.0818989 0.198767
0.558552 0.0640283 0.37742
0.598364 0.0396577 0.361978
0.730188 0.146473 0.123339
0.660439 0.133797 0.205764
0.824498 0.100731 0.0747704
9.9991E-05 0.780147 0.219753
9.9991E-05 0.792603 0.207297
0.0186039 0.753762 0.227634
9.9991E-05 0.726202 0.273698
0.723736 9.9991E-05 0.276164
0.6078 0.0613901 0.33081
0.68839 9.9991E-05 0.31151
0.739765 0.251704 0.00853081
0.800379 9.9991E-05 0.199521
0.606319 0.0904337 0.303247
0.553784 9.9991E-05 0.446116
0.584376 0.0417382 0.373886
0.565014 0.0510023 0.383984
0.920857 0.0598783 0.0192648
0.581262 0.00773241 0.411005
0.636425 9.9991E-05 0.363475
0.44298 0.128865 0.428155
0.861555 9.9991E-05 0.138345
0.596731 9.9991E-05 0.403169
0.558975 0.060624 0.380401
0.807986 0.191914 9.9991E-05
0.850962 0.148938 9.9991E-05
0.820008 0.154292 0.0257
0.565551 0.0119615 0.422487
0.510045 0.0618222 0.428132
0.624016 9.9991E-05 0.375884
0.795895 0.196032 0.00807303
0.709267 0.000935428 0.289798
0.560864 0.0239222 0.415213
0.669539 0.138734 0.191727
0.612966 0.348678 0.0383562
0.656906 9.9991E-05 0.342994
0.566382 0.115698 0.31792
0.781577 0.218323 9.9991E-05
0.722793 0.00615437 0.271052
0.591508 9.9991E-05 0.408392
0.616463 0.0586286 0.324909
0.676642 0.162316 0.161041
0.703669 9.9991E-05 0.296231
0.580439 0.0567067 0.362855
0.814909 0.183878 0.00121325
0.746372 9.9991E-05 0.253528
0.914828 0.0262563 0.0589155
0.634877 9.9991E-05 0.365023
0.95009 0.04981 9.9991E-05
0.979897 0.0200025 9.9991E-05
0.896913 9.9991E-05 0.102987
0.766961 0.000828614 0.232211
0.544458 0.0338045 0.421738
0.725865 9.9991E-05 0.274035
0.863629 0.0616721 0.0746992
0.862125 0.0621294 0.0757456
0.604772 0.0343924 0.360836
0.740933 0.0418411 0.217226
0.714238 0.0145801 0.271182
0.802673 9.9991E-05 0.197227
0.918557 0.0813433 9.9991E-05
0.649894 0.0372206 0.312886
0.0131462 0.824857 0.161997
9.9991E-05 0.863585 0.136315
9.9991E-05 0.850505 0.149395
9.9991E-05 0.877972 0.121928
9.9991E-05 0.85422 0.14568
9.9991E-05 0.884343 0.115557
9.9991E-05 0.8984 0.1015
0.60745 0.00552126 0.387029
0.552754 0.046411 0.400835
0.945609 0.0542912 9.9991E-05
0.563208 9.9991E-05 0.436692
0.749213 0.0264599 0.224327
0.644852 9.9991E-05 0.355048
0.666696 9.9991E-05 0.333204
0.646858 9.9991E-05 0.353042
0.886732 0.113168 9.9991E-05
0.504672 0.095185 0.400143
0.598634 0.0320154 0.369351
0.57236 0.000423826 0.427216
0.833825 0.0287934 0.137382
0.728386 9.9991E-05 0.271514
0.735193 9.9991E-05 0.264707
0.796628 9.9991E-05 0.203272
0.716134 9.9991E-05 0.283766
0.531175 0.131116 0.337708
0.702501 0.160886 0.136613
0.62944 0.155419 0.215141
0.573644 0.127303 0.299054
0.570921 9.9991E-05 0.428979
0.673803 0.0727178 0.253479
0.604721 0.00875521 0.386524
0.735631 0.0425124 0.221857
0.642488 0.0129833 0.344529
0.566411 0.04401 0.389579
0.667077 0.00912742 0.323796
0.675088 0.0265454 0.298367
0.533503 0.0231374 0.44336
0.643623 0.00163622 0.35474
0.636126 9.9991E-05 0.363774
0.525002 0.0616166 0.413381
0.579326 9.9991E-05 0.420574
0.652507 0.161658 0.185835
0.597441 9.9991E-05 0.402459
0.625582 9.9991E-05 0.374318
0.729178 0.138279 0.132543
0.789612 0.178865 0.0315226
0.652565 0.0329858 0.314449
0.900074 0.0841341 0.0157918
0.786243 0.12054 0.0932168
0.790013 0.014741 0.195246
0.817553 0.099206 0.0832414
0.762912 0.117779 0.11931
0.583088 9.9991E-05 0.416812
0.581683 0.0117627 0.406554
0.611298 0.0840438 0.304658
0.83953 0.088148 0.0723218
0.507467 0.181877 0.310656
0.589287 0.0220652 0.388647
0.697372 0.302528 9.9991E-05
0.542583 0.067796 0.389621
0.645773 0.130753 0.223473
0.502784 0.093609 0.403607
0.638766 0.200013 0.161221
0.81735 0.166895 0.0157554
0.721685 0.0448469 0.233468
0.603713 0.0905879 0.305699
0.563257 0.134187 0.302556
0.672731 0.217843 0.109426
0.495603 0.0389231 0.465474
0.867632 9.9991E-05 0.132268
0.730987 9.9991E-05 0.268913
0.51196 0.0941912 0.393849
0.188357 0.411 0.400643
0.0676379 0.728832 0.20353
0.161604 0.687697 0.150699
0.11088 0.460415 0.428706
0.644733 9.9991E-05 0.355167
0.597433 9.9991E-05 0.402467
0.114938 9.9991E-05 0.884962
0.246304 0.0790558 0.67464
0.23217 0.165866 0.601964
0.806276 0.0244771 0.169247
0.602601 0.067303 0.330096
0.81225 0.0659982 0.121751
0.577197 9.9991E-05 0.422703
0.737258 0.0003992 0.262343
0.642586 0.0163784 0.341036
0.853942 0.0838386 0.0622192
0.553426 9.9991E-05 0.446474
0.562314 9.9991E-05 0.437586
9.9991E-05 0.0350734 0.964827
0.022127 0.0221941 0.955679
0.212124 0.0470136 0.740863
0.071714 9.9991E-05 0.928186
0.0657923 0.0809316 0.853276
9.9991E-05 0.0325927 0.967307
9.9991E-05 0.0900132 0.909887
9.999E-05 9.999E-05 0.9998
9.9991E-05 0.00353369 0.996366
9.9991E-05 0.0342882 0.965612
9.9991E-05 0.0276975 0.972203
0.0462252 0.0610587 0.892716
9.9991E-05 0.122634 0.877266
9.9991E-05 0.065422 0.934478
0.288906 0.0933452 0.617749
0.150369 0.0598572 0.789773
0.0417562 0.0969544 0.861289
9.9991E-05 0.0578107 0.942089
9.999E-05 9.999E-05 0.9998
9.9991E-05 0.0823731 0.917527
9.9991E-05 0.0306269 0.969273
0.0601818 0.125339 0.814479
9.9991E-05 0.0921197 0.90778
0.453508 0.492862 0.0536295
0.48038 0.188716 0.330904
0.460938 0.204939 0.334123
0.428238 0.367527 0.204235
0.457682 0.189633 0.352685
0.393395 0.373741 0.232864
0.438851 0.162245 0.398904
0.432435 0.213293 0.354272
0.512675 0.0483068 0.439019
0.34393 0.176357 0.479713
0.473033 0.164044 0.362923
0.045421 0.875673 0.0789064
9.9991E-05 0.880326 0.119574
9.9991E-05 0.966195 0.0337055
9.9991E-05 0.926778 0.0731221
9.9991E-05 0.908768 0.0911318
9.9991E-05 0.856306 0.143594
9.9991E-05 0.847403 0.152497
0.0151954 0.893173 0.0916317
9.9991E-05 0.895379 0.104521
9.9991E-05 0.839605 0.160295
0.263366 0.736534 9.9991E-05
0.305373 0.694527 9.9991E-05
0.350963 0.648937 9.9991E-05
0.377804 0.622096 9.9991E-05
0.675911 0.0101704 0.313918
0.701289 9.9991E-05 0.298611
0.662357 9.9991E-05 0.337543
0.841956 0.0293975 0.128646
0.872398 0.127502 9.9991E-05
0.618855 9.9991E-05 0.381045
0.675467 9.9991E-05 0.324433
0.763533 9.9991E-05 0.236367
0.760172 9.9991E-05 0.239728
0.640111 9.9991E-05 0.359789
0.762666 9.9991E-05 0.237234
0.936481 0.0634195 9.9991E-05
0.678152 0.061288 0.26056
0.839406 0.0317959 0.128798
0.683922 9.9991E-05 0.315978
0.904735 0.0951649 9.9991E-05
0.635496 0.364404 9.9991E-05
0.682016 0.317884 9.9991E-05
0.742324 0.257576 9.9991E-05
0.676495 0.323405 9.9991E-05
0.762777 0.237123 9.9991E-05
0.720161 0.279739 9.9991E-05
9.9991E-05 0.843415 0.156485
0.0255852 0.841458 0.132957
9.9991E-05 0.741573 0.258327
9.9991E-05 0.784758 0.215142
0.00585726 0.78461 0.209533
0.414923 0.584977 9.9991E-05
0.370751 0.629149 9.9991E-05
0.400269 0.599631 9.9991E-05
9.9991E-05 0.783442 0.216458
0.456511 0.543389 9.9991E-05
0.222783 0.202781 0.574436
0.365698 0.053073 0.581229
0.218598 0.120964 0.660437
0.342001 0.217126 0.440873
0.361249 0.0970832 0.541668
0.042162 0.601139 0.356699
0.794228 0.0280547 0.177717
0.742469 0.0169554 0.240576
0.701903 0.195775 0.102322
0.763117 0.0054651 0.231418
0.910562 0.0893383 9.9991E-05
0.563119 0.0942551 0.342626
0.710133 0.0367863 0.25308
0.75545 0.113059 0.131491
0.617909 0.0663153 0.315776
0.883117 0.103129 0.0137534
0.74139 9.9991E-05 0.25851
0.66863 0.0248002 0.30657
0.510883 0.12206 0.367057
0.807054 9.9991E-05 0.192846
0.67948 0.0572556 0.263264
0.621284 9.9991E-05 0.378616
0.702564 9.9991E-05 0.297336
0.61947 9.9991E-05 0.38043
0.504096 0.104902 0.391002
0.564084 0.103642 0.332275
9.9991E-05 0.735676 0.264224
0.0104639 0.808388 0.181148
0.108755 0.815695 0.0755495
0.0464343 0.84957 0.103996
0.0125229 0.818943 0.168535
0.736916 0.160617 0.102467
0.562336 0.0406035 0.39706
0.329586 0.161162 0.509252
0.582484 0.0138837 0.403632
0.600398 0.074122 0.32548
0.748191 0.0986857 0.153123
0.690571 0.309329 9.9991E-05
0.678385 0.0233623 0.298253
0.716432 0.219973 0.0635953
0.71228 0.0155939 0.272126
0.705449 0.286881 0.00767035
0.539638 0.0993735 0.360988
0.755386 0.243906 0.000707387
0.655674 0.13126 0.213067
0.616436 0.0729971 0.310567
0.7466 0.12331 0.13009
0.641888 0.00286031 0.355251
0.621302 0.0879184 0.290779
0.777922 0.0755121 0.146566
0.588906 9.9991E-05 0.410994
0.680462 0.0324877 0.28705
0.935003 0.0648971 9.9991E-05
0.817796 0.060052 0.122152
0.74392 0.0265841 0.229496
0.864617 0.135283 9.9991E-05
0.78799 0.0606933 0.151317
0.787091 0.182364 0.0305448
0.860611 9.9991E-05 0.139289
0.694603 0.10896 0.196437
0.580101 9.9991E-05 0.419799
0.893335 0.068864 0.0378015
0.557732 0.0754046 0.366864
0.57759 0.0649846 0.357425
0.628039 9.9991E-05 0.371861
0.631884 0.00185798 0.366258
0.685753 0.0450204 0.269226
0.807957 0.0738452 0.118198
0.634411 0.0934621 0.272127
0.600231 9.9991E-05 0.399669
0.575698 0.0176302 0.406672
0.668333 0.0833465 0.24832
0.653333 9.9991E-05 0.346567
0.643798 0.136897 0.219305
0.646968 9.9991E-05 0.352932
0.585613 0.0653219 0.349065
0.474378 0.100124 0.425499
0.312918 0.293426 0.393657
0.404975 0.0573523 0.537673
0.437823 0.0677817 0.494395
0.492441 0.0403311 0.467228
0.332472 0.164885 0.502643
0.719823 9.9991E-05 0.280077
0.345556 0.140643 0.513801
0.462989 0.366624 0.170388
0.464651 0.0829779 0.452371
0.436027 0.0707991 0.493174
0.431308 0.0555494 0.513143
0.486853 0.207761 0.305386
0.381066 0.134789 0.484145
0.424689 0.0618765 0.513434
0.131322 0.670735 0.197944
0.318581 0.144633 0.536786
0.364935 0.121507 0.513558
0.546121 0.0643251 0.389554
0.289751 0.12335 0.5869
0.396138 0.143795 0.460067
0.678424 0.00700629 0.31457
0.597841 0.0222142 0.379945
0.948198 0.0517018 9.9991E-05
0.899728 0.100172 9.9991E-05
0.589246 0.0705597 0.340195
0.339171 0.0771253 0.583703
0.312961 0.123792 0.563247
0.348417 0.237322 0.414261
0.312025 0.221363 0.466612
0.621017 0.219901 0.159082
0.615432 0.16936 0.215208
0.551962 0.00344724 0.444591
0.617055 0.0100422 0.372902
0.620247 0.130997 0.248756
0.555218 0.0261072 0.418675
0.586793 0.0097516 0.403455
0.543113 0.0365356 0.420351
0.769793 0.0636026 0.166604
0.801432 0.00513196 0.193436
0.607605 0.0205552 0.37184
0.694325 0.0363975 0.269278
0.613849 0.0940341 0.292117
0.728187 0.000968032 0.270845
0.847146 0.0173454 0.135508
0.630115 9.9991E-05 0.369785
0.837359 0.0249691 0.137672
0.717814 9.9991E-05 0.282086
0.565283 0.0845492 0.350168
0.681546 0.0177168 0.300737
0.34793 0.181475 0.470594
0.423012 0.124301 0.452687
0.368218 0.149438 0.482344
0.31358 0.203487 0.482933
0.407777 0.143633 0.44859
0.373447 0.185948 0.440605
0.528714 0.339002 0.132283
0.396058 0.0382457 0.565696
0.285519 0.548664 0.165817
0.472642 0.000693602 0.526664
0.955155 0.0386477 0.00619704
0.898697 0.101203 9.9991E-05
0.727815 9.9991E-05 0.272085
0.630885 9.9991E-05 0.369015
0.804588 9.9991E-05 0.195312
0.712526 9.9991E-05 0.287374
0.706327 9.9991E-05 0.293573
0.0201113 0.813355 0.166533
0.0492614 0.780126 0.170612
9.9991E-05 0.884387 0.115513
9.9991E-05 0.892397 0.107503
0.738647 0.000136418 0.261216
0.692285 0.00836956 0.299346
0.740775 9.9991E-05 0.259125
0.64775 0.0211591 0.331091
0.600175 0.0595442 0.34028
0.843708 0.0523706 0.103921
0.674861 9.9991E-05 0.325039
0.803368 9.9991E-05 0.196532
0.330132 0.174825 0.495043
0.687843 9.9991E-05 0.312057
0.846564 0.0169664 0.136469
0.699854 9.9991E-05 0.300046
0.784061 9.9991E-05 0.215839
0.671386 9.9991E-05 0.328514
0.649204 0.0521906 0.298605
0.997819 9.9991E-05 0.00208085
0.880253 0.00379252 0.115955
0.858348 0.00738469 0.134267
0.973478 0.0264217 9.9991E-05
0.727235 0.0323537 0.240411
0.915556 0.0311658 0.0532781
0.916534 0.083366 9.9991E-05
0.662244 9.9991E-05 0.337656
0.865648 0.0600416 0.0743101
0.767256 0.0182614 0.214483
0.536832 9.9991E-05 0.463068
0.713801 9.9991E-05 0.286099
0.711251 9.9991E-05 0.288649
0.7435 9.9991E-05 0.2564
0.727928 0.0125391 0.259533
0.883777 9.9991E-05 0.116123
0.664287 0.0340001 0.301713
0.237548 0.749588 0.0128639
0.116205 0.804102 0.0796923
0.100394 0.899506 9.9991E-05
0.101796 0.898104 9.9991E-05
0.192323 0.807577 9.9991E-05
0.887513 0.0706881 0.0417991
0.880497 0.119403 9.9991E-05
0.949675 9.9991E-05 0.0502249
0.507436 0.0500472 0.442517
0.525612 0.0671844 0.407204
0.800691 9.9991E-05 0.199209
0.528706 9.9991E-05 0.471194
0.758834 9.9991E-05 0.241067
0.695147 9.9991E-05 0.304753
0.627182 9.9991E-05 0.372718
0.885964 0.00477375 0.109262
0.831342 9.9991E-05 0.168558
0.860454 9.9991E-05 0.139446
0.529101 0.0445872 0.426312
0.809481 9.9991E-05 0.190419
0.703412 9.9991E-05 0.296488
0.233651 0.0855284 0.680821
0.194634 0.132884 0.672482
0.203072 0.0669776 0.72995
0.173913 0.154099 0.671989
0.33759 0.0504111 0.611999
0.701156 0.00253298 0.296311
9.9991E-05 0.305346 0.694554
0.176496 0.157336 0.666168
0.391267 0.177 0.431733
0.545836 0.0564513 0.397713
0.600104 0.113452 0.286443
0.511751 0.136916 0.351333
0.573042 0.0555909 0.371367
0.108029 0.166363 0.725609
0.291357 0.125921 0.582722
0.169297 0.0426141 0.788089
0.329715 0.131614 0.538672
0.0938513 0.155949 0.7502
0.293562 0.15936 0.547078
0.125592 0.105613 0.768795
0.195208 0.145573 0.659219
0.57962 0.0382272 0.382153
0.216503 0.189756 0.593741
9.9991E-05 0.194893 0.805007
0.309713 0.102247 0.588039
0.632644 0.300324 0.0670316
0.616253 9.9991E-05 0.383647
0.329178 0.155386 0.515436
0.555828 0.050089 0.394083
0.537675 0.18789 0.274435
0.335367 0.205792 0.45884
0.273424 0.219342 0.507234
0.523789 0.0151661 0.461045
0.334478 0.109176 0.556346
0.129405 0.124529 0.746066
0.000535088 0.239025 0.76044
0.539517 0.0558371 0.404646
0.634362 0.118921 0.246716
0.578006 0.261877 0.160117
0.518858 0.0735079 0.407634
0.640923 0.115642 0.243434
0.401505 0.149323 0.449172
0.555409 0.0949292 0.349662
0.273081 0.513708 0.213211
0.332649 0.507815 0.159536
0.513072 0.166961 0.319968
0.325326 0.445361 0.229314
0.158741 0.531317 0.309942
0.497286 0.135071 0.367644
0.321657 0.236637 0.441705
0.356762 0.334275 0.308964
0.325224 0.418511 0.256265
0.50119 0.124375 0.374434
0.449801 0.276875 0.273325
0.27332 0.637154 0.0895261
0.406328 0.0874615 0.50621
0.399281 0.141036 0.459682
0.315416 0.246959 0.437625
0.255025 0.104675 0.6403
0.386032 0.0931907 0.520777
0.396231 0.0872426 0.516527
0.195178 0.350208 0.454613
0.32476 0.184495 0.490745
0.230486 0.218606 0.550908
0.306994 0.269502 0.423504
0.502263 0.211307 0.28643
0.491488 0.168328 0.340184
0.393638 0.144714 0.461648
0.472933 0.0192824 0.507785
0.178871 0.274879 0.54625
0.319591 0.137456 0.542953
0.232092 0.399479 0.368429
0.375255 0.101018 0.523727
0.198772 0.32612 0.475109
0.106685 0.838041 0.0552738
0.690008 0.309892 9.9991E-05
0.730912 0.268988 9.9991E-05
0.701369 0.298531 9.9991E-05
0.779496 0.220404 9.9991E-05
0.76399 0.23591 9.9991E-05
0.773327 0.226573 9.9991E-05
0.687409 0.312491 9.9991E-05
0.578133 0.421767 9.9991E-05
9.9991E-05 0.887358 0.112542
0.0500004 0.853536 0.096464
9.9991E-05 0.863462 0.136439
0.0849808 0.855549 0.0594706
9.9991E-05 0.859337 0.140563
9.9991E-05 0.940261 0.0596393
0.0808957 0.756848 0.162256
9.9991E-05 0.832312 0.167588
0.0827505 0.751582 0.165668
9.9991E-05 0.877347 0.122553
9.9991E-05 0.94172 0.0581797
9.9991E-05 0.849557 0.150343
9.9991E-05 0.957895 0.0420045
9.9991E-05 0.864604 0.135296
9.9991E-05 0.843457 0.156443
9.9991E-05 0.806105 0.193795
9.9991E-05 0.727815 0.272085
9.9991E-05 0.75036 0.24954
9.9991E-05 0.783539 0.216361
0.615526 0.144185 0.240288
0.632828 9.9991E-05 0.367072
0.557267 0.0560696 0.386663
0.742843 0.196492 0.0606647
0.578625 0.121363 0.300012
0.632341 0.307651 0.0600074
0.563273 0.0821707 0.354556
0.700701 0.104752 0.194547
0.626233 0.0775874 0.29618
0.68626 9.9991E-05 0.31364
0.655668 0.158326 0.186006
0.60545 0.0157958 0.378754
0.624058 0.0834258 0.292516
0.841865 0.158035 9.9991E-05
0.775619 0.224281 9.9991E-05
0.733718 0.172191 0.0940911
0.513113 0.0545235 0.432364
0.604035 0.0398593 0.356106
0.585598 0.0790788 0.335323
0.542556 9.9991E-05 0.457344
0.410941 0.095907 0.493152
0.425658 0.054492 0.51985
0.305679 0.440926 0.253395
0.506327 0.0679552 0.425718
0.366921 0.222116 0.410962
0.210979 0.6109 0.178121
0.298178 0.305601 0.396221
0.283505 0.351111 0.365384
0.360128 0.313272 0.326601
0.415195 0.143661 0.441144
0.407041 0.137892 0.455067
0.398325 0.0837394 0.517935
0.442481 0.136742 0.420776
0.146524 0.460588 0.392888
