0.0837685 0.857404 0.0587279 9.9991E-05
9.9982E-05 0.96318 0.0366195 9.9982E-05
0.163252 0.770777 0.06587 9.9991E-05
0.139463 0.752956 0.107481 9.9991E-05
0.130148 0.861158 0.00859331 9.9991E-05
0.0658517 0.651333 0.0980685 0.184747
9.9982E-05 0.914918 9.9982E-05 0.0848821
0.0313833 0.760358 0.141273 0.0669864
9.9982E-05 0.894579 0.105221 9.9982E-05
0.124525 0.759533 0.0357492 0.0801937
0.00515889 0.778586 0.110045 0.10621
0.181138 9.9991E-05 0.493358 0.325404
0.326821 9.9991E-05 0.353639 0.31944
0.172623 0.0461628 0.476921 0.304293
0.332687 0.026829 0.454869 0.185615
0.340711 0.0918186 0.20477 0.362701
0.419954 9.9991E-05 0.146024 0.433922
0.269783 0.00288044 0.271443 0.455894
0.328727 0.0800387 0.442577 0.148657
0.0352175 0.0704669 0.720557 0.173758
0.253296 9.9991E-05 0.34869 0.397914
0.282945 0.0353587 0.204934 0.476763
0.318952 9.9991E-05 0.233129 0.447819
0.236288 0.0250859 0.405628 0.332997
0.385806 0.0232929 0.175872 0.41503
0.371719 9.9991E-05 0.219279 0.408902
0.176605 0.00604328 0.541897 0.275454
0.319308 9.9991E-05 0.506273 0.174319
0.0938612 0.020148 0.49391 0.39208
0.175629 0.81819 0.00608127 9.9991E-05
0.179364 0.79895 0.0215859 9.9991E-05
0.125161 0.797743 0.0194726 0.0576238
0.130582 0.783625 9.9991E-05 0.0856929
0.224013 9.9991E-05 0.1229 0.652987
0.278069 0.0595869 0.116149 0.546196
0.268896 9.9982E-05 9.9982E-05 0.730904
0.0698558 0.0851307 0.645382 0.199632
0.160909 0.0529994 0.0574066 0.728685
0.304409 0.039322 0.185335 0.470935
0.356086 9.9991E-05 0.0300661 0.613748
0.275656 0.104003 0.115349 0.504991
0.2954 0.0576217 0.150979 0.495999
0.0229853 0.0615687 0.256622 0.658824
0.309846 0.0685803 0.0574602 0.564113
0.360712 9.9991E-05 0.110429 0.528759
0.332869 0.0939299 0.106252 0.466949
0.0909697 0.0499916 9.9991E-05 0.858939
0.288325 9.9991E-05 0.0720767 0.639499
0.293214 0.0448139 0.0429797 0.618992
9.9991E-05 0.197684 0.0260245 0.776191
0.0532608 9.9991E-05 0.471033 0.475606
9.9991E-05 0.152281 0.237425 0.610194
0.429277 0.00210348 0.113197 0.455422
0.369708 0.0502782 0.0884536 0.49156
0.417355 0.0233234 0.062373 0.496949
0.0330274 0.13511 0.399927 0.431936
0.338895 9.9991E-05 0.205653 0.455352
0.391492 0.00199981 0.14959 0.456917
0.180711 0.142634 0.161583 0.515072
0.0966393 0.259349 0.39955 0.244462
0.314796 0.027274 0.215052 0.442878
0.261689 0.0809849 0.354364 0.302962
9.9991E-05 0.120879 0.561959 0.317063
0.265591 9.9991E-05 0.238299 0.49601
0.338234 9.9991E-05 0.0625315 0.599134
0.272513 0.105603 0.14262 0.479264
0.158251 0.100422 0.274011 0.467316
0.295772 9.9991E-05 0.16626 0.537869
0.302434 0.0480841 0.214258 0.435224
0.0581639 0.0238137 0.506233 0.41179
0.188389 9.9991E-05 0.104493 0.707018
0.0271502 0.0597826 0.180709 0.732358
0.253885 0.0416292 0.182101 0.522384
9.9982E-05 0.0751482 9.9982E-05 0.924652
9.9991E-05 0.0197594 0.110653 0.869488
0.0489972 9.9991E-05 0.0463927 0.90451
0.198212 0.00984219 0.133245 0.658701
0.362874 0.0672856 0.176741 0.3931
0.172499 0.0207935 0.0962675 0.71044
0.0668748 0.0651175 0.241768 0.62624
0.101794 0.032211 0.305156 0.560839
0.317445 0.0662117 0.0977095 0.518634
0.148137 0.0503103 0.0776915 0.723861
0.148306 0.0227866 0.0948823 0.734025
0.108646 0.0211314 0.00707662 0.863146
9.9991E-05 0.114574 0.0467375 0.838589
0.393817 9.9991E-05 0.149126 0.456957
0.133616 0.767277 0.0990072 9.9991E-05
0.0802237 0.913658 9.9991E-05 0.00601782
0.146442 0.842266 0.0111918 9.9991E-05
0.0943145 0.886755 9.9991E-05 0.0188302
0.118452 0.875033 9.9991E-05 0.00641475
0.121002 0.872597 0.00630119 9.9991E-05
0.0655242 0.934276 9.9982E-05 9.9982E-05
0.364473 0.0716632 0.0682412 0.495623
0.31716 0.0523395 0.153556 0.476945
9.9991E-05 0.0549481 0.18266 0.762292
0.303294 0.0445917 0.147686 0.504428
0.262034 9.9991E-05 0.174267 0.563599
0.278306 9.9991E-05 0.0915366 0.630057
0.265729 0.0456301 9.9991E-05 0.688541
0.269228 0.0425318 9.9991E-05 0.688141
9.9991E-05 0.0681821 0.317574 0.614144
0.328932 0.0343077 0.153181 0.48358
0.321526 9.9991E-05 0.00277277 0.675601
0.384458 0.0362548 0.238515 0.340773
0.0772566 0.0823072 9.9991E-05 0.840336
0.242379 0.00106434 0.0101093 0.746447
0.182093 9.9991E-05 0.126995 0.690812
0.20285 0.00138207 0.0310636 0.764705
0.18891 0.00546958 0.154716 0.650904
0.298246 0.0653707 0.141078 0.495305
0.123539 0.0842296 0.406678 0.385554
0.253966 0.0591874 0.403002 0.283844
0.391086 0.0409844 0.220814 0.347116
0.324104 9.9991E-05 0.0117405 0.664055
0.23449 9.9991E-05 0.351288 0.414122
0.373554 9.9991E-05 0.249535 0.376811
0.253393 9.9991E-05 0.395798 0.350709
0.291884 0.082367 0.181456 0.444293
0.356202 0.010076 0.236131 0.39759
0.29006 9.9991E-05 0.245138 0.464702
0.223877 9.9991E-05 0.27678 0.499243
0.398474 0.0214834 0.146318 0.433724
0.308807 0.118713 0.0680715 0.504409
0.35456 9.9991E-05 0.293304 0.352037
0.372036 0.0250838 0.136615 0.466265
0.35098 9.9991E-05 0.248723 0.400197
0.245454 0.0954266 0.305293 0.353826
0.345242 9.9991E-05 0.235671 0.418987
0.382707 9.9991E-05 0.126067 0.491126
0.192999 0.00273706 0.47975 0.324514
0.0720925 0.0855222 0.33475 0.507635
0.271153 9.9991E-05 0.23024 0.498506
0.0225346 0.0261985 0.443772 0.507494
0.125271 0.00190529 0.490015 0.382808
0.157215 9.9991E-05 0.37958 0.463105
0.0900939 9.9991E-05 0.482058 0.427748
0.187401 9.9991E-05 0.516618 0.295881
0.368398 0.0112809 0.153136 0.467185
0.359394 0.062392 0.258256 0.319958
0.337524 9.9991E-05 0.24836 0.414016
0.0859981 0.0271946 0.438414 0.448394
0.269103 0.141441 0.0803886 0.509067
0.312437 0.0493964 0.097519 0.540648
9.9991E-05 0.268056 0.134771 0.597073
0.383727 0.0141611 0.0890305 0.513082
0.147718 0.130994 0.0470731 0.674214
0.340378 0.0683956 0.0882542 0.502972
0.103803 0.190676 0.0835774 0.621943
9.9991E-05 0.191181 0.0794868 0.729233
0.128485 0.076884 0.153386 0.641246
0.355216 0.0475925 0.180701 0.41649
0.29026 0.165821 0.162407 0.381511
0.0805032 0.233426 0.0653218 0.620749
0.295583 0.0692271 0.171541 0.463649
0.0916311 0.0109361 0.092211 0.805222
0.195321 0.00890859 0.0916815 0.704089
0.443525 0.0171573 0.230759 0.308559
0.279752 0.424517 9.9991E-05 0.295632
0.120405 0.757775 0.0131326 0.108687
0.0815889 0.6989 9.9991E-05 0.219411
0.370665 0.483892 0.0839204 0.0615224
0.261766 9.9982E-05 9.9982E-05 0.738035
0.301634 0.0652909 0.110936 0.522139
0.928725 9.9991E-05 0.0153542 0.055821
0.588871 9.9991E-05 0.138239 0.27279
0.589335 0.0563462 0.115769 0.23855
0.098864 0.0940328 0.0922217 0.714882
0.254763 0.0682861 0.00737645 0.669574
9.9991E-05 0.162151 0.0263829 0.811367
0.298864 0.00892016 9.9991E-05 0.692116
0.219901 0.0341134 0.142525 0.60346
0.279229 0.0441348 9.9991E-05 0.676536
0.00898388 0.140429 0.0770974 0.77349
0.351305 0.0276299 0.0186939 0.602371
0.24458 0.0608726 0.0778167 0.616731
0.964481 0.0353186 9.9982E-05 9.9982E-05
0.966005 0.0337954 9.9982E-05 9.9982E-05
0.712137 0.0822717 9.9991E-05 0.205491
0.841912 0.0347278 9.9991E-05 0.12326
0.895811 0.0740416 9.9991E-05 0.0300473
0.946577 0.0532235 9.9982E-05 9.9982E-05
0.937575 0.0622251 9.9982E-05 9.9982E-05
0.996585 9.9982E-05 9.9982E-05 0.00321524
0.961661 0.0381392 9.9982E-05 9.9982E-05
0.957458 0.042342 9.9982E-05 9.9982E-05
0.959945 0.0398551 9.9982E-05 9.9982E-05
0.856524 0.0998122 9.9991E-05 0.0435642
0.874297 0.0877311 0.0157839 0.0221881
0.964642 0.0351577 9.9982E-05 9.9982E-05
0.547857 0.0990027 0.0979215 0.255219
0.78453 0.0459722 0.0896961 0.0798022
0.824317 0.175483 9.9982E-05 9.9982E-05
0.919392 0.0804077 9.9982E-05 9.9982E-05
0.954101 0.0456988 9.9982E-05 9.9982E-05
0.884219 0.115581 9.9982E-05 9.9982E-05
0.936866 0.0629337 9.9982E-05 9.9982E-05
0.778378 0.0750921 0.0200347 0.126495
0.899521 0.0521814 0.0481978 9.9991E-05
9.9982E-05 0.558582 9.9982E-05 0.441218
0.269296 0.204389 0.274741 0.251574
0.272117 0.253932 0.000404765 0.473545
0.154729 0.335844 9.9991E-05 0.509327
0.302551 0.15484 0.0351826 0.507427
0.119492 0.38688 9.9991E-05 0.493527
0.269418 0.200866 0.102281 0.427436
0.263441 0.222629 9.9991E-05 0.513829
0.33507 0.198029 0.00343877 0.463462
0.421924 0.229479 9.9991E-05 0.348497
0.280498 0.194354 0.09147 0.433678
0.0321076 0.880912 0.0637562 0.023224
0.0684448 0.931355 9.9982E-05 9.9982E-05
9.9982E-05 0.983424 0.0163761 9.9982E-05
0.0102446 0.941751 0.0479049 9.9991E-05
0.0405 0.906827 0.0525732 9.9991E-05
0.073027 0.926773 9.9982E-05 9.9982E-05
0.120316 0.879484 9.9982E-05 9.9982E-05
0.0450426 0.914206 0.0350747 0.00567658
0.0630588 0.922561 0.0142802 9.9991E-05
0.107087 0.892713 9.9982E-05 9.9982E-05
9.9991E-05 0.638976 0.314605 0.0463187
0.0129116 0.616798 0.369834 0.000455826
9.9991E-05 0.57871 0.317756 0.103434
9.9991E-05 0.489851 0.424368 0.0856813
0.236248 9.9991E-05 0.23993 0.523722
0.216823 0.078879 0.10995 0.594347
0.322307 9.9991E-05 0.16799 0.509603
0.173479 0.019514 0.288432 0.518574
0.0905655 9.9991E-05 0.682862 0.226472
0.333131 9.9991E-05 0.0518845 0.614885
0.276731 9.9991E-05 0.0956735 0.627496
0.229659 9.9991E-05 0.195241 0.575
0.143918 9.9982E-05 9.9982E-05 0.855882
0.338022 0.00972963 0.204832 0.447417
0.221573 9.9991E-05 0.181074 0.597253
9.9991E-05 0.0307353 0.189676 0.779489
0.299854 9.9991E-05 0.179944 0.520102
0.0500781 0.0626669 0.0510166 0.836238
0.280632 9.9991E-05 0.0597779 0.65949
9.9991E-05 0.0425788 0.284139 0.673182
9.9991E-05 0.135011 0.833116 0.0317737
0.018346 0.133598 0.768848 0.0792077
9.9982E-05 0.0452503 0.95455 9.9982E-05
9.9991E-05 0.104564 0.865069 0.0302666
0.0382124 0.0431339 0.862623 0.0560305
0.0660952 0.032384 0.901421 9.9991E-05
0.131309 0.868491 9.9982E-05 9.9982E-05
0.131416 0.781883 0.086601 9.9991E-05
0.235718 0.764082 9.9982E-05 9.9982E-05
0.172913 0.75736 0.069627 9.9991E-05
0.183596 0.79344 0.0228635 9.9991E-05
9.9982E-05 0.419524 0.580276 9.9982E-05
9.9991E-05 0.504375 0.371019 0.124506
9.9991E-05 0.42348 0.519515 0.0569049
0.176949 0.790131 0.0328198 9.9991E-05
0.000465118 0.380393 0.599905 0.0192366
0.506533 0.276508 9.9991E-05 0.21686
0.483141 0.0653084 0.0504041 0.401146
0.613276 0.150658 0.00534582 0.230721
0.378541 0.314924 0.013393 0.293142
0.476481 0.130964 0.0898538 0.302701
0.26175 0.58628 9.9991E-05 0.15187
0.145216 9.9991E-05 0.365511 0.489173
0.166471 0.0324719 0.275056 0.526002
0.19299 0.0436643 0.542748 0.220598
0.194569 0.0194382 0.187885 0.598109
9.9991E-05 0.0289078 0.327336 0.643657
0.342183 0.130177 0.106065 0.421575
0.208482 0.0118327 0.202738 0.576947
0.127576 0.000169896 0.48636 0.385894
0.330822 0.0376187 0.248663 0.382897
9.9991E-05 0.0662588 0.329366 0.604275
0.257429 9.9991E-05 0.226678 0.515793
0.28307 9.9991E-05 0.298949 0.417882
0.419605 0.156047 0.0973147 0.327034
0.170628 9.9991E-05 0.300717 0.528554
0.255899 9.9991E-05 0.283158 0.460844
0.279559 0.0186613 0.21109 0.49069
0.234161 9.9991E-05 0.169456 0.596283
0.354895 9.9991E-05 0.216639 0.428367
0.3454 0.023307 0.17676 0.454533
0.294061 0.0451649 0.209606 0.451168
0.191262 0.808538 9.9982E-05 9.9982E-05
0.105777 0.849114 9.9991E-05 0.0450092
0.0693363 0.810447 0.0590663 0.0611499
0.0925639 0.819029 0.0548769 0.0335298
0.13074 0.843719 9.9991E-05 0.0254411
0.150992 0.0168881 0.62884 0.20328
0.290169 0.0664077 0.0477352 0.595688
0.382516 0.20782 0.100038 0.309627
0.356718 9.9991E-05 0.218416 0.424766
0.229579 9.9991E-05 0.267961 0.50236
0.158866 0.0534743 0.420222 0.367438
9.9991E-05 0.151341 0.676404 0.172155
0.274502 9.9991E-05 0.305907 0.419492
0.127147 0.0803916 0.578076 0.214386
0.292923 0.0494611 0.205464 0.452152
0.075751 0.151595 0.583783 0.18887
0.380231 0.0127122 0.279101 0.327955
0.0784306 0.0651364 0.606728 0.249705
0.228198 0.00497527 0.398072 0.368755
0.300114 0.102626 0.0994105 0.497849
0.0671955 0.0910426 0.129585 0.712177
0.317245 0.02377 0.164703 0.494283
0.311443 0.0349219 0.0442867 0.609348
0.0768126 0.0700467 0.132706 0.720434
0.299217 0.0453639 0.224447 0.430973
0.167152 0.0358053 0.054148 0.742895
9.9991E-05 0.0756953 0.11065 0.813554
9.9982E-05 0.120651 9.9982E-05 0.879149
0.229199 0.0675549 0.0581885 0.645058
9.9991E-05 0.0950034 0.151218 0.753679
0.238997 9.9991E-05 0.167493 0.593409
0.0410763 0.0368911 0.655052 0.266981
0.0972449 9.9991E-05 0.355806 0.546849
0.268225 9.9991E-05 0.507149 0.224526
0.346211 9.9991E-05 0.32926 0.324429
0.0767751 9.9991E-05 0.559886 0.363239
0.337432 0.0378861 0.25662 0.368062
0.357264 0.0246419 0.134239 0.483854
0.334268 9.9991E-05 0.294561 0.371071
0.307368 9.9991E-05 0.36117 0.331362
0.288117 9.9991E-05 0.375671 0.336112
0.150111 9.9991E-05 0.562973 0.286816
0.251057 9.9991E-05 0.530611 0.218232
0.365391 9.9991E-05 0.216392 0.418117
0.391688 9.9991E-05 0.117819 0.490393
0.242368 0.0884132 0.214184 0.455036
0.323892 9.9991E-05 0.321479 0.354529
0.310129 0.0227796 0.44023 0.226861
0.355287 9.9991E-05 0.216031 0.428581
0.31727 9.9991E-05 0.243079 0.439551
0.360681 9.9991E-05 0.190695 0.448524
0.318134 0.333693 0.0306947 0.317479
0.455745 0.126447 9.9991E-05 0.417708
0.392122 0.137619 0.0218425 0.448416
0.443967 0.05239 0.0599806 0.443662
0.433789 0.154741 9.9991E-05 0.411369
0.212415 9.9991E-05 0.18787 0.599615
0.390922 0.0883167 0.097411 0.42335
0.0564897 0.416412 9.9991E-05 0.526999
0.443275 0.111629 0.0768376 0.368258
0.399082 0.0639938 0.135539 0.401385
0.531549 9.9991E-05 0.147608 0.320743
0.27265 0.266013 0.05813 0.403207
0.45192 0.155658 0.00666873 0.385754
0.434866 0.112009 9.9991E-05 0.453025
0.102988 0.712033 9.9991E-05 0.184879
0.478195 0.187916 0.0696735 0.264216
0.508524 0.129304 9.9991E-05 0.362072
0.461424 0.119051 0.00860093 0.410924
0.499982 0.150199 0.0820611 0.267758
0.398783 0.19724 0.00582758 0.39815
0.263576 0.0560905 0.0700201 0.610313
0.352656 0.0767097 0.108029 0.462605
9.9991E-05 0.0498784 0.176005 0.774017
9.9991E-05 0.12024 0.103916 0.775744
0.306063 0.0840189 0.0482803 0.561638
0.525214 0.0982338 0.00881912 0.367733
0.510253 0.112243 9.9991E-05 0.377404
0.354966 0.304532 9.9991E-05 0.340403
0.459165 0.250654 0.00884643 0.281334
0.0526097 0.264249 9.9991E-05 0.683041
0.104744 0.238212 9.9991E-05 0.656944
0.381467 9.9991E-05 0.0471552 0.571277
0.278338 0.108892 9.9991E-05 0.61267
0.167689 0.170709 9.9991E-05 0.661502
0.364241 0.0784311 0.0774323 0.479896
0.324707 9.9991E-05 0.0428994 0.632294
0.36156 0.0446939 0.102344 0.491401
0.0618836 0.0828505 0.0797835 0.775482
0.19329 0.0119177 0.178739 0.616054
0.272103 9.9991E-05 0.123352 0.604445
0.23473 0.0315694 0.185337 0.548363
0.285856 0.115868 0.126691 0.471585
0.221758 0.0127959 0.0454325 0.720013
0.0402344 0.0509762 0.159102 0.749688
0.289141 0.0365074 9.9991E-05 0.674252
0.0920583 0.0159188 0.12974 0.762283
0.160855 0.048773 0.00152758 0.788844
0.327572 0.0440941 0.116496 0.511837
0.241439 0.0672339 0.0994475 0.59188
0.398557 0.203948 0.0133969 0.384099
0.385331 0.10493 0.155106 0.354633
0.444449 0.209314 0.0575951 0.288642
0.293552 0.234078 0.0692626 0.403108
0.413276 0.139745 0.113098 0.333881
0.392863 0.138605 0.0286244 0.439907
0.0594553 0.368665 0.0391641 0.532716
0.515232 0.0651796 0.0444653 0.375123
0.071805 0.569893 9.9991E-05 0.358202
0.47346 0.0277476 9.9991E-05 0.498692
9.9982E-05 0.0511248 9.9982E-05 0.948675
9.9991E-05 0.0912496 0.140096 0.768554
0.150121 9.9991E-05 0.0555401 0.794239
0.273154 0.025603 9.9991E-05 0.701143
0.0589244 0.00740278 0.0645963 0.869077
0.241674 9.9991E-05 0.0163054 0.74192
0.211224 9.9982E-05 9.9982E-05 0.788576
0.0825387 0.841962 0.0129494 0.0625495
0.0988201 0.734121 0.166958 9.9991E-05
0.0789059 0.873665 0.047329 9.9991E-05
0.0768217 0.922978 9.9982E-05 9.9982E-05
0.302088 9.9991E-05 0.120675 0.577138
0.249721 0.0750348 9.9991E-05 0.675144
0.197471 9.9991E-05 0.0759236 0.726506
0.290935 9.9991E-05 0.0471047 0.66186
0.315166 0.0929783 0.167773 0.424083
0.0598417 0.0189063 0.202675 0.718577
0.283933 9.9991E-05 0.0739338 0.642033
0.0560903 0.0410153 9.9991E-05 0.902794
0.440818 0.210328 0.155031 0.193824
0.244392 9.9991E-05 0.0869646 0.668543
0.152496 9.9991E-05 0.160791 0.686613
0.253081 9.9991E-05 0.0458434 0.700976
0.124155 0.00126563 0.155911 0.718668
0.290753 9.9982E-05 9.9982E-05 0.709047
0.295128 0.00702009 0.0906751 0.607176
9.9991E-05 0.000661114 0.0158758 0.983363
0.0609406 0.0425281 0.0558495 0.840682
0.140288 0.00107113 0.130889 0.727751
9.9982E-05 0.0274699 9.9982E-05 0.97233
0.212119 9.9991E-05 0.17617 0.611611
9.9991E-05 0.0461486 0.00436318 0.949388
9.9991E-05 0.118428 0.0499253 0.831546
0.246537 0.00502759 0.0939641 0.654471
0.0404222 0.0376499 0.173241 0.748687
0.250045 9.9991E-05 0.196019 0.553836
0.360837 0.0161617 0.0485832 0.574418
0.233776 9.9991E-05 0.128176 0.637948
0.1877 9.9991E-05 0.282865 0.529335
0.208013 0.0706475 9.9991E-05 0.72124
0.217993 9.9991E-05 0.0791402 0.702767
0.0571935 0.00174748 0.0748418 0.866217
0.299083 9.9991E-05 0.171224 0.529593
0.0138371 0.639756 0.319877 0.0265307
0.0427786 0.764972 0.13803 0.0542191
9.9982E-05 0.848735 0.151065 9.9982E-05
9.9982E-05 0.837358 0.162442 9.9982E-05
9.9982E-05 0.74787 0.25193 9.9982E-05
0.00833268 0.065971 0.226855 0.698841
9.9991E-05 0.0928873 0.12471 0.782303
9.998E-05 9.998E-05 9.998E-05 0.9997
0.322026 9.9991E-05 0.121295 0.556579
0.275803 0.073644 0.011121 0.639432
0.0559888 0.0611522 9.9991E-05 0.882759
0.299362 9.9991E-05 0.0174099 0.683128
0.173383 0.0715911 9.9991E-05 0.754926
0.244681 0.00185086 0.039875 0.713594
0.311341 9.9991E-05 0.128369 0.56019
0.0758347 0.0105579 0.240706 0.672902
0.106774 0.00760552 0.104517 0.781104
0.0964682 9.9991E-05 0.217484 0.685948
0.354093 0.0712738 0.0431163 0.531517
0.139677 9.9991E-05 0.153824 0.706399
0.203232 0.020731 0.121706 0.654331
0.679856 9.9991E-05 0.099874 0.22017
0.627244 0.133694 0.00639379 0.232668
0.684663 0.0928776 9.9991E-05 0.222359
0.662841 0.174159 0.00295129 0.160049
0.555784 0.147789 9.9991E-05 0.296327
0.202259 0.0484713 9.9991E-05 0.74917
0.669349 0.330451 9.9982E-05 9.9982E-05
0.612777 0.177857 0.0105677 0.198798
0.358858 0.178007 0.00137005 0.461765
0.244351 0.173283 0.0282711 0.554094
0.194472 0.167117 0.095781 0.54263
0.300217 0.105433 0.0491916 0.545159
0.270434 0.00275309 0.156857 0.569956
0.678487 0.188537 0.00562592 0.12735
0.616192 0.0933017 0.0749245 0.215582
0.726517 0.127097 0.0476038 0.0987824
0.463378 0.174974 9.9991E-05 0.361547
0.647874 0.149515 0.0188179 0.183793
0.598378 0.0985455 0.120932 0.182144
0.670157 0.184971 9.9991E-05 0.144771
0.57865 0.0612888 0.138797 0.221264
0.268861 0.103841 9.9991E-05 0.627198
0.531725 0.241423 9.9991E-05 0.226751
0.689993 0.298127 9.9991E-05 0.01178
0.560619 0.12142 0.077594 0.240366
0.0657594 0.241179 0.271006 0.422055
0.391585 0.0391965 0.082508 0.486711
0.541158 0.130082 0.184359 0.144401
0.376413 0.0893007 0.0950755 0.439211
0.245559 0.194457 0.0403796 0.519605
0.364565 0.201911 0.107848 0.325676
0.446065 0.242336 0.0746203 0.236979
0.431888 0.0446088 0.00453271 0.51897
0.562576 0.138405 0.0433929 0.255625
0.683201 0.0954606 9.9991E-05 0.221239
0.711973 0.265726 9.9991E-05 0.0222012
0.381919 0.030418 0.0829376 0.504726
0.144188 0.165138 0.0868793 0.603795
9.9982E-05 0.305797 9.9982E-05 0.694003
0.358453 0.103321 9.9991E-05 0.538126
0.264613 0.108537 0.258121 0.368729
0.359948 0.248875 9.9991E-05 0.391077
0.28864 0.13117 0.159233 0.420957
0.144353 0.552855 9.9991E-05 0.302692
0.0345734 0.571822 9.9991E-05 0.393504
0.20002 0.239492 0.128879 0.43161
0.151512 0.509988 9.9991E-05 0.3384
0.147149 0.621655 9.9991E-05 0.231097
0.329163 0.134058 0.0327966 0.503983
0.331684 0.211 0.0829738 0.374343
0.228616 0.397408 0.0219395 0.352036
0.142483 0.468345 9.9991E-05 0.389073
0.31427 0.166756 0.0318425 0.487131
0.17171 0.314862 9.9991E-05 0.513329
0.0248806 0.677015 9.9991E-05 0.298004
0.394725 0.0944405 0.10572 0.405115
0.489272 0.192626 0.0446709 0.273431
0.393534 0.25821 0.0638962 0.284359
0.622701 0.137264 9.9991E-05 0.239934
0.466485 0.130955 0.0125733 0.389987
0.467055 0.151767 9.9991E-05 0.381078
0.391114 0.379478 0.0862796 0.143129
0.490194 0.143465 0.0545544 0.311787
0.53228 0.155928 0.0989902 0.212802
0.373039 0.302078 9.9991E-05 0.324783
0.290513 0.184805 0.178162 0.346521
0.383719 0.109075 0.215777 0.291429
0.410999 0.0990788 0.15123 0.338692
0.408462 0.0450546 0.062888 0.483596
0.523717 0.227505 0.116925 0.131854
0.469347 0.183465 9.9991E-05 0.347087
0.306314 0.451534 9.9991E-05 0.242052
0.512263 0.151003 0.124286 0.212448
0.442971 0.351907 9.9991E-05 0.205021
0.00440426 0.826966 0.149255 0.0193747
0.00527239 0.0603135 0.760811 0.173603
9.9982E-05 0.00400009 0.9958 9.9982E-05
9.998E-05 9.998E-05 0.9997 9.998E-05
9.998E-05 9.998E-05 0.9997 9.998E-05
0.0168845 9.9982E-05 0.982915 9.9982E-05
0.00734465 9.9982E-05 0.992455 9.9982E-05
9.9982E-05 0.0494545 0.950346 9.9982E-05
9.9982E-05 0.17719 0.82261 9.9982E-05
0.0846955 0.915105 9.9982E-05 9.9982E-05
0.0879435 0.770958 0.140999 9.9991E-05
0.0938735 0.900877 0.00514926 9.9991E-05
0.0132339 0.842678 0.143988 9.9991E-05
0.0853864 0.906141 0.0083726 9.9991E-05
0.0161975 0.917767 0.048608 0.0174275
0.172948 0.779736 0.0472156 9.9991E-05
0.121811 0.877989 9.9982E-05 9.9982E-05
0.127108 0.717289 0.14765 0.00795346
0.107961 0.891839 9.9982E-05 9.9982E-05
0.00423049 0.974106 0.0215632 9.9991E-05
0.0980265 0.822279 0.0614661 0.0182281
0.0680695 0.920249 0.0115814 9.9991E-05
0.0987918 0.901008 9.9982E-05 9.9982E-05
0.119538 0.877719 0.00264347 9.9991E-05
0.167833 0.831967 9.9982E-05 9.9982E-05
0.196399 0.803401 9.9982E-05 9.9982E-05
0.233218 0.763022 0.0022225 0.00153823
0.183077 0.816723 9.9982E-05 9.9982E-05
0.253031 0.173069 0.13522 0.438679
0.320366 0.0485712 9.9991E-05 0.630963
0.421202 0.00917362 0.129337 0.440287
9.9982E-05 0.215696 9.9982E-05 0.784104
0.232306 0.0969311 0.198096 0.472666
9.9982E-05 0.336736 9.9982E-05 0.663064
0.314514 0.134218 9.9991E-05 0.551168
0.125576 0.102179 0.206758 0.565487
0.230773 0.0755069 0.107029 0.586691
0.22234 9.9991E-05 0.104106 0.673454
0.177939 0.119281 0.152646 0.550134
0.303497 0.0453069 0.100479 0.550717
0.309942 0.0619777 0.175702 0.452379
0.051206 0.00828693 0.499994 0.440513
9.9991E-05 0.23049 0.0640162 0.705394
9.9991E-05 0.236394 0.0590598 0.704446
0.339666 0.0568842 0.112693 0.490758
0.28591 0.0739528 0.0894561 0.550682
0.262227 0.11299 0.0116577 0.613126
0.393128 0.00688028 0.0696873 0.530304
0.452455 0.153762 0.0505996 0.343183
0.489925 0.118939 0.049354 0.341782
0.197101 0.463048 0.149946 0.189905
0.358129 0.0499242 0.0988564 0.493091
0.330355 0.256522 0.107398 0.305725
0.110124 0.623524 9.9991E-05 0.266252
0.351161 0.350797 9.9991E-05 0.297942
0.301723 0.360472 0.0403447 0.297461
0.335032 0.260477 0.176569 0.227922
0.49581 0.0799235 0.163658 0.260609
0.472309 0.16417 0.0874062 0.276115
0.490895 0.0615036 0.0715767 0.376025
0.378011 0.151635 0.0517154 0.418639
0.314562 0.460911 0.0229855 0.201541
