0.848769 0.0177714 0.0727957 0.0191985 0.0410651 9.9964E-05 9.9964E-05 9.9964E-05 9.9964E-05
0.894218 0.00195856 0.0218111 9.9973E-05 0.0326044 9.9973E-05 0.0255234 0.0235851 9.9973E-05
0.754671 0.024019 0.0168835 0.0235426 0.0833661 0.0972176 9.9973E-05 9.9973E-05 9.9973E-05
0.744804 9.9964E-05 0.123522 0.0530105 0.0436581 0.034606 9.9964E-05 9.9964E-05 9.9964E-05
0.856972 9.9955E-05 9.9955E-05 0.0581327 9.9955E-05 0.00918537 0.07521 9.9955E-05 9.9955E-05
0.560818 9.9973E-05 0.0222115 0.0940392 0.0111208 9.9973E-05 9.9973E-05 0.0201656 0.291345
0.766211 9.9946E-05 9.9946E-05 9.9946E-05 0.0464179 9.9946E-05 9.9946E-05 9.9946E-05 0.186771
0.683329 9.99597E-05 0.0333079 9.99597E-05 0.0164493 9.99597E-05 9.99597E-05 9.99597E-05 0.266414
0.767606 0.0712185 0.0623841 9.99729E-05 0.0535733 9.99729E-05 9.99729E-05 0.0291317 0.015786
0.674688 9.9964E-05 9.9964E-05 0.0300298 0.0184254 0.0776547 9.9964E-05 9.9964E-05 0.198803
0.725455 9.9946E-05 0.0543431 9.9946E-05 9.9946E-05 9.9946E-05 9.9946E-05 9.9946E-05 0.219602
9.9964E-05 9.9964E-05 0.477207 0.0293012 9.9964E-05 0.281825 9.9964E-05 0.132429 0.078838
9.9982E-05 0.0517791 0.287793 0.0397719 0.0402059 0.520674 0.0500484 0.0095276 9.9982E-05
9.9982E-05 0.148785 0.394386 0.0462972 0.00751737 0.263633 0.0776845 0.0614968 9.9982E-05
0.0546022 0.0725465 0.307504 0.116022 9.9982E-05 0.330741 0.062574 0.0558099 9.9982E-05
0.119041 0.0489236 0.168642 0.15018 9.9991E-05 0.296242 0.0608648 0.125008 0.0309984
0.0593278 0.0617644 0.112184 0.0341242 0.0236362 0.657257 0.0152129 0.0363938 9.9991E-05
9.999E-05 0.0861519 0.188968 0.0925051 0.00485353 0.402935 0.035193 0.116506 0.0727873
0.0881025 0.101558 0.336281 9.9964E-05 9.9964E-05 0.413723 9.9964E-05 0.0599348 9.9964E-05
9.9973E-05 9.9973E-05 0.616151 0.0919961 0.00845406 9.9973E-05 0.0183081 0.101905 0.162886
9.9982E-05 0.0158061 0.25447 0.119868 0.0277705 0.354197 0.04256 0.185129 9.9982E-05
9.9982E-05 0.104142 0.0821622 9.9982E-05 0.0423644 0.476192 0.165219 0.0549511 0.0747689
0.0952817 9.9982E-05 0.176369 9.9982E-05 0.031897 0.513644 0.0452107 0.0189401 0.118458
9.9982E-05 0.0196021 0.294253 0.10248 0.041896 0.310753 9.9982E-05 0.154286 0.07653
0.11189 0.0373057 0.0818248 0.0609656 0.0257628 0.528757 9.9991E-05 0.127186 0.0262078
9.9982E-05 0.00497529 0.16264 0.109699 0.0288958 0.518304 9.9982E-05 0.132888 0.042398
0.031898 0.0416223 0.446762 0.0493309 0.0208504 0.259193 9.9991E-05 0.0782438 0.0719993
9.9973E-05 0.0947975 0.456669 0.187922 0.00983413 0.135893 9.9973E-05 0.114583 9.9973E-05
9.9973E-05 0.0435302 0.418822 9.9973E-05 9.9973E-05 0.28792 0.110692 0.0752598 0.0634761
9.993E-05 9.993E-05 9.993E-05 9.993E-05 0.999201 9.993E-05 9.993E-05 9.993E-05 9.993E-05
9.993E-05 9.993E-05 9.993E-05 9.993E-05 0.999201 9.993E-05 9.993E-05 9.993E-05 9.993E-05
0.478629 0.0076244 0.0226008 0.0533301 0.357158 0.00622086 9.9982E-05 0.0742373 9.9982E-05
0.472923 0.0623593 9.9973E-05 0.0963021 0.292967 0.0213224 9.9973E-05 0.0538267 9.9973E-05
9.9964E-05 9.9964E-05 0.0410633 9.9964E-05 0.0544494 0.454832 9.9964E-05 0.266176 0.18308
0.0962512 9.9964E-05 0.0568507 0.0674538 9.9964E-05 0.481765 9.9964E-05 0.297279 9.9964E-05
0.0369816 9.9955E-05 9.9955E-05 9.9955E-05 9.9955E-05 0.501792 9.9955E-05 0.409849 0.0508776
0.0646052 0.0245022 0.583113 9.9982E-05 0.0608481 0.170097 0.00469404 0.0919398 9.9982E-05
9.9973E-05 0.0260541 9.9973E-05 0.00292061 0.0521424 0.276798 0.00584469 0.63594 9.9973E-05
0.0497561 0.174762 9.9973E-05 0.0012826 9.9973E-05 0.530086 0.00663713 0.237176 9.9973E-05
0.00258105 0.0326599 9.9964E-05 9.9964E-05 9.9964E-05 0.580036 9.9964E-05 0.263639 0.120684
0.0226946 9.9973E-05 9.9973E-05 0.061506 0.0545005 0.377965 9.9973E-05 0.0928483 0.390186
0.0927572 9.9973E-05 0.0383183 9.9973E-05 0.0716648 0.568104 9.9973E-05 0.0975626 0.131293
0.00450513 0.0286569 0.114562 9.9973E-05 0.0311627 0.102268 9.9973E-05 0.718545 9.9973E-05
0.0484681 9.9973E-05 0.0237463 0.0460152 9.9973E-05 0.529416 9.9973E-05 0.0685796 0.283475
0.0110914 9.9982E-05 9.9982E-05 0.0892531 0.0642537 0.441533 0.12702 0.206601 0.0600466
0.0846487 0.0593587 0.0623726 0.0450603 0.0109014 0.506414 9.9991E-05 0.17391 0.0572351
9.9946E-05 0.0550615 9.9946E-05 9.9946E-05 9.9946E-05 0.311503 9.9946E-05 0.632835 9.9946E-05
0.0977301 9.9973E-05 0.0038723 0.0491604 9.9973E-05 0.532678 9.9973E-05 0.307429 0.00883071
9.9964E-05 0.163958 9.9964E-05 0.0282793 0.0430522 0.563903 9.9964E-05 0.200407 9.9964E-05
0.0503051 0.209062 9.9964E-05 9.9964E-05 9.9964E-05 9.9964E-05 0.0555051 0.645453 0.0392751
9.9982E-05 0.0409027 0.415396 0.00209435 9.9982E-05 0.145248 0.0626132 0.200751 0.132795
9.9973E-05 0.269269 0.23428 9.9973E-05 9.9973E-05 0.05491 0.0924366 0.240344 0.108461
0.088071 0.0396018 0.149883 9.9982E-05 0.0396582 0.571002 0.0584997 0.053084 9.9982E-05
0.0767214 0.0269079 0.032302 0.00612693 0.0755704 0.66699 0.0455628 9.9991E-05 0.0697188
0.00146754 0.0456518 0.0587761 0.0266371 0.0503963 0.569555 0.109955 9.9991E-05 0.137461
0.0679294 0.0396767 0.337836 9.9991E-05 0.0646976 0.150246 0.00561116 0.293455 0.0404475
9.9964E-05 9.9964E-05 0.264045 9.9964E-05 0.045208 0.544643 0.0973109 0.0483935 9.9964E-05
9.9973E-05 0.0841705 0.113381 0.145175 9.9973E-05 0.486613 9.9973E-05 0.0238039 0.146556
0.0823891 0.0756456 0.16421 9.9991E-05 0.0449605 0.326417 0.0720897 0.168547 0.0656408
0.0872482 0.186229 0.35361 0.0343269 0.0492832 0.0508441 0.0266288 0.142468 0.0693631
0.0278434 0.0917428 0.109576 9.9991E-05 0.0645032 0.566623 0.050869 0.00682202 0.0819205
0.00359877 0.133652 0.267858 9.9973E-05 9.9973E-05 0.479788 0.0730096 0.041793 9.9973E-05
9.9982E-05 0.102827 0.467626 9.9982E-05 0.0475632 0.0068497 0.0649497 0.261044 0.0489402
9.9973E-05 0.122639 0.162661 9.9973E-05 9.9973E-05 0.462942 0.0587898 0.188822 0.0038459
0.0050808 9.9991E-05 0.0604883 0.00420777 0.0212213 0.622807 0.143901 0.0671896 0.0750038
0.0394114 0.0025673 0.159477 0.0580313 0.0603159 0.539789 9.9982E-05 9.9982E-05 0.140209
9.9964E-05 0.156018 0.263471 9.9964E-05 9.9964E-05 0.305252 0.124201 0.150658 9.9964E-05
9.9973E-05 0.139488 0.0327525 9.9973E-05 0.0679195 0.521383 0.0740236 0.164133 9.9973E-05
0.0449235 0.00178014 0.125924 0.00931878 0.0391833 0.593564 0.0384693 0.0945986 0.0522383
9.9973E-05 0.0715987 0.332625 9.9973E-05 0.046293 0.24079 0.115351 0.193042 9.9973E-05
9.9946E-05 9.9946E-05 0.083129 9.9946E-05 9.9946E-05 0.495118 9.9946E-05 0.421153 9.9946E-05
0.00921367 9.9973E-05 0.0799773 0.00140281 0.0296464 0.184998 9.9973E-05 0.694462 9.9973E-05
0.130867 0.0538589 0.0428852 0.0158884 0.0388574 0.480215 9.9982E-05 0.237228 9.9982E-05
9.9946E-05 0.1143 9.9946E-05 9.9946E-05 9.9946E-05 9.9946E-05 0.0563762 0.828724 9.9946E-05
9.9955E-05 0.0457907 9.9955E-05 9.9955E-05 9.9955E-05 9.9955E-05 0.123536 0.812823 0.0173503
0.009247 9.9946E-05 9.9946E-05 9.9946E-05 9.9946E-05 0.25813 9.9946E-05 0.732023 9.9946E-05
9.9964E-05 9.9964E-05 0.0476646 9.9964E-05 0.0307607 0.388604 9.9964E-05 0.497762 0.0348091
0.0403577 9.9982E-05 0.0971725 0.053417 9.9982E-05 0.535961 0.0335413 0.221043 0.0183078
0.0199826 0.0472065 0.0327172 9.9973E-05 9.9973E-05 0.452724 9.9973E-05 0.361823 0.0852477
0.0243124 9.9964E-05 0.160624 0.0721881 9.9964E-05 0.0713406 9.9964E-05 0.671135 9.9964E-05
0.0376818 9.9964E-05 0.181689 9.9964E-05 0.0120534 0.229719 9.9964E-05 0.538457 9.9964E-05
0.011523 9.9973E-05 0.0944071 0.113633 9.9973E-05 0.546525 0.0321384 0.201474 9.9973E-05
0.0652548 9.9973E-05 0.0705251 0.00951952 9.9973E-05 0.266149 0.0245997 0.563652 9.9973E-05
0.0960825 9.9964E-05 9.9964E-05 0.0065735 9.9964E-05 0.373377 9.9964E-05 0.492118 0.0314499
9.9973E-05 0.0139592 9.9973E-05 9.9973E-05 0.024667 0.321441 0.0154136 0.594543 0.0296757
9.9964E-05 0.0491895 0.0196762 9.9964E-05 9.9964E-05 9.9964E-05 0.212195 0.68387 0.0346692
0.0133197 0.0244707 0.0619986 0.086628 9.9982E-05 0.596478 9.9982E-05 0.215493 0.00141184
0.782457 9.9955E-05 0.0539631 9.9955E-05 0.0274715 0.135609 9.9955E-05 9.9955E-05 9.9955E-05
0.795791 9.9946E-05 9.9946E-05 9.9946E-05 0.11014 0.0934691 9.9946E-05 9.9946E-05 9.9946E-05
0.779187 0.000640957 9.9964E-05 0.0417801 0.113866 0.0641253 9.9964E-05 9.9964E-05 9.9964E-05
0.738989 0.100365 9.9955E-05 9.9955E-05 0.119446 0.0407005 9.9955E-05 9.9955E-05 9.9955E-05
0.754789 0.0412133 9.9973E-05 0.00349579 0.118306 0.079001 9.9973E-05 0.00289478 9.9973E-05
0.833671 0.0452602 9.9973E-05 0.021226 0.049436 0.0418669 0.00824025 9.9973E-05 9.9973E-05
0.86403 0.0105704 9.9964E-05 0.0191682 0.0365666 0.0692652 9.9964E-05 9.9964E-05 9.9964E-05
0.0620087 9.9982E-05 0.108866 0.147169 0.0804565 0.366207 9.9982E-05 0.228433 0.00665965
0.0422736 0.0752797 0.0913774 0.0216477 0.103467 0.524659 9.9982E-05 0.141096 9.9982E-05
0.0661286 9.9955E-05 0.108981 9.9955E-05 9.9955E-05 0.0335018 9.9955E-05 0.790888 9.9955E-05
0.0797598 0.000134111 0.0657357 0.00598362 0.0414759 0.523315 0.0391647 0.136841 0.10759
0.0378682 9.9973E-05 0.0586846 9.9973E-05 0.0220572 0.414924 9.9973E-05 0.44117 0.0249967
0.0780677 9.9991E-05 0.00126104 0.0151219 0.0432391 0.537524 0.0278506 0.228527 0.0683091
0.0490709 9.9973E-05 9.9973E-05 0.012276 0.00447374 0.467552 9.9973E-05 0.386208 0.0801194
0.0327139 9.9973E-05 9.9973E-05 0.127003 9.9973E-05 0.396662 0.0125001 0.424839 0.00598243
0.0671071 9.9946E-05 0.192189 9.9946E-05 9.9946E-05 9.9946E-05 9.9946E-05 0.740104 9.9946E-05
0.107201 0.0694564 0.10938 0.0141673 0.00810069 0.521628 9.9991E-05 0.116625 0.053342
0.0938704 0.0138522 9.9982E-05 0.0467392 9.9982E-05 0.557465 0.133553 0.133885 0.0204351
0.0752401 0.0504273 0.0684019 0.0472434 0.0151256 0.533347 0.0492026 0.160912 9.9991E-05
9.9982E-05 0.0403797 9.9982E-05 0.0430515 0.00789632 0.239377 0.0127885 0.575055 0.0812515
0.0360351 9.9964E-05 9.9964E-05 9.9964E-05 0.0492688 0.421484 0.0839775 0.408835 9.9964E-05
0.016938 9.9973E-05 0.119574 9.9973E-05 0.0183856 0.487316 0.0425432 0.314943 9.9973E-05
9.9964E-05 9.9964E-05 9.9964E-05 0.125686 9.9964E-05 0.266979 0.0153109 0.587969 0.00365551
0.0720166 9.9964E-05 0.0798906 9.9964E-05 0.021172 0.418631 9.9964E-05 0.40789 9.9964E-05
0.127498 0.0811497 0.0297941 9.9973E-05 9.9973E-05 0.544472 0.0212991 0.195487 9.9973E-05
9.9973E-05 0.194282 0.256692 9.9973E-05 0.0216318 0.215249 0.174921 0.136924 9.9973E-05
0.0352608 0.0651122 0.289309 0.0378375 0.0690133 0.407899 9.9991E-05 0.0304816 0.0649869
0.0769205 0.0423587 0.188399 0.0233694 0.0336809 0.544384 9.9982E-05 0.0906876 9.9982E-05
0.0675144 0.0278749 0.140532 0.0932766 9.9982E-05 0.535952 9.9982E-05 0.0753746 0.0592755
9.9973E-05 0.0116113 0.333957 9.9973E-05 0.0588669 0.534178 0.043502 0.0175852 9.9973E-05
0.0181041 9.9982E-05 0.23954 0.062427 0.00133201 0.558885 0.0989875 0.0205245 9.9982E-05
0.013861 9.9964E-05 0.378856 0.030496 9.9964E-05 0.503697 0.0726904 9.9964E-05 9.9964E-05
0.0204234 0.0877149 0.0884398 9.9973E-05 9.9973E-05 0.638263 0.0494785 0.115381 9.9973E-05
0.0738487 0.0215443 0.218176 9.9964E-05 9.9964E-05 0.631149 9.9964E-05 9.9964E-05 0.0548821
9.9973E-05 9.9973E-05 0.211021 9.9973E-05 0.0391949 0.552389 0.038512 0.120238 0.0383448
9.9955E-05 9.9955E-05 0.314702 9.9955E-05 9.9955E-05 0.520298 0.0812537 0.0832472 9.9955E-05
9.9982E-05 0.0612238 0.0861775 9.9982E-05 0.00179361 0.659321 0.00686919 0.0276684 0.156747
0.0256861 0.0399302 0.0666021 0.0735273 0.0484557 0.494241 0.0597784 0.191679 9.9991E-05
9.9964E-05 9.9964E-05 0.195577 0.04708 9.9964E-05 0.616481 0.107427 0.0330345 9.9964E-05
9.9982E-05 0.0699514 0.0673083 0.0513225 0.0590995 0.566207 0.0963051 9.9982E-05 0.0896057
9.9973E-05 0.077558 0.136008 0.0230711 9.9973E-05 0.614113 0.0658505 0.0830991 9.9973E-05
0.0181792 0.0515439 0.255799 9.9991E-05 0.0544097 0.346596 0.119157 0.0421875 0.112028
9.9946E-05 0.0833494 0.209901 9.9946E-05 9.9946E-05 0.70615 9.9946E-05 9.9946E-05 9.9946E-05
9.9955E-05 0.0745611 0.129525 9.9955E-05 9.9955E-05 0.737193 0.058221 9.9955E-05 9.9955E-05
9.9964E-05 9.9964E-05 0.385865 0.152897 9.9964E-05 0.215062 0.0994173 0.146359 9.9964E-05
9.9973E-05 0.190439 0.2968 0.00219978 9.9973E-05 0.16226 0.282594 0.0654069 9.9973E-05
0.0112087 0.0181951 0.198077 0.01007 0.0303969 0.527459 0.0272123 0.0662545 0.111126
9.9964E-05 0.143647 0.230283 9.9964E-05 9.9964E-05 0.13967 0.247293 0.238707 9.9964E-05
0.0838747 9.9973E-05 0.368388 9.9973E-05 9.9973E-05 0.254519 0.0934179 0.13517 0.0643303
9.9982E-05 0.0157575 0.309917 0.0111805 9.9982E-05 0.393583 0.0650174 0.163078 0.0412667
9.9973E-05 9.9973E-05 0.432408 9.9973E-05 0.0364155 0.343061 0.0310965 0.153608 0.00311204
9.9964E-05 0.0124942 0.491597 9.9964E-05 9.9964E-05 0.331282 9.9964E-05 0.104293 0.0599337
0.0149576 9.9982E-05 0.133325 0.0317205 0.0347298 0.553383 9.9982E-05 0.100558 0.131125
0.0867434 0.0449384 0.0645324 0.0757073 9.9991E-05 0.438601 0.0702293 0.163949 0.0551998
0.0780786 0.0196335 0.188058 9.9982E-05 0.0282666 0.517015 0.0842623 0.0844863 9.9982E-05
9.9964E-05 0.218961 0.316873 9.9964E-05 9.9964E-05 0.176126 0.0971656 0.190474 9.9964E-05
0.147211 0.072391 0.0316286 0.0152426 0.0400397 0.430268 0.0173367 0.174617 0.0712648
9.9991E-05 0.0364281 0.0428256 0.0802337 0.0525533 0.465076 0.113793 0.114479 0.094511
0.0272703 0.31515 0.107199 9.9973E-05 9.9973E-05 9.9973E-05 0.149672 0.187888 0.212521
0.0911236 9.9982E-05 9.9982E-05 0.00679551 0.0198546 0.569512 0.0856628 0.139354 0.0874967
0.0711818 0.171668 9.9982E-05 0.0123824 9.9982E-05 0.302733 0.0885096 0.171792 0.181533
0.0311866 0.220386 0.0411976 9.9982E-05 9.9982E-05 0.524382 0.0256022 0.100867 0.0561781
9.9973E-05 0.274807 0.133787 9.9973E-05 0.0104253 0.169858 9.9973E-05 0.0981815 0.312641
9.9982E-05 0.144508 0.128542 9.9982E-05 0.0359298 0.153586 0.0847545 0.154359 0.298121
0.026123 0.0519215 0.119227 9.9991E-05 0.00720702 0.390871 0.156865 0.122717 0.124968
0.136088 0.00227523 0.186512 0.0922539 0.0125466 0.441666 0.00766351 9.9991E-05 0.120894
0.115183 0.068283 0.156245 0.0543709 9.9982E-05 0.411677 9.9982E-05 0.0634996 0.130542
9.9973E-05 0.196869 0.132391 0.145114 9.9973E-05 9.9973E-05 0.0947229 0.241517 0.189086
0.017199 0.0612916 0.0950756 9.9991E-05 0.0287252 0.543622 0.0270719 0.0522112 0.174704
9.9973E-05 0.0856292 0.0900058 9.9973E-05 9.9973E-05 0.287347 0.0425445 0.228872 0.265301
9.9973E-05 0.0995709 0.0227121 9.9973E-05 9.9973E-05 0.452838 0.10531 0.144677 0.174592
0.124159 9.9982E-05 9.9982E-05 0.0188266 0.0199982 0.542396 0.0668995 0.107358 0.120162
0.212715 0.174789 9.9973E-05 0.222525 0.0662928 0.13165 9.9973E-05 9.9973E-05 0.191728
0.386576 0.401848 9.9973E-05 0.0821631 0.0107535 9.9973E-05 0.0136298 9.9973E-05 0.104729
0.270768 0.445733 9.9973E-05 0.0871264 0.0638449 9.9973E-05 0.0681027 9.9973E-05 0.0641252
0.264406 0.295554 9.9973E-05 0.225115 0.0463737 0.135642 9.9973E-05 9.9973E-05 0.0326107
9.9955E-05 9.9955E-05 9.9955E-05 9.9955E-05 9.9955E-05 0.56109 0.0818933 0.0450676 0.31145
0.0504389 0.101965 0.0903744 9.9991E-05 0.0603667 0.552574 0.0656828 0.00626436 0.0722332
9.99371E-05 9.99371E-05 9.99371E-05 0.64096 9.99371E-05 0.35834 9.99371E-05 9.99371E-05 9.99371E-05
0.0486345 9.9973E-05 0.0551442 0.429142 0.0178599 0.337131 9.9973E-05 0.111788 9.9973E-05
0.0369346 9.9982E-05 0.0980474 0.334019 0.0360854 0.378842 9.9982E-05 0.0013425 0.114529
9.9982E-05 0.0171569 9.9982E-05 0.0032929 0.014861 0.237009 0.172913 0.115182 0.439386
9.9991E-05 0.0812274 0.028351 0.00385083 0.0462786 0.408113 0.0908753 0.243535 0.0976684
9.9973E-05 0.0604163 9.9973E-05 0.00791404 9.9973E-05 0.0972537 0.253151 0.0198081 0.561157
0.00969399 0.0678266 9.9991E-05 0.00973093 0.00599587 0.570179 0.0287179 0.105979 0.201777
9.9973E-05 0.0856392 9.9973E-05 9.9973E-05 0.00222347 0.443833 0.224766 0.0387103 0.204528
0.0581756 0.0106011 9.9982E-05 0.0409358 9.9982E-05 0.48958 0.0569801 0.0813453 0.262182
9.9973E-05 0.153086 0.0149341 9.9973E-05 9.9973E-05 0.0915908 0.13838 0.157175 0.444533
0.00859573 0.0256106 0.00279985 0.105612 9.9991E-05 0.575075 0.104921 0.0291731 0.148113
0.0197238 0.019479 9.9991E-05 0.069106 0.0425662 0.495956 0.0233242 0.150774 0.17897
9.9946E-05 9.9946E-05 9.9946E-05 0.955966 9.9946E-05 0.00420483 9.9946E-05 0.03923 9.9946E-05
9.9955E-05 9.9955E-05 9.9955E-05 0.893849 9.9955E-05 0.011326 0.0428124 9.9955E-05 0.051513
0.0416217 9.9964E-05 0.0971291 0.558681 9.9964E-05 0.257028 0.0451408 9.9964E-05 9.9964E-05
0.0200354 9.9964E-05 0.0026781 0.631271 9.9964E-05 0.306389 0.0392268 9.9964E-05 9.9964E-05
0.0219737 9.9955E-05 0.0238993 0.834293 9.9955E-05 9.9955E-05 9.9955E-05 9.9955E-05 0.119334
9.9937E-05 9.9937E-05 9.9937E-05 0.976572 0.0227281 9.9937E-05 9.9937E-05 9.9937E-05 9.9937E-05
9.9946E-05 9.9946E-05 0.0295281 0.916884 0.052988 9.9946E-05 9.9946E-05 9.9946E-05 9.9946E-05
9.9937E-05 9.9937E-05 9.9937E-05 0.84765 9.9937E-05 0.151651 9.9937E-05 9.9937E-05 9.9937E-05
9.9937E-05 9.9937E-05 0.035848 0.963452 9.9937E-05 9.9937E-05 9.9937E-05 9.9937E-05 9.9937E-05
9.993E-05 9.993E-05 9.993E-05 0.999201 9.993E-05 9.993E-05 9.993E-05 9.993E-05 9.993E-05
9.9937E-05 9.9937E-05 9.9937E-05 0.953272 0.0460281 9.9937E-05 9.9937E-05 9.9937E-05 9.9937E-05
9.9964E-05 9.9964E-05 9.9964E-05 0.743672 0.0496647 0.178466 0.0197068 9.9964E-05 0.00809075
0.0736805 0.00833393 0.0583408 0.784488 9.99697E-05 0.0747564 9.99697E-05 9.99697E-05 9.99697E-05
9.9946E-05 9.9946E-05 9.9946E-05 0.958275 0.00524669 9.9946E-05 9.9946E-05 0.0358785 9.9946E-05
0.0756357 9.9973E-05 0.129346 0.396351 9.9973E-05 0.314914 9.9973E-05 0.0399848 0.0434677
0.00343094 9.9982E-05 0.061043 0.657328 0.0432605 0.142894 0.0308702 9.9982E-05 0.0609735
0.0085609 0.0871084 9.9964E-05 0.698783 0.0194403 0.185708 9.9964E-05 9.9964E-05 9.9964E-05
9.9973E-05 9.9973E-05 0.0208482 0.85306 0.0393303 0.0690955 0.00429575 9.9973E-05 0.0130701
9.9955E-05 0.00754785 9.9955E-05 0.962311 9.9955E-05 0.0138488 0.0157921 9.9955E-05 9.9955E-05
0.024573 0.0428295 9.9964E-05 0.838907 0.0233415 0.0699488 9.9964E-05 9.9964E-05 9.9964E-05
9.993E-05 9.993E-05 9.993E-05 0.999201 9.993E-05 9.993E-05 9.993E-05 9.993E-05 9.993E-05
0.0509243 9.9973E-05 0.0723381 0.652689 9.9973E-05 0.161314 0.0555928 0.0068411 9.9973E-05
9.9964E-05 9.9964E-05 0.0110688 0.886435 0.00680243 9.9964E-05 0.00839071 0.0869032 9.9964E-05
0.250432 0.251931 9.9955E-05 9.9955E-05 9.9955E-05 9.9955E-05 0.0468133 9.9955E-05 0.450324
0.0911207 0.0594492 0.112441 0.127104 0.0260333 0.347048 9.9982E-05 9.9982E-05 0.236604
0.213618 9.9973E-05 0.00615573 0.129214 9.9973E-05 0.30058 9.9973E-05 0.0857311 0.264401
0.0734185 0.19429 9.9991E-05 0.0996462 0.0295446 0.128079 0.0599216 0.0267757 0.388225
0.136569 0.0235848 9.9973E-05 0.136021 9.9973E-05 0.393013 9.9973E-05 0.0743595 0.236153
0.141531 0.211682 9.9982E-05 0.075399 0.0471544 0.106313 9.9982E-05 0.101483 0.316239
0.135695 9.9991E-05 0.020772 0.158547 0.0349009 0.248942 0.0527328 0.18198 0.166331
0.122605 0.0160053 9.9973E-05 0.207252 9.9973E-05 0.191757 0.0170065 9.9973E-05 0.445073
0.110289 0.0669095 9.9991E-05 0.0852326 0.0488602 0.394392 0.0793427 0.0386428 0.176231
0.0706254 0.109161 9.9973E-05 0.180015 0.0610889 0.224257 9.9973E-05 9.9973E-05 0.354553
0.0719002 0.0765418 0.0525842 0.104133 0.0514617 0.310398 9.9991E-05 0.0976098 0.235271
0.787503 0.0462327 0.0641278 9.9973E-05 9.9973E-05 0.0510344 0.0244316 9.9973E-05 0.026371
0.819997 0.0736255 9.9964E-05 0.0504961 0.0473452 9.9964E-05 0.00813644 9.9964E-05 9.9964E-05
0.831321 0.100205 0.015604 9.9955E-05 0.0523698 9.9955E-05 9.9955E-05 9.9955E-05 9.9955E-05
0.875407 0.0218839 0.0368842 9.9964E-05 0.0447214 0.020704 9.9964E-05 9.9964E-05 9.9964E-05
0.725295 0.0670038 0.0726723 9.9955E-05 0.13453 9.9955E-05 9.9955E-05 9.9955E-05 9.9955E-05
0.818075 0.0415759 9.9964E-05 0.0516367 0.0783942 9.9964E-05 0.00991877 9.9964E-05 9.9964E-05
0.775613 9.9964E-05 9.9964E-05 0.0654657 0.0898907 0.0518232 9.9964E-05 0.0168081 9.9964E-05
0.816864 0.0760005 9.9973E-05 0.0201659 0.0380214 9.9973E-05 9.9973E-05 0.0339939 0.0146548
0.843523 0.0673944 9.9973E-05 0.0216791 0.0149721 0.0340922 9.9973E-05 0.0180393 9.9973E-05
0.776514 0.0869408 0.0335954 0.10245 9.9955E-05 9.9955E-05 9.9955E-05 9.9955E-05 9.9955E-05
0.56291 9.9982E-05 0.245848 0.0282695 0.0308046 9.9982E-05 0.0333814 0.0848521 0.0137347
0.514792 0.0788382 0.329677 9.9964E-05 0.0282607 9.9964E-05 9.9964E-05 0.0480326 9.9964E-05
0.414127 0.0958006 0.322578 9.9973E-05 0.0385535 9.9973E-05 0.0806525 0.0479883 9.9973E-05
0.495828 9.9964E-05 0.265237 9.9964E-05 9.9964E-05 9.9964E-05 0.0587848 0.114798 0.0649519
0.0481002 9.9982E-05 0.0764584 9.9982E-05 0.0206914 0.473594 0.0596741 0.303305 0.0179771
0.0376828 9.9973E-05 0.1058 9.9973E-05 0.0159284 0.498937 0.0437409 0.29761 9.9973E-05
0.0144162 9.9982E-05 0.156732 0.00200482 0.0235515 0.563587 9.9982E-05 0.166091 0.073418
9.9964E-05 0.132957 0.246068 9.9964E-05 0.00739724 0.414249 9.9964E-05 0.198929 9.9964E-05
9.9955E-05 9.9955E-05 0.612061 9.9955E-05 9.9955E-05 0.218738 9.9955E-05 0.145409 0.0232928
0.129734 9.9964E-05 9.9964E-05 0.027346 9.9964E-05 0.582225 9.9964E-05 0.167352 0.0929428
0.00713241 0.0695697 0.0787987 0.0152085 9.9973E-05 0.539738 9.9973E-05 0.289253 9.9973E-05
9.9982E-05 9.9982E-05 0.0672863 0.0439002 0.016878 0.491253 0.00280406 0.263558 0.11412
9.9964E-05 9.9964E-05 9.9964E-05 0.0612041 9.9964E-05 0.266838 0.093612 0.528929 0.0490165
0.0646097 0.0599936 0.0267388 9.9991E-05 0.030584 0.646056 0.000315633 0.13478 0.036822
9.9973E-05 9.9973E-05 0.0981591 9.9973E-05 0.0326385 0.422489 0.00305877 0.396209 0.0471456
9.9955E-05 9.9955E-05 0.10717 9.9955E-05 0.00623038 9.9955E-05 0.142017 0.744083 9.9955E-05
0.00762101 0.0138007 0.163864 0.0534536 9.9991E-05 0.541371 0.0664566 0.120011 0.0333222
9.9973E-05 0.0889457 0.0389377 9.9973E-05 9.9973E-05 0.1888 0.00448173 0.575825 0.10271
0.0961422 9.9964E-05 9.9964E-05 9.9964E-05 0.0244153 0.453239 0.0544477 0.371356 9.9964E-05
0.0444038 9.9964E-05 0.21882 9.9964E-05 9.9964E-05 0.0409297 0.0400021 0.655444 9.9964E-05
0.130223 9.9946E-05 0.6411 9.9946E-05 9.9946E-05 9.9946E-05 9.9946E-05 9.9946E-05 0.228077
0.110199 9.9955E-05 0.58587 9.9955E-05 9.9955E-05 0.0383062 9.9955E-05 9.9955E-05 0.265125
0.0478581 9.9946E-05 0.709876 9.9946E-05 9.9946E-05 9.9946E-05 9.9946E-05 9.9946E-05 0.241666
0.143816 9.9946E-05 0.662432 9.9946E-05 9.9946E-05 9.9946E-05 9.9946E-05 9.9946E-05 0.193153
9.9955E-05 9.9955E-05 0.70299 0.0199627 9.9955E-05 0.0228577 9.9955E-05 9.9955E-05 0.25369
0.0714236 9.9964E-05 0.692511 0.0662848 9.9964E-05 0.0488433 9.9964E-05 9.9964E-05 0.120537
0.821165 0.0167965 9.9964E-05 9.9964E-05 0.0514575 0.106005 9.9964E-05 0.00417586 9.9964E-05
0.744771 0.0263375 0.0740192 0.00496458 0.0229176 0.12669 9.9973E-05 9.9973E-05 9.9973E-05
0.658293 0.00425015 9.9982E-05 0.0990573 0.0666977 0.118342 0.0274219 9.9982E-05 0.0257378
0.720474 0.0199967 0.0477629 0.0853161 0.0444613 0.0816894 9.9973E-05 9.9973E-05 9.9973E-05
0.730257 0.03876 0.0620916 0.016615 0.014498 0.137478 9.9973E-05 9.9973E-05 9.9973E-05
0.333789 9.9964E-05 0.507854 9.9964E-05 0.0573196 9.9964E-05 0.0160249 9.9964E-05 0.0846134
0.421365 9.9973E-05 0.377093 9.9973E-05 0.0237663 9.9973E-05 0.0567741 0.0699663 0.0507352
0.374392 9.9964E-05 0.458173 9.9964E-05 0.062311 9.9964E-05 0.0260417 0.078682 9.9964E-05
9.993E-05 9.993E-05 9.993E-05 9.993E-05 0.999201 9.993E-05 9.993E-05 9.993E-05 9.993E-05
0.313442 0.0424051 0.445821 9.9982E-05 0.0678914 9.9982E-05 0.0607303 0.0665165 0.00299341
0.107619 0.279913 9.9973E-05 0.311365 9.9973E-05 0.276342 0.012844 9.9973E-05 0.0116164
0.121107 0.077055 0.0463584 0.201679 0.00812574 0.493886 9.9991E-05 0.00140038 0.0502879
0.173297 9.9955E-05 9.9955E-05 0.147869 0.0180956 0.660239 9.9955E-05 9.9955E-05 9.9955E-05
0.246447 0.0283716 9.9973E-05 0.234366 9.9973E-05 0.285736 9.9973E-05 0.0841073 0.120673
0.124402 0.0758897 0.0186998 0.175039 0.0109562 0.491764 9.9991E-05 0.0269343 0.0762148
0.307371 0.376724 9.9955E-05 0.273695 9.9955E-05 9.9955E-05 9.9955E-05 9.9955E-05 0.0417103
9.9964E-05 9.9964E-05 0.322834 9.9964E-05 9.9964E-05 0.422932 0.0568602 0.108256 0.0887178
9.9973E-05 0.128307 0.209533 9.9973E-05 9.9973E-05 0.340471 0.270524 0.0412187 0.00964588
9.9973E-05 0.02962 0.525232 9.9973E-05 0.0665234 0.299998 0.0642554 0.0140715 9.9973E-05
9.9973E-05 0.00712325 0.127943 9.9973E-05 0.000529537 0.459246 0.280964 0.123894 9.9973E-05
9.9955E-05 0.206266 0.209964 9.9955E-05 9.9955E-05 9.9955E-05 0.360833 0.222437 9.9955E-05
0.170853 9.9973E-05 0.117008 0.0277681 9.9973E-05 0.647248 0.0262613 0.010561 9.9973E-05
0.0676956 9.9991E-05 0.09584 0.000633935 0.0256907 0.440386 0.211309 0.0882449 0.0700999
9.9964E-05 9.9964E-05 0.356812 9.9964E-05 0.0741637 0.355052 0.0836244 0.129947 9.9964E-05
0.0682992 0.033153 0.118997 9.9982E-05 0.00282533 0.584415 9.9982E-05 0.0389469 0.153164
9.9973E-05 0.180178 0.216739 9.9973E-05 9.9973E-05 0.0867246 0.134314 0.25279 0.128954
9.9964E-05 0.132196 0.116904 9.9964E-05 9.9964E-05 0.466552 0.241214 9.9964E-05 0.0427338
9.9973E-05 9.9973E-05 0.243972 9.9973E-05 0.0317129 0.524062 0.0803024 0.0747103 0.0449404
0.0574342 0.112007 0.144599 0.190181 0.0315131 0.324455 9.9982E-05 0.139611 9.9982E-05
9.9955E-05 9.9955E-05 0.298694 9.9955E-05 9.9955E-05 0.348742 0.278812 0.0732526 9.9955E-05
9.9964E-05 9.9964E-05 0.242123 9.9964E-05 0.0284484 0.469887 0.197152 0.0619896 9.9964E-05
9.9982E-05 0.0588237 0.159289 0.0465717 9.9982E-05 0.468633 0.150329 0.0985083 0.0176445
9.9964E-05 0.0950269 0.161547 9.9964E-05 9.9964E-05 0.542189 0.0666762 0.134161 9.9964E-05
0.00735797 0.00152746 0.140008 9.9991E-05 0.0496526 0.65447 0.0337694 0.024537 0.0885778
0.143008 0.0458663 0.11129 9.9964E-05 9.9964E-05 0.573312 9.9964E-05 0.126123 9.9964E-05
0.132181 9.9973E-05 0.114692 9.9973E-05 9.9973E-05 0.559663 0.0641367 0.0911046 0.0379226
0.800538 9.9946E-05 9.9946E-05 0.0723994 9.9946E-05 0.126463 9.9946E-05 9.9946E-05 9.9946E-05
0.847784 0.00311116 9.9973E-05 0.00599975 0.00982506 0.114427 0.0185534 9.9973E-05 9.9973E-05
0.742913 9.9973E-05 0.0748374 0.022199 9.9973E-05 0.0340957 0.03088 9.9973E-05 0.0947751
0.787646 9.9973E-05 9.9973E-05 0.0367075 0.0304955 0.0354358 0.0793325 0.0300831 9.9973E-05
0.792397 9.9955E-05 9.9955E-05 9.9955E-05 0.0621565 0.12852 9.9955E-05 9.9955E-05 0.0164273
9.9964E-05 0.114838 0.614964 9.9964E-05 9.9964E-05 0.195217 0.0183566 0.0562247 9.9964E-05
0.0435859 0.106458 0.097007 9.9982E-05 0.0316968 0.535735 0.0855119 0.0998057 9.9982E-05
0.125981 0.175955 0.0464996 0.076989 9.9982E-05 0.425854 9.9982E-05 0.0367681 0.111754
0.0362688 9.9973E-05 0.103778 9.9973E-05 0.0676101 0.710979 0.00455036 0.076514 9.9973E-05
0.0859022 9.9955E-05 0.197435 9.9955E-05 9.9955E-05 0.515064 9.9955E-05 0.2011 9.9955E-05
9.9982E-05 0.12811 0.286629 9.9982E-05 0.0292548 0.317777 0.188444 0.0380754 0.0115087
0.0163728 0.168362 0.628245 9.9973E-05 0.0349248 0.0241203 9.9973E-05 0.127676 9.9973E-05
0.038698 9.9973E-05 0.246976 9.9973E-05 0.042329 0.561243 0.0545142 0.0559393 9.9973E-05
0.0346893 9.9991E-05 0.445132 0.0234498 0.0379608 0.198447 0.171362 0.079145 0.00971409
0.0666274 0.0417571 0.101642 9.9991E-05 0.0114247 0.435084 0.184701 0.0674117 0.0912518
0.0430302 0.111626 0.549689 9.9973E-05 0.00362977 0.174849 0.116876 9.9973E-05 9.9973E-05
0.107686 9.9982E-05 0.109464 0.0206978 0.0454908 0.576062 9.9982E-05 0.127976 0.0124237
9.9982E-05 0.124578 0.485187 9.9982E-05 0.0303979 0.240745 0.0653249 0.0401196 0.0134477
0.0457554 0.0777319 0.213835 9.9991E-05 0.0163345 0.424949 0.0797987 0.0406348 0.100861
0.0167896 9.9991E-05 0.0899179 0.0643237 0.0127141 0.37987 0.131902 0.0468247 0.257558
0.0456888 9.9982E-05 0.00848946 0.0169876 9.9982E-05 0.186904 0.180322 0.0702631 0.491145
0.0285669 9.9964E-05 0.0921652 0.0390883 9.9964E-05 0.462556 9.9964E-05 9.9964E-05 0.377224
0.0747757 0.0270006 0.00193901 9.9991E-05 0.0653415 0.471833 0.0321508 0.147741 0.179119
9.9973E-05 0.0261336 0.0817551 9.9973E-05 9.9973E-05 0.298153 0.0787106 0.0128799 0.502068
0.0957496 9.9991E-05 0.0244386 0.073101 0.021399 0.413499 0.172737 0.0444481 0.154527
9.9982E-05 0.0120848 0.0325907 9.9982E-05 0.0409107 0.471156 0.123431 0.025972 0.293655
9.9964E-05 0.0346845 0.0365044 9.9964E-05 9.9964E-05 9.9964E-05 0.181503 0.133103 0.613805
9.9964E-05 0.109081 9.9964E-05 9.9964E-05 9.9964E-05 0.145862 0.109455 0.118015 0.517187
9.9973E-05 0.0769745 0.0923197 9.9973E-05 0.00384333 0.442853 0.10405 9.9973E-05 0.27966
9.9973E-05 0.024155 0.134652 9.9973E-05 9.9973E-05 0.0586022 0.074509 0.125541 0.58224
9.9964E-05 0.0600065 0.11226 9.9964E-05 9.9964E-05 0.364849 9.9964E-05 0.16423 0.298255
9.9973E-05 0.0519391 0.574553 0.0249478 9.9973E-05 0.123947 0.0620545 0.162259 9.9973E-05
9.9964E-05 0.0710161 0.309153 9.9964E-05 9.9964E-05 0.273943 0.267335 0.0781529 9.9964E-05
9.9973E-05 9.9973E-05 0.444686 0.0419164 0.00317169 0.389941 0.0503081 0.0696772 9.9973E-05
9.9991E-05 0.0565762 0.195359 0.072211 0.0187868 0.568527 0.00649092 0.0464898 0.0354585
9.9973E-05 0.0339122 0.497844 0.0565817 0.0103643 0.211586 9.9973E-05 0.189411 9.9973E-05
0.0947063 0.052667 0.126425 0.131483 9.9982E-05 0.448633 0.0886721 0.0572132 9.9982E-05
9.9973E-05 0.0174475 0.238659 9.9973E-05 0.102187 0.487245 9.9973E-05 0.103739 0.0504209
0.0173506 0.105112 0.358834 9.9964E-05 9.9964E-05 0.514126 9.9964E-05 0.00417623 9.9964E-05
0.00649741 9.9982E-05 0.172328 0.0737145 0.0584627 0.438972 0.172807 0.0770187 9.9982E-05
0.0648304 0.00913054 0.262067 0.0233169 0.00565441 0.471896 0.0388391 0.123047 0.00121861
9.9964E-05 9.9964E-05 0.503963 0.0832625 9.9964E-05 0.235616 0.0179829 0.158776 9.9964E-05
0.00705086 9.9973E-05 0.394979 0.058563 9.9973E-05 0.388507 0.0945484 0.0560516 9.9973E-05
9.9955E-05 9.9955E-05 0.181222 9.9955E-05 9.9955E-05 0.675451 0.121133 0.0216939 9.9955E-05
9.9973E-05 0.0549843 0.108305 0.0550386 9.9973E-05 0.631132 9.9973E-05 0.11444 0.0357993
0.00467468 0.128257 0.217076 9.9973E-05 9.9973E-05 0.482914 0.105612 0.0611668 9.9973E-05
0.0203339 0.00511443 0.191765 0.0286354 0.00129131 0.569113 0.152151 9.9991E-05 0.0314962
0.0422249 0.0284311 0.339155 0.0379087 0.0440862 0.382629 9.9982E-05 9.9982E-05 0.125365
0.0877683 9.9964E-05 0.142994 0.0419061 9.9964E-05 0.626064 0.100868 9.9964E-05 9.9964E-05
0.0334166 9.9982E-05 0.18652 0.11946 9.9982E-05 0.458474 0.0542419 0.0818289 0.0658583
0.0260784 9.9991E-05 0.106956 0.122097 0.0394271 0.436464 0.0992042 0.0659962 0.103677
0.362254 0.032357 9.9982E-05 0.0909051 0.00478303 0.42276 9.9982E-05 0.0484847 0.0382561
0.0847744 0.198777 9.9973E-05 0.159177 0.0225959 0.495726 9.9973E-05 0.038649 9.9973E-05
0.0605891 0.0740319 0.0468969 0.196642 0.0270805 0.387777 9.9982E-05 9.9982E-05 0.206783
9.9982E-05 0.121302 0.0693036 0.0809636 0.0479382 0.585562 0.0499868 0.0447436 9.9982E-05
0.127692 0.0675782 0.0230166 0.166572 0.0835352 0.379351 0.00860491 0.14355 9.9991E-05
9.9973E-05 0.0716413 0.237804 9.9973E-05 9.9973E-05 0.440276 0.150487 0.0873303 0.0121613
0.0696575 0.144556 0.0286034 0.166881 0.00834707 0.480233 9.9991E-05 0.0680958 0.0335264
0.170231 0.363077 9.9982E-05 0.063307 9.9982E-05 0.0777818 0.0319835 0.196446 0.0969735
0.0983024 0.0356889 0.0347268 0.168027 0.0171777 0.474077 0.0551123 0.0382424 0.0786451
0.0538083 9.9982E-05 0.0334113 0.141718 0.0562594 0.551223 0.0675171 0.0958631 9.9982E-05
0.102632 0.0427443 9.9991E-05 0.202572 0.0102734 0.426298 0.160549 0.0463029 0.0085289
0.0834171 0.240398 0.0574604 0.0588736 0.0443184 0.331711 0.0253993 0.158322 9.9991E-05
0.18222 0.157804 9.9964E-05 0.0415541 9.9964E-05 0.588983 9.9964E-05 9.9964E-05 0.0290394
0.119763 0.104432 9.9982E-05 0.10811 0.0576902 0.550507 0.0345504 9.9982E-05 0.024747
0.335545 0.504256 9.9955E-05 0.116113 9.9955E-05 9.9955E-05 9.9955E-05 0.0435866 9.9955E-05
0.105862 0.118235 0.0822424 0.194706 0.00218455 0.496469 9.9973E-05 9.9973E-05 9.9973E-05
0.0884482 0.114971 0.0113891 0.206208 0.0053283 0.453738 0.0701786 0.000382155 0.0493569
0.020738 0.0815286 9.9982E-05 0.145975 0.0389974 0.511101 9.9982E-05 0.0814887 0.119972
0.186229 0.0622865 9.9964E-05 0.135894 9.9964E-05 0.536744 0.0784461 9.9964E-05 9.9964E-05
0.129161 0.0358235 0.0966259 0.12867 0.056774 0.44742 0.0650783 9.9991E-05 0.0403471
0.00153228 9.9973E-05 9.9973E-05 0.0205292 0.0672225 0.380294 0.461081 0.0690407 9.9973E-05
0.0845763 0.0763379 0.0658237 9.9973E-05 0.00503278 0.643518 0.124411 9.9973E-05 9.9973E-05
9.9964E-05 9.9964E-05 0.0743778 0.00258912 9.9964E-05 9.9964E-05 0.834733 0.0665733 0.0213274
9.99549E-05 9.99549E-05 0.0396123 9.99549E-05 9.99549E-05 9.99549E-05 0.924324 0.0315652 0.00399915
0.110659 9.9964E-05 0.00589346 0.0674529 9.9964E-05 0.436287 0.379308 9.9964E-05 9.9964E-05
0.0533653 0.0863377 9.9973E-05 0.283106 9.9973E-05 0.387928 0.170916 9.9973E-05 0.0180461
0.00238358 0.198742 9.9973E-05 0.25638 0.0105956 0.367437 0.164162 9.9973E-05 9.9973E-05
0.0899414 0.345986 9.9973E-05 0.155271 0.00919707 0.285672 0.113634 9.9973E-05 9.9973E-05
0.157485 0.127593 9.9973E-05 0.142857 0.0585916 0.37854 0.134633 9.9973E-05 9.9973E-05
0.0297586 0.157696 9.9973E-05 0.0404897 0.00732716 0.0762676 0.688161 9.9973E-05 9.9973E-05
0.0425192 0.175736 9.9973E-05 0.0261313 0.0407882 0.151087 0.563439 9.9973E-05 9.9973E-05
9.9964E-05 9.9964E-05 9.9964E-05 0.169243 0.0170868 0.416884 0.367226 0.0291601 9.9964E-05
0.106761 9.9955E-05 9.9955E-05 0.0996355 9.9955E-05 0.381389 0.411715 9.9955E-05 9.9955E-05
9.9955E-05 9.9955E-05 9.9955E-05 0.102399 0.0590493 0.0928996 0.745153 9.9955E-05 9.9955E-05
0.0860191 9.9973E-05 9.9973E-05 0.0838054 0.0113096 0.501836 0.262389 9.9973E-05 0.054341
0.0553202 9.9982E-05 0.0131532 0.093684 9.9982E-05 0.495353 0.265604 0.0553943 0.021292
9.9982E-05 0.0752021 0.09488 0.158812 0.0555256 0.429165 0.16842 0.0177955 9.9982E-05
0.0148293 9.9982E-05 0.0767992 9.9982E-05 0.000407841 0.290887 0.564815 0.0421284 0.00993392
9.99768E-05 9.99768E-05 0.0715961 0.0497 0.0533295 0.305645 0.475572 9.99768E-05 0.043857
0.0376162 9.9982E-05 0.0408197 9.9982E-05 0.00658417 0.52457 0.327262 0.012604 0.050344
0.0372416 9.9991E-05 0.124994 0.0290375 0.00801551 0.390974 0.380235 0.018347 0.0110545
0.0674321 0.23357 0.092586 0.0224195 9.9991E-05 0.443268 0.0746321 0.0153388 0.0506528
9.9973E-05 0.0216884 9.9973E-05 9.9973E-05 0.0017342 0.405923 0.436372 0.00181007 0.132173
9.9955E-05 9.9955E-05 0.031138 9.9955E-05 9.9955E-05 0.167572 0.726061 9.9955E-05 0.07473
0.0330496 9.9964E-05 9.9964E-05 0.0220014 9.9964E-05 0.526705 0.405046 0.0127973 9.9964E-05
0.0150972 9.9964E-05 0.00355933 9.9964E-05 9.9964E-05 0.158062 0.719646 0.103236 9.9964E-05
0.00209236 9.9973E-05 9.9973E-05 9.9973E-05 0.0313336 0.433692 0.444147 0.0637907 0.0246444
0.00848343 0.00223792 9.9982E-05 0.108623 0.0518716 0.42915 0.307511 9.9982E-05 0.0919232
9.9955E-05 9.9955E-05 9.9955E-05 0.0131589 9.9955E-05 0.456744 0.356504 9.9955E-05 0.173093
0.147979 9.9973E-05 9.9973E-05 0.15874 0.0248879 0.433638 0.147763 9.9973E-05 0.0866924
0.157004 0.0361629 0.11815 0.0537019 9.9973E-05 0.438632 0.196049 9.9973E-05 9.9973E-05
0.107919 0.123885 0.0506569 0.25832 9.9991E-05 0.318925 0.118553 0.0135226 0.00811723
0.167858 0.0388351 0.0790678 0.214157 0.0781074 0.211581 0.0782872 9.9991E-05 0.132007
0.227503 9.9982E-05 0.00652562 0.193307 9.9982E-05 0.374477 0.0871228 0.0904822 0.0203823
0.0971967 9.9982E-05 0.0615292 0.108551 0.088593 0.489763 0.152509 9.9982E-05 0.0016592
0.128627 0.144947 9.9973E-05 0.0811878 0.0531112 9.9973E-05 0.577404 9.9973E-05 0.0144238
0.041285 0.0646585 9.9973E-05 0.164345 9.9973E-05 0.548599 0.103609 9.9973E-05 0.0772045
0.276252 0.264854 9.9973E-05 0.0751313 0.0135493 9.9973E-05 0.363552 9.9973E-05 0.00636127
0.0479022 0.0424374 9.9964E-05 0.158773 9.9964E-05 0.483064 0.267424 9.9964E-05 9.9964E-05
9.9946E-05 9.9946E-05 9.9946E-05 9.9946E-05 9.9946E-05 0.073694 0.759237 0.166469 9.9946E-05
9.9955E-05 9.9955E-05 0.0280934 9.9955E-05 0.00695005 9.9955E-05 0.861542 0.102915 9.9955E-05
9.9955E-05 9.9955E-05 9.9955E-05 9.9955E-05 0.019539 0.445432 0.475301 0.0592284 9.9955E-05
9.9955E-05 9.9955E-05 9.9955E-05 0.0094046 0.0178078 0.615219 0.357069 9.9955E-05 9.9955E-05
0.00192265 9.9964E-05 0.0194074 9.9964E-05 9.9964E-05 0.377758 0.59255 9.9964E-05 0.00796249
9.9955E-05 9.9955E-05 9.9955E-05 9.9955E-05 9.9955E-05 0.441506 0.496086 0.0508448 0.0110634
9.9946E-05 9.9946E-05 9.9946E-05 9.9946E-05 9.9946E-05 0.464267 0.504063 0.0310701 9.9946E-05
0.688785 9.9973E-05 9.9973E-05 0.0645233 0.0809561 0.0553226 0.0966342 9.9973E-05 0.0134788
0.649214 9.9964E-05 0.118723 0.0961895 0.0579073 9.9964E-05 9.9964E-05 9.9964E-05 0.0775669
0.878332 9.9955E-05 0.0209737 0.0611479 0.0390462 9.9955E-05 9.9955E-05 9.9955E-05 9.9955E-05
0.807642 0.010263 9.9964E-05 9.9964E-05 0.147163 0.00723011 0.0273026 9.9964E-05 9.9964E-05
0.0651187 9.9973E-05 0.0289127 9.9973E-05 0.063676 0.381349 0.0279075 0.432736 9.9973E-05
0.0850656 9.9955E-05 9.9955E-05 0.0384752 9.9955E-05 0.435428 9.9955E-05 0.440531 9.9955E-05
9.9955E-05 9.9955E-05 0.0141089 9.9955E-05 0.0595924 0.395714 9.9955E-05 0.530085 9.9955E-05
0.0817805 9.9973E-05 0.0347828 9.9973E-05 0.0243691 0.551316 9.9973E-05 0.229803 0.0776483
0.0846476 9.9982E-05 0.034873 9.9982E-05 0.000725309 0.521043 0.0767902 0.0960044 0.185716
0.0403295 9.9982E-05 0.0609541 0.00942065 9.9982E-05 0.168686 0.115455 0.490677 0.114278
9.9964E-05 9.9964E-05 0.00306202 9.9964E-05 0.036749 0.64012 0.0622896 0.25738 9.9964E-05
9.9964E-05 9.9964E-05 9.9964E-05 9.9964E-05 0.0343914 0.315226 0.0510039 0.476736 0.122243
0.263703 9.9973E-05 9.9973E-05 0.101443 0.015963 0.535542 0.0556448 9.9973E-05 0.0274036
9.9982E-05 0.033357 0.0615345 0.00324443 9.9982E-05 0.408927 0.0938058 0.377161 0.0217709
9.9955E-05 9.9955E-05 0.135181 9.9955E-05 0.0322329 0.317333 9.9955E-05 0.514754 9.9955E-05
9.9955E-05 9.9955E-05 9.9955E-05 9.9955E-05 0.030081 0.519642 0.0837954 0.365981 9.9955E-05
0.0579877 9.9982E-05 0.0258286 0.0150632 0.00188296 0.370461 0.0751331 0.453443 9.9982E-05
0.030915 0.0448531 9.9973E-05 9.9973E-05 9.9973E-05 0.597541 0.0617668 0.260899 0.00372525
0.0133979 0.00743507 0.0236885 9.9982E-05 0.0307264 0.634968 0.0168673 0.272717 9.9982E-05
9.9946E-05 9.9946E-05 9.9946E-05 9.9946E-05 9.9946E-05 0.0416072 0.106024 0.851769 9.9946E-05
0.0314046 0.0348094 9.9964E-05 9.9964E-05 9.9964E-05 0.218069 0.0521278 0.663189 9.9964E-05
0.0918986 0.0166728 0.0414663 9.9973E-05 9.9973E-05 0.260713 0.0448841 0.544065 9.9973E-05
9.9946E-05 0.114206 9.9946E-05 9.9946E-05 9.9946E-05 9.9946E-05 0.0175982 0.867596 9.9946E-05
0.0336115 9.9964E-05 0.137705 9.9964E-05 0.0180313 0.459216 9.9964E-05 0.351037 9.9964E-05
9.9955E-05 0.115883 9.9955E-05 9.9955E-05 9.9955E-05 0.0668289 9.9955E-05 0.686018 0.13077
9.9946E-05 0.143266 9.9946E-05 9.9946E-05 9.9946E-05 9.9946E-05 0.195923 0.660212 9.9946E-05
0.157472 0.0168324 9.9973E-05 9.9973E-05 0.000297729 0.50029 0.0482875 0.27652 9.9973E-05
0.0928908 9.9973E-05 0.129128 9.9973E-05 0.0209669 0.195887 9.9973E-05 0.556187 0.00464035
9.9973E-05 0.00357511 0.0925548 0.111778 9.9973E-05 0.290084 9.9973E-05 0.494563 0.00714499
0.0268789 9.9973E-05 9.9973E-05 0.0714108 0.0484164 0.453489 0.0476534 0.351852 9.9973E-05
0.0126646 9.9964E-05 0.0792868 9.9964E-05 9.9964E-05 0.503349 9.9964E-05 0.344595 0.0597046
9.9973E-05 0.101755 0.270562 0.0086605 9.9973E-05 0.379142 0.156298 0.083282 9.9973E-05
0.00633681 9.9982E-05 0.024733 0.0738799 0.0443273 0.440846 0.0643518 0.345325 9.9982E-05
9.9964E-05 9.9964E-05 0.106669 9.9964E-05 0.0407392 0.48302 9.9964E-05 0.294338 0.0748345
9.9964E-05 9.9964E-05 9.9964E-05 9.9964E-05 0.00808832 0.277344 0.00504619 0.684291 0.0248303
0.0987347 9.9982E-05 0.0647463 0.0454008 0.0077076 0.419932 0.103264 0.260014 9.9982E-05
0.531279 0.0356631 0.207766 0.0114029 0.0783089 9.9982E-05 0.000347971 9.9982E-05 0.135033
0.666733 0.0440558 0.0730671 9.9982E-05 0.0889719 0.0126246 9.9982E-05 0.105048 0.00930027
0.644293 0.103224 0.113915 9.9964E-05 0.12257 9.9964E-05 9.9964E-05 9.9964E-05 0.0155984
0.693753 9.9955E-05 0.146011 9.9955E-05 0.107828 9.9955E-05 0.0519081 9.9955E-05 9.9955E-05
0.635778 0.0176404 0.174482 9.9964E-05 0.0539007 9.9964E-05 9.9964E-05 9.9964E-05 0.117799
0.0572509 9.9964E-05 0.141915 0.00481954 9.9964E-05 0.116167 9.9964E-05 0.679448 9.9964E-05
0.0577381 9.9973E-05 0.088338 9.9973E-05 0.0411292 0.0638244 9.9973E-05 0.706251 0.042419
