9.9991E-05 0.018192 0.0220415 0.0357756 0.923891
0.0397026 9.9982E-05 9.9982E-05 0.000749209 0.959348
9.9982E-05 0.12984 9.9982E-05 0.0261911 0.843769
9.9991E-05 0.0935293 0.0739587 0.0181298 0.814282
9.999E-05 0.0498047 0.00790929 0.0558197 0.886366
0.125451 0.151017 0.0458309 0.015911 0.661791
0.0615264 0.0546308 0.0306615 9.9991E-05 0.853081
0.0113213 0.106282 0.0949355 9.9991E-05 0.787362
0.0620384 9.9982E-05 0.10831 9.9982E-05 0.829451
0.0977431 0.0992794 0.0160502 0.073587 0.71334
0.0904089 0.0378612 0.0979189 9.9991E-05 0.773711
0.15782 0.31468 0.445937 0.0814625 9.9991E-05
0.0334072 0.588404 0.247431 0.130658 9.9991E-05
0.135223 0.365729 0.371567 0.0583194 0.0691613
0.060889 0.389561 0.338214 0.16173 0.0496065
0.141479 0.387515 0.212525 0.123874 0.134606
0.0654725 0.663295 0.107394 0.146883 0.0169555
0.137883 0.505921 0.220073 0.136023 9.9991E-05
0.0718958 0.402743 0.344494 0.100411 0.0804564
0.138046 0.0507082 0.714268 0.0724474 0.0245305
0.208048 0.454832 0.263712 0.0733073 9.9991E-05
0.241522 0.502911 0.153538 0.0707725 0.0312571
0.196162 0.573865 0.163777 0.066096 9.9991E-05
0.230129 0.341431 0.304041 0.11818 0.00621901
9.9991E-05 0.649686 0.15836 0.0859791 0.105875
0.0211407 0.645048 0.212433 0.0831133 0.0382653
0.109017 0.291066 0.501668 0.0673168 0.0309323
0.123767 0.22497 0.448179 0.202985 9.9991E-05
0.242196 0.338949 0.399945 9.9991E-05 0.0188107
9.9982E-05 0.0801372 9.9982E-05 0.104133 0.81553
9.9982E-05 0.129838 9.9982E-05 0.0367584 0.833204
9.9982E-05 0.17825 9.9982E-05 0.012246 0.809304
0.0190948 0.140284 9.9991E-05 0.109772 0.73075
0.189256 0.67507 0.0611708 9.9991E-05 0.0744029
0.216601 0.461552 0.104242 0.158152 0.0594533
0.304853 0.622057 9.9991E-05 0.047377 0.0256125
0.0658664 0.222125 0.64864 9.9991E-05 0.0632681
0.463852 0.450864 0.0205855 0.0200371 0.0446618
0.0992311 0.625155 0.133787 0.0432334 0.0985928
0.143939 0.701411 0.0294334 0.125117 9.9991E-05
0.142252 0.649944 0.0365366 9.9991E-05 0.171168
0.0232675 0.764126 0.108935 9.9991E-05 0.103571
0.428985 0.312122 0.258693 9.9982E-05 9.9982E-05
0.17863 0.645598 0.0189249 0.0990709 0.0577761
0.243317 0.6227 9.9991E-05 0.0266021 0.107281
0.143807 0.590789 0.0516113 0.107822 0.105971
0.415398 0.533129 0.051273 9.9982E-05 9.9982E-05
0.117713 0.761929 9.9982E-05 9.9982E-05 0.120157
0.106857 0.666252 9.9991E-05 0.0583669 0.168424
0.885134 9.9982E-05 0.0155272 9.9982E-05 0.0991383
0.252068 0.289075 0.458656 9.9982E-05 9.9982E-05
0.575343 0.17657 0.168055 0.000964095 0.0790678
0.058187 0.611948 0.146794 0.0502117 0.132859
0.0425474 0.599201 0.119696 0.10025 0.138306
0.129599 0.642204 0.0586019 0.11296 0.056635
0.286294 0.219252 0.393117 0.00218469 0.0991521
0.0817444 0.624557 0.293316 0.000282607 9.9991E-05
0.144247 0.531013 0.046921 0.166755 0.111064
0.322602 0.373929 0.109782 0.0382841 0.155403
0.288131 0.112624 0.322474 0.0656718 0.211099
0.139089 0.518612 0.192835 0.0939068 0.0555569
0.156015 0.454234 0.217 0.0717303 0.101021
0.327936 0.0933573 0.512764 9.9991E-05 0.0658422
0.11832 0.573442 0.257481 0.0506573 9.9991E-05
0.107996 0.625238 0.115912 0.116159 0.0346937
0.168856 0.546219 0.063826 0.0789031 0.142196
0.284664 0.291179 0.306346 0.0838311 0.0339804
0.207092 0.550369 0.17011 0.0723296 9.9991E-05
0.112873 0.590093 0.166768 0.0846964 0.04557
0.315251 0.264154 0.417583 9.9991E-05 0.00291255
0.262589 0.689956 0.0472548 9.9982E-05 9.9982E-05
0.411584 0.443085 0.145131 9.9982E-05 9.9982E-05
0.15783 0.545264 0.0757679 0.0918992 0.129238
0.799877 0.155024 0.0448989 9.9982E-05 9.9982E-05
0.739493 0.198593 0.0617141 9.9982E-05 9.9982E-05
0.481853 0.495473 0.0224737 9.9982E-05 9.9982E-05
0.321879 0.632293 0.0217824 9.9991E-05 0.0239448
0.0754346 0.680573 0.00175342 0.00722212 0.235017
0.323634 0.501942 0.0900202 0.0843038 9.9991E-05
0.353878 0.359001 0.268026 0.00834224 0.0107525
0.257383 0.369806 0.341952 9.9991E-05 0.0307586
0.204342 0.55966 0.0900096 0.076422 0.0695658
0.368809 0.460063 0.170928 9.9982E-05 9.9982E-05
0.316282 0.521333 0.0594347 9.9991E-05 0.10285
0.419853 0.579847 9.9973E-05 9.9973E-05 9.9973E-05
0.798558 0.143418 0.0578237 9.9982E-05 9.9982E-05
0.187547 0.668518 0.0579565 0.0471806 0.0387973
9.9991E-05 0.122315 0.017804 0.0203497 0.839432
9.9973E-05 0.0843413 9.9973E-05 9.9973E-05 0.915359
9.9973E-05 0.101149 9.9973E-05 9.9973E-05 0.898551
9.9982E-05 0.0554242 9.9982E-05 0.0162375 0.928138
0.0246399 0.0838517 9.9991E-05 0.00446748 0.886941
9.9973E-05 0.0650971 9.9973E-05 9.9973E-05 0.934603
9.9973E-05 0.0609373 9.9973E-05 9.9973E-05 0.938763
0.200939 0.595618 0.116896 0.0501789 0.0363676
0.132503 0.546297 0.0215047 0.136783 0.162912
0.626543 0.244666 0.128591 9.9982E-05 9.9982E-05
0.163341 0.539312 0.0801862 0.102021 0.11514
0.228429 0.574827 0.165911 9.9991E-05 0.0307318
0.212773 0.720912 0.0334082 9.9991E-05 0.0328071
0.257759 0.673877 9.9991E-05 0.0435011 0.0247635
0.213408 0.707443 9.9991E-05 0.054543 0.024506
0.539883 0.160227 0.299689 9.9982E-05 9.9982E-05
0.178912 0.491003 0.0888725 0.0879305 0.153282
0.128703 0.701768 0.0626987 0.0536452 0.0531851
0.0705788 0.533322 0.170985 0.185299 0.0398146
0.495519 0.429221 0.0330895 0.00466346 0.0375073
0.350417 0.603293 9.9982E-05 9.9982E-05 0.04609
0.223369 0.571489 0.191192 0.01385 9.9991E-05
0.4759 0.453723 0.00752901 0.0627485 9.9991E-05
0.256159 0.570726 0.138316 9.9991E-05 0.034699
0.0893857 0.632583 0.0930369 0.0160417 0.168952
0.314769 0.182792 0.387716 0.0930948 0.0216283
0.0879944 0.467354 0.29543 0.0566525 0.0925688
0.121145 0.520891 0.139296 0.114762 0.103905
0.0363762 0.664028 0.162588 0.0549741 0.0820333
9.9982E-05 0.599691 0.316552 9.9982E-05 0.083557
0.0173936 0.62369 0.304855 0.053961 9.9991E-05
9.9991E-05 0.546235 0.367287 0.0523696 0.0340089
0.147207 0.48571 0.172295 0.120627 0.0741612
0.092433 0.592762 0.176155 0.0776415 0.0610087
0.0859403 0.69516 0.116498 9.9991E-05 0.102301
9.9982E-05 0.574034 0.409951 9.9982E-05 0.0158145
0.104875 0.618822 0.172313 0.103891 9.9991E-05
0.116109 0.62555 0.115835 0.0815384 0.0609666
0.0381393 0.630405 0.217444 0.113911 9.9991E-05
0.100545 0.588615 0.111531 0.0680669 0.131242
0.109774 0.540266 0.179623 0.133239 0.0370984
0.170196 0.387755 0.256924 0.0915793 0.0935459
9.9982E-05 0.592102 0.236177 0.171521 9.9982E-05
0.0427893 0.685302 0.178304 0.0935051 9.9991E-05
0.281063 0.201063 0.395332 0.120783 0.0017594
0.459485 0.0962202 0.343003 0.0854561 0.0158354
0.058317 0.570734 0.262789 0.10806 9.9991E-05
0.506004 0.0589594 0.317937 0.116999 9.9991E-05
0.222713 0.362804 0.397031 9.9991E-05 0.0173514
0.184462 0.535661 0.279677 9.9982E-05 9.9982E-05
0.109718 0.417042 0.457188 9.9991E-05 0.015952
0.110861 0.387409 0.448786 0.017307 0.0356373
0.158248 0.571778 0.0978336 0.158781 0.013359
0.0362292 0.562076 0.207692 0.0867949 0.107207
0.0540578 0.604027 0.226943 9.9991E-05 0.114872
0.421575 0.144117 0.317986 0.116222 9.9991E-05
0.142281 0.663519 0.0919315 9.9991E-05 0.102169
0.286713 0.479655 0.0878666 0.0920354 0.05373
0.675828 0.0250701 0.0928828 9.9991E-05 0.206119
0.116803 0.646349 9.9991E-05 0.0672863 0.169462
0.373524 0.443365 0.0374367 0.000533722 0.145141
0.242505 0.501812 0.0282815 0.0823646 0.145037
0.409423 0.277016 0.0678529 0.0761288 0.169579
0.461712 0.263145 0.139451 9.9991E-05 0.135593
0.298186 0.470444 0.121274 9.9991E-05 0.109995
0.164915 0.610018 0.0739469 0.0192176 0.131903
0.291725 0.372541 0.0874223 0.081014 0.167297
0.595643 9.9991E-05 0.127427 0.206505 0.070325
0.19167 0.569272 0.0893069 0.113566 0.0361849
0.466468 0.427976 0.105356 9.9982E-05 9.9982E-05
0.366646 0.482219 0.126228 0.00316362 0.0217435
0.178112 0.465899 0.0853977 0.17148 0.0991118
0.22251 0.116178 0.0386936 0.289195 0.333424
0.209105 9.9982E-05 9.9982E-05 0.196115 0.594579
0.347268 9.9982E-05 9.9982E-05 0.137555 0.514977
0.135281 0.0817385 0.00802715 0.323526 0.451427
0.228 0.700075 9.9982E-05 0.0717246 9.9982E-05
0.246809 0.537032 0.115894 0.0752547 0.0250105
9.9982E-05 0.324986 0.0135464 0.661268 9.9982E-05
0.0133959 0.3584 0.197661 0.430443 9.9991E-05
0.0141937 0.294435 0.170124 0.465042 0.0562057
0.560842 0.414198 0.00342495 9.9991E-05 0.0214353
0.247897 0.421355 0.0795207 0.159417 0.0918094
0.640151 0.290348 0.0241884 0.0150829 0.0302301
0.281801 0.589918 9.9991E-05 0.0340119 0.0941688
0.353361 0.466851 0.130232 0.0434858 0.00607049
0.23951 0.569013 0.0639788 0.0977702 0.0297282
0.668623 0.272336 9.9991E-05 0.0274069 0.0315339
0.199525 0.60378 0.0285881 0.113431 0.0546752
0.2275 0.594935 9.9991E-05 0.12953 0.0479348
0.00168624 0.0278834 9.9982E-05 0.97023 9.9982E-05
9.9982E-05 0.0823805 0.0218872 0.895532 9.9982E-05
9.9991E-05 0.203048 0.0993075 0.689946 0.00759801
9.9982E-05 0.32342 9.9982E-05 0.617143 0.0592366
0.0768096 0.0900178 9.9982E-05 0.832973 9.9982E-05
9.997E-05 9.997E-05 9.997E-05 0.9996 9.997E-05
9.9973E-05 9.9973E-05 0.0465149 0.953185 9.9973E-05
9.9973E-05 0.115113 9.9973E-05 0.884587 9.9973E-05
9.9973E-05 9.9973E-05 0.0330857 0.966614 9.9973E-05
9.997E-05 9.997E-05 9.997E-05 0.9996 9.997E-05
9.997E-05 9.997E-05 9.997E-05 0.9996 9.997E-05
9.9982E-05 0.193356 9.9982E-05 0.780664 0.0257799
9.9991E-05 0.0795065 0.0463759 0.817465 0.0565525
9.9973E-05 9.9973E-05 0.0307886 0.968911 9.9973E-05
0.095908 0.305038 0.0629506 0.484241 0.0518625
9.9991E-05 0.224941 0.0742204 0.56329 0.137448
9.9991E-05 0.166116 0.0552651 0.759297 0.0192221
9.9982E-05 0.0567047 0.0573765 0.885719 9.9982E-05
9.997E-05 9.997E-05 9.997E-05 0.9996 9.997E-05
9.9991E-05 0.0589008 0.0191033 0.896599 0.0252971
9.997E-05 9.997E-05 9.997E-05 0.9996 9.997E-05
0.00634617 0.302808 0.0274015 0.567353 0.0960916
0.0247042 0.051053 0.0146954 0.871053 0.0384938
0.519719 9.9982E-05 9.9982E-05 0.0702365 0.409845
0.149376 0.335853 0.147523 0.161422 0.205827
0.20015 0.378132 0.0462586 0.0828174 0.292642
0.365977 0.0872817 0.0713538 0.214878 0.26051
0.209359 0.44782 0.0585157 0.143509 0.140796
0.395875 0.172451 9.9991E-05 0.159684 0.271891
0.0744064 0.584894 0.0776145 0.0202624 0.242823
0.279612 0.325213 9.9991E-05 0.194326 0.200748
0.104608 0.49469 0.0326902 0.139957 0.228056
0.178282 0.365598 9.9991E-05 0.223511 0.232509
0.169565 0.445328 9.9991E-05 0.0767548 0.308252
0.0244459 0.0225766 0.0646068 9.9991E-05 0.888271
0.0134431 9.9991E-05 0.0123968 0.0556009 0.918459
9.9973E-05 9.9973E-05 0.0229224 9.9973E-05 0.976778
0.00230095 0.0274358 9.9982E-05 9.9982E-05 0.970063
9.9982E-05 9.9982E-05 0.0786705 0.0208093 0.90032
0.0167507 9.9982E-05 9.9982E-05 0.0804702 0.902579
9.9982E-05 0.0149447 9.9982E-05 0.0743214 0.910534
0.0548941 0.0129423 9.9991E-05 0.00413566 0.927928
9.9982E-05 0.0827854 9.9982E-05 0.00303214 0.913982
9.9991E-05 0.00815076 0.0271802 0.125024 0.839545
0.101426 9.9982E-05 0.253548 9.9982E-05 0.644826
0.0352273 9.9982E-05 0.369633 9.9982E-05 0.59494
0.140504 9.9982E-05 0.332214 9.9982E-05 0.527082
0.136983 0.00323394 0.355854 9.9991E-05 0.503829
0.16488 0.575222 0.160388 0.044903 0.0546067
0.176515 0.601403 0.156038 0.0359985 0.0300453
0.0684019 0.621274 0.184508 0.120849 0.00496685
0.126442 0.519097 0.297318 9.9991E-05 0.0570432
0.118575 0.239267 0.625146 0.0169107 9.9991E-05
0.0990555 0.752948 0.0497696 0.0690897 0.0291369
0.209659 0.68076 0.0888499 0.0206308 9.9991E-05
0.309825 0.515148 0.0914007 0.0835264 9.9991E-05
0.441097 0.558603 9.9973E-05 9.9973E-05 9.9973E-05
0.0710661 0.667953 0.180493 0.0726582 0.00782983
0.306554 0.596036 0.0972096 9.9982E-05 9.9982E-05
0.798067 0.0323007 0.169432 9.9982E-05 9.9982E-05
0.105606 0.537016 0.194633 0.0610552 0.101689
0.659467 0.311189 0.00691772 0.0223259 9.9991E-05
0.326555 0.64941 0.00165581 9.9991E-05 0.022279
0.417841 0.274901 0.284809 9.9991E-05 0.0223494
0.0569059 9.9982E-05 0.790437 9.9982E-05 0.152458
0.0439909 0.093791 0.744755 9.9991E-05 0.117363
0.0277234 0.0102978 0.911825 9.9991E-05 0.0500539
0.0308265 9.9982E-05 0.852584 9.9982E-05 0.11639
0.0453705 0.0648504 0.827953 0.028257 0.0335693
0.00803447 0.0450384 0.836248 0.0356843 0.074995
9.9973E-05 0.117284 9.9973E-05 9.9973E-05 0.882416
9.9991E-05 0.0381501 0.0816109 0.0503116 0.829827
9.9982E-05 0.130668 9.9982E-05 0.0795534 0.789579
9.9991E-05 0.0229511 0.0830566 0.15293 0.740962
9.9991E-05 0.0820215 0.0399568 0.0713775 0.806544
0.0515437 9.9982E-05 0.559212 9.9982E-05 0.389045
0.119929 9.9982E-05 0.400834 9.9982E-05 0.479037
0.0841587 9.9982E-05 0.499746 9.9982E-05 0.415895
9.9991E-05 0.133331 0.0235336 0.0550523 0.787983
0.101829 9.9982E-05 0.537812 9.9982E-05 0.360159
0.120321 0.238516 9.9991E-05 0.387543 0.25352
9.9982E-05 0.56269 9.9982E-05 0.241644 0.195466
9.9982E-05 0.506889 9.9982E-05 0.311653 0.181258
0.0394665 0.356914 0.0571032 0.254364 0.292152
0.0691782 0.460957 0.193168 0.190336 0.0863607
0.179297 9.9982E-05 9.9982E-05 0.330673 0.48983
0.133758 0.480394 0.360083 9.9991E-05 0.0256648
0.333303 0.388811 0.214346 0.0634398 9.9991E-05
0.0350745 0.331961 0.52954 9.9991E-05 0.103325
0.257623 0.604656 0.125012 9.9991E-05 0.012609
0.81692 9.9973E-05 0.18278 9.9973E-05 9.9973E-05
0.165412 0.636321 0.0340501 9.9991E-05 0.164117
0.234437 0.540487 0.18041 0.0304748 0.0141915
0.146881 0.374163 0.412816 9.9991E-05 0.0660408
0.0943815 0.574877 0.154845 0.119405 0.0564917
0.574396 0.179813 0.245591 9.9982E-05 9.9982E-05
0.347287 0.438617 0.128095 0.0336076 0.0523939
0.164889 0.562476 0.223025 0.0481557 0.0014549
0.228428 0.415786 0.0207021 0.196667 0.138417
0.286254 0.411171 0.294635 0.00783878 9.9991E-05
0.222957 0.469039 0.256335 0.0515692 9.9991E-05
0.207155 0.510486 0.135483 0.135818 0.0110581
0.159507 0.642178 0.167461 0.015489 0.0153653
0.0496333 0.623523 0.169482 0.146883 0.0104781
0.100272 0.566096 0.113798 0.0627458 0.157089
0.000250845 0.590135 0.258986 0.0777569 0.0728703
9.9982E-05 0.10596 9.9982E-05 0.0944972 0.799343
0.0629291 0.047008 9.9991E-05 0.0749075 0.815055
0.0952418 0.0336265 0.0802803 9.9991E-05 0.790751
0.0668534 0.0384348 0.0337186 0.0563152 0.804678
9.9982E-05 0.136551 9.9982E-05 0.00501976 0.85823
0.0651361 0.225273 0.61673 0.0927611 9.9991E-05
0.147778 0.458219 0.220565 0.160159 0.0132789
0.194379 0.454548 9.9991E-05 0.134954 0.216019
0.0675852 0.668927 0.172542 0.055438 0.0355081
0.0582501 0.598236 0.260584 0.00635828 0.076571
0.233838 0.297278 0.341274 0.114605 0.013006
0.176276 0.0317898 0.647667 0.00164598 0.142621
0.0293273 0.577396 0.301034 0.0531926 0.0390506
0.206693 0.160048 0.513199 0.0572358 0.0628242
0.308298 0.406506 0.0983882 0.112239 0.0745687
0.153513 0.141185 0.562819 9.9991E-05 0.142382
0.00804067 0.56728 0.194285 0.0902765 0.140118
0.100703 0.235587 0.529571 9.9991E-05 0.134039
0.220329 0.364052 0.28044 0.0627254 0.0724539
0.266706 0.577906 0.0434121 9.9991E-05 0.111876
0.540471 0.292723 0.104865 9.9991E-05 0.0618415
0.200747 0.587914 0.0521114 9.9991E-05 0.159127
0.0588727 0.611459 0.120133 0.0696478 0.139887
0.490081 0.391794 0.0799665 9.9991E-05 0.0380579
0.220197 0.5897 0.0797901 0.0592301 0.0510827
0.267853 0.54952 0.0590911 0.0539314 0.0696046
0.752703 0.197133 0.0499645 9.9982E-05 9.9982E-05
0.680023 0.313966 9.9991E-05 0.0033909 0.00251962
0.323217 0.584511 0.0479909 9.9991E-05 0.0441811
0.603158 0.213577 0.127747 9.9991E-05 0.0554185
0.330525 0.52514 0.0933215 9.9991E-05 0.0509129
0.192959 0.10858 0.624967 0.073395 9.9991E-05
0.34232 0.294132 0.325111 0.0383379 9.9991E-05
9.9991E-05 0.358349 0.514319 0.126702 0.000530446
9.9991E-05 0.593761 0.229106 0.160271 0.0167624
0.192932 0.306274 0.4835 0.0171945 9.9991E-05
0.195564 0.512531 0.131287 0.0937892 0.0668284
0.0198232 0.52565 0.322725 0.131703 9.9991E-05
0.0606894 0.542616 0.280746 0.0561205 0.0598284
0.0771547 0.511187 0.316158 0.0954008 9.9991E-05
0.0853927 0.560635 0.294158 0.0373963 0.0224176
0.0259133 0.283933 0.59962 0.0904345 9.9991E-05
0.0746527 0.298493 0.475923 0.15083 9.9991E-05
0.0777075 0.581153 0.241741 0.0992987 9.9991E-05
0.0700484 0.523216 0.207573 0.152365 0.0467972
0.238127 0.524397 0.141703 9.9991E-05 0.0956729
0.138126 0.57512 0.203264 0.0833898 9.9991E-05
0.0258458 0.361033 0.439285 0.133949 0.0398877
0.00145355 0.746212 0.146708 0.0275804 0.0780458
0.0198266 0.585568 0.267148 0.0588242 0.0686335
0.0890079 0.530928 0.0934238 0.162534 0.124106
0.0265768 0.422495 0.0175341 0.167357 0.366037
0.180014 0.449628 9.9991E-05 0.219076 0.151182
0.200287 0.393749 0.05406 0.204989 0.146915
0.116361 0.641695 0.00544321 0.165416 0.0710854
0.0706302 0.438209 0.0192358 0.293024 0.178902
0.264089 0.431702 0.211995 0.092114 9.9991E-05
0.0679915 0.558436 0.101723 0.130478 0.141371
0.508149 9.9982E-05 9.9982E-05 0.211376 0.280274
0.0826163 0.418314 0.161278 0.216623 0.121169
0.0789643 0.47972 0.106414 0.188142 0.14676
0.160191 0.46191 0.0429494 0.277942 0.0570069
0.181286 0.331707 0.0908869 0.177944 0.218176
0.0992571 0.512502 0.0195903 0.17434 0.19431
0.0954109 0.51304 9.9991E-05 0.225095 0.166354
0.301133 9.9982E-05 9.9982E-05 0.187419 0.511248
0.122039 0.407707 0.00827515 0.300305 0.161674
0.00791576 0.585748 0.0407971 0.219062 0.146477
0.0701954 0.57388 0.0347171 0.139035 0.182173
0.0690403 0.466946 0.0449902 0.290476 0.128547
0.0421376 0.460227 0.0581894 0.223921 0.215525
0.379147 0.443972 0.0141464 0.132382 0.0303529
0.184027 0.680253 9.9991E-05 0.032021 0.103599
0.811167 0.115751 0.0728818 9.9982E-05 9.9982E-05
0.839906 0.0653227 0.0945711 9.9982E-05 9.9982E-05
0.165844 0.496974 0.169785 0.125109 0.0422876
0.126835 0.422638 9.9991E-05 0.313832 0.136595
0.223701 0.285358 9.9991E-05 0.389899 0.100942
0.274352 0.181725 9.9991E-05 0.313487 0.230335
0.120414 0.379432 9.9991E-05 0.299563 0.200491
0.698838 0.0597877 9.9991E-05 0.167217 0.0740566
0.595594 0.148155 9.9991E-05 0.134398 0.121753
0.265705 0.56954 9.9991E-05 0.142328 0.0223261
0.306009 0.523996 9.9991E-05 0.0954142 0.0744812
0.523759 0.237442 9.9991E-05 0.154665 0.0840335
0.187078 0.543169 0.0775693 0.121937 0.0702462
0.24488 0.545967 0.0337054 0.14081 0.0346372
0.126587 0.488482 0.0850878 0.206223 0.0936202
0.475836 0.433822 0.0901414 9.9982E-05 9.9982E-05
0.450239 0.475057 0.0674601 0.00714438 9.9991E-05
0.266626 0.579009 0.0835874 0.0521894 0.0185879
0.247129 0.457199 0.167783 0.0715778 0.0563102
0.30579 0.431684 0.0197839 0.129677 0.113065
0.396835 0.562169 9.9982E-05 9.9982E-05 0.0407956
0.617908 0.328217 0.0536751 9.9982E-05 9.9982E-05
0.265007 0.650544 9.9991E-05 0.0154738 0.0688755
0.632514 0.312293 0.0458521 0.00924044 9.9991E-05
0.404175 0.496582 9.9991E-05 0.0455022 0.0536405
0.276891 0.604236 9.9991E-05 0.0349264 0.083847
0.256814 0.489603 0.151362 0.0863567 0.0158643
0.0789943 0.43008 0.0907866 0.24522 0.154919
0.201452 0.425316 0.0300935 0.20484 0.138299
0.142291 0.282446 0.0593927 0.314571 0.201299
0.117477 0.348695 0.0947436 0.249851 0.189233
0.00324816 0.565221 0.116492 0.150811 0.164228
0.1517 0.36689 0.0604122 0.215082 0.205915
0.605897 9.9982E-05 9.9982E-05 0.176083 0.21782
0.0367308 0.633367 9.9991E-05 0.200987 0.128814
0.417292 9.9982E-05 9.9982E-05 0.166293 0.416216
0.200592 0.490918 9.9991E-05 0.231426 0.0769651
0.792126 0.207574 9.9973E-05 9.9973E-05 9.9973E-05
0.902104 0.0186149 0.0790815 9.9982E-05 9.9982E-05
0.374606 0.580544 0.04465 9.9982E-05 9.9982E-05
0.223669 0.686157 9.9991E-05 0.0327709 0.0573033
0.439197 0.481498 0.0425531 0.0366514 9.9991E-05
0.385536 0.583831 9.9982E-05 0.0304334 9.9982E-05
0.330381 0.623698 9.9991E-05 0.0255006 0.0203203
0.0262364 0.0408586 0.0387845 0.100544 0.793577
0.0184209 9.9991E-05 0.172586 0.132801 0.676091
9.9982E-05 9.9982E-05 0.0486199 0.071499 0.879681
9.9973E-05 0.0564312 9.9973E-05 9.9973E-05 0.943269
0.271409 0.623822 0.023549 0.0291766 0.0520435
0.191169 0.637404 0.118401 0.0376299 0.0153967
0.212826 0.678549 0.0921596 9.9991E-05 0.0163657
0.108851 0.633166 0.0681437 0.0752521 0.114588
0.273119 0.568555 0.0440981 0.0425788 0.0716491
0.467353 0.350274 0.182173 9.9982E-05 9.9982E-05
0.137011 0.778228 0.0657595 0.0189011 9.9991E-05
0.500628 0.479322 9.9982E-05 9.9982E-05 0.0198508
9.9991E-05 0.49155 0.0111565 0.187877 0.309317
0.400146 0.549199 0.0165443 0.0340108 9.9991E-05
0.284102 0.533184 0.178795 9.9991E-05 0.0038191
0.210805 0.701805 0.0871894 9.9982E-05 9.9982E-05
0.27533 0.541292 0.183178 9.9982E-05 9.9982E-05
0.305129 0.694571 9.9973E-05 9.9973E-05 9.9973E-05
0.110472 0.729702 0.0173659 9.9991E-05 0.14236
0.704487 0.295213 9.9973E-05 9.9973E-05 9.9973E-05
0.503515 0.399627 0.0879284 9.9991E-05 0.00882974
0.465525 0.477263 0.0570123 9.9982E-05 9.9982E-05
0.929238 0.0704622 9.9973E-05 9.9973E-05 9.9973E-05
0.2797 0.506381 0.160861 0.0212462 0.0318124
0.748528 0.243802 0.00747056 9.9982E-05 9.9982E-05
0.927153 0.0725467 9.9973E-05 9.9973E-05 9.9973E-05
0.225793 0.667326 0.0079685 0.0363039 0.0626089
0.457632 0.424941 0.117227 9.9982E-05 9.9982E-05
0.193495 0.505008 0.238135 0.0221362 0.0412253
0.153018 0.664069 9.9991E-05 0.0698334 0.112979
0.256844 0.609369 0.108986 0.024701 9.9991E-05
0.309938 0.36318 0.244176 0.0826066 9.9991E-05
0.202904 0.611219 0.121125 0.064652 9.9991E-05
0.217668 0.60265 0.118866 0.0141988 0.0466173
0.484322 0.480447 0.0350319 9.9982E-05 9.9982E-05
0.139706 0.604932 0.11197 0.058699 0.084693
0.048033 9.9982E-05 0.264303 9.9982E-05 0.687464
0.0281318 0.0552465 0.124113 0.0215675 0.770942
0.0448024 9.9982E-05 0.120193 9.9982E-05 0.834804
0.0291468 9.9982E-05 0.158751 9.9982E-05 0.811902
9.9982E-05 0.0436789 0.253167 9.9982E-05 0.702954
0.328037 0.40833 0.263433 9.9982E-05 9.9982E-05
0.49788 0.314706 0.154172 9.9991E-05 0.0331427
0.644118 0.355065 0.000616148 9.9982E-05 9.9982E-05
0.0876999 0.760708 9.9982E-05 9.9982E-05 0.151392
0.0838009 0.66003 0.0369927 0.0239213 0.195255
0.550101 0.419153 9.9991E-05 0.0191918 0.0114541
0.125822 0.767492 0.0331251 0.0381368 0.0354247
0.404006 0.482489 0.0368891 0.0386392 0.0379761
0.234171 0.690737 0.00845838 9.9991E-05 0.0665335
0.197836 0.663792 9.9991E-05 0.0180891 0.120183
0.385886 0.462939 0.150975 9.9982E-05 9.9982E-05
0.390733 0.512042 0.0970245 9.9982E-05 9.9982E-05
0.310481 0.543985 0.145334 9.9982E-05 9.9982E-05
0.143334 0.618554 0.0686538 0.0129021 0.156556
0.228066 0.623695 0.146995 9.9991E-05 0.00114418
0.299274 0.615735 0.0430451 9.9991E-05 0.0418464
0.103193 0.510314 9.9991E-05 0.382256 0.00413709
9.9991E-05 0.37448 0.0572717 0.432765 0.135382
9.9982E-05 0.456296 9.9982E-05 0.38397 0.159534
0.0179618 0.322434 9.9991E-05 0.481519 0.177986
0.0467262 0.42998 9.9991E-05 0.343168 0.180025
0.346097 0.565033 0.0110173 0.0324415 0.0454115
0.024088 0.0373614 9.9991E-05 0.67176 0.26669
9.9982E-05 0.266928 9.9982E-05 0.515676 0.217197
0.247493 0.405532 0.00633924 0.130348 0.210288
0.143777 0.662783 9.9991E-05 0.0191072 0.174233
0.258039 0.4425 0.173052 0.0430703 0.083339
0.157471 0.688962 9.9982E-05 9.9982E-05 0.153367
0.141701 0.65869 0.0992475 0.0170042 0.0833575
9.9982E-05 0.33756 9.9982E-05 0.46644 0.195799
9.9991E-05 0.380109 0.0572219 0.379825 0.182744
9.9982E-05 0.441074 9.9982E-05 0.489266 0.0694601
0.172214 0.271882 0.0569857 0.37828 0.120638
0.0447825 0.266454 9.9991E-05 0.594742 0.0939218
0.0942375 0.277651 0.125539 0.399426 0.103147
0.0885042 0.24101 9.9991E-05 0.553417 0.116968
9.9991E-05 0.437064 0.0894826 0.431064 0.0422897
0.220385 0.576639 0.0355094 0.0421319 0.125335
0.00720315 0.326684 0.0825439 0.424764 0.158805
0.0329545 0.152202 9.9991E-05 0.678854 0.135889
0.0135193 0.324579 0.179241 0.391571 0.0910903
0.292228 0.255612 0.228541 9.9991E-05 0.223519
0.190079 0.573609 0.0828418 0.11012 0.0433507
0.063866 0.386702 0.0127734 0.393348 0.143311
0.0601234 0.566822 0.118112 0.0689607 0.185982
0.188079 0.599017 0.0191739 9.9991E-05 0.19363
0.171273 0.368154 0.00337596 0.254332 0.202866
0.134802 0.346547 9.9991E-05 0.300481 0.21807
0.059247 0.557226 0.146465 0.138424 0.0986375
0.0920848 0.41383 9.9991E-05 0.364258 0.129728
9.9982E-05 0.430776 9.9982E-05 0.522306 0.0467174
0.0266473 0.137227 9.9991E-05 0.62377 0.212256
0.0731449 0.708014 0.0432778 0.0929391 0.0826245
0.219535 0.561243 0.0269754 9.9991E-05 0.192146
0.575238 0.189498 9.9991E-05 0.0625299 0.172634
9.9991E-05 0.712664 0.0567019 0.106504 0.12403
0.17363 0.413903 0.224227 0.0860935 0.102146
0.168892 0.417391 9.9991E-05 0.21702 0.196596
0.172702 0.45096 0.0779239 0.0641555 0.234258
0.41568 9.9982E-05 9.9982E-05 0.23682 0.3473
0.486984 9.9982E-05 9.9982E-05 0.14218 0.370636
0.325525 0.286114 9.9991E-05 0.16536 0.222901
0.38388 9.9982E-05 9.9982E-05 0.246059 0.369861
0.326846 9.9982E-05 9.9982E-05 0.255915 0.417039
0.285263 0.389358 0.0173684 0.190459 0.117551
0.181579 0.351131 0.0357223 0.204817 0.22675
0.330014 0.114923 0.0462835 0.246985 0.261794
0.440962 0.0136004 9.9991E-05 0.208788 0.33655
0.264262 0.406457 0.0693655 0.168092 0.0918241
0.496919 0.0815096 9.9991E-05 0.222407 0.199064
0.39336 9.9982E-05 9.9982E-05 0.081179 0.525261
0.0157152 0.510605 0.12349 0.236538 0.113652
0.119181 0.283412 0.119532 0.316569 0.161306
0.0328687 0.424002 0.0135831 0.225576 0.30397
9.9982E-05 0.524126 9.9982E-05 0.283294 0.19238
0.0421686 0.512273 9.9991E-05 0.287144 0.158314
0.1138 0.370571 0.0178347 0.334628 0.163167
9.9982E-05 0.355812 9.9982E-05 0.227407 0.416582
9.9982E-05 0.556974 9.9982E-05 0.156446 0.28638
9.9982E-05 0.482411 9.9982E-05 0.258409 0.25898
0.234191 0.184145 9.9991E-05 0.370913 0.210651
0.154504 0.338293 0.158123 0.161271 0.187809
0.00178654 0.555565 0.118717 0.159186 0.164745
9.9991E-05 0.553991 0.102578 0.19612 0.147211
0.208758 0.548046 0.00625231 0.0952161 0.141727
0.00828203 0.361898 0.0141333 0.283049 0.332638
0.0641658 0.506827 0.00321459 0.152118 0.273674
0.19418 0.150523 9.9991E-05 0.2314 0.423797
0.0689062 0.457659 0.0563888 0.217355 0.199691
0.14321 0.223022 9.9991E-05 0.305516 0.328152
0.0218282 9.9991E-05 0.143767 0.0179668 0.816338
0.0252277 0.145181 0.728975 9.9991E-05 0.100517
9.997E-05 9.997E-05 0.9996 9.997E-05 9.997E-05
9.997E-05 9.997E-05 0.9996 9.997E-05 9.997E-05
9.9973E-05 0.0210447 0.978655 9.9973E-05 9.9973E-05
9.9973E-05 9.9973E-05 0.939097 0.0606032 9.9973E-05
9.9973E-05 0.0694474 0.930253 9.9973E-05 9.9973E-05
9.9973E-05 9.9973E-05 0.943297 9.9973E-05 0.0564034
9.9982E-05 9.9982E-05 0.814155 0.017432 0.168213
0.00857916 9.9991E-05 0.0261791 0.0309846 0.934157
9.9982E-05 0.0497921 0.151486 9.9982E-05 0.798522
0.0404845 0.0234545 9.9991E-05 0.0320118 0.903949
9.9982E-05 0.0216482 0.163383 9.9982E-05 0.814769
9.9991E-05 0.0375284 0.0329146 0.0133219 0.916135
0.0304454 0.00475565 0.0408781 9.9991E-05 0.923821
0.0858275 0.0309634 0.0367034 0.120826 0.72568
0.0725505 0.00172161 9.9991E-05 0.0836296 0.841998
0.0180701 0.0750677 0.119755 0.0542758 0.732832
9.9973E-05 9.9973E-05 9.9973E-05 0.069427 0.930273
9.9973E-05 9.9973E-05 0.0494235 9.9973E-05 0.950277
9.9991E-05 0.0626373 0.0594657 0.0174444 0.860353
9.9973E-05 9.9973E-05 0.0412568 9.9973E-05 0.958443
9.9982E-05 0.0356357 9.9982E-05 0.0677899 0.896374
9.99896E-05 0.0619026 9.99896E-05 0.0730852 0.864812
9.9982E-05 0.0972531 9.9982E-05 0.0444583 0.858089
9.9982E-05 0.0898747 9.9982E-05 0.129949 0.779976
9.9982E-05 0.115759 9.9982E-05 0.109034 0.775007
9.9982E-05 0.1059 9.9982E-05 0.0692878 0.824612
0.281193 0.411116 0.0807227 0.047357 0.179612
0.149959 0.747544 9.9982E-05 9.9982E-05 0.102297
0.0833345 0.680006 0.0651698 0.00825196 0.163237
0.647221 0.199473 9.9991E-05 0.0207568 0.132449
0.119157 0.612122 0.0942856 9.9991E-05 0.174335
0.623626 0.103745 9.9991E-05 0.0427534 0.229775
0.168788 0.587373 9.9991E-05 0.0726519 0.171088
0.295879 0.50093 0.0932894 9.9991E-05 0.109802
0.219679 0.602194 0.0680837 0.00986824 0.100175
0.209173 0.702528 0.054739 0.0214438 0.0121164
0.208573 0.558848 0.13347 9.9991E-05 0.0990088
0.190831 0.708636 9.9991E-05 0.0122274 0.0882051
0.0589536 0.628148 0.132489 0.0238468 0.156563
0.382244 0.0742698 0.470511 0.0728753 9.9991E-05
0.830482 9.9982E-05 0.0644585 9.9982E-05 0.10486
0.610482 0.182689 0.0567106 0.0534025 0.0967162
0.15895 0.569682 0.00329565 0.118416 0.149657
0.248676 0.621149 9.9991E-05 0.0139474 0.116127
0.238319 0.580857 9.9982E-05 9.9982E-05 0.180624
0.109923 0.696146 9.9991E-05 0.068845 0.124986
9.9991E-05 0.536737 0.0714048 0.184917 0.20684
9.9991E-05 0.590206 0.0404564 0.182242 0.186996
0.15138 0.115871 0.149432 0.169541 0.413776
0.00828505 0.620451 0.128326 0.0848619 0.158076
0.107591 0.434576 0.0477601 0.159382 0.250691
0.348173 9.9982E-05 9.9982E-05 0.168162 0.483465
0.200557 0.318877 9.9991E-05 0.194832 0.285634
0.0238289 0.340955 0.114902 0.174564 0.345749
0.0140203 0.493889 0.107821 0.0391912 0.345079
0.0984959 0.425242 0.151488 0.215698 0.109076
0.0324315 0.526703 0.0856648 0.195398 0.159803
9.9982E-05 0.682315 9.9982E-05 0.164842 0.152644
0.267208 0.356081 9.9991E-05 0.255335 0.121276
0.0318316 0.235937 0.0526454 0.199424 0.480162
