9.9973E-05 0.0132621 0.0363108 0.013163 9.9973E-05 9.9973E-05 0.136479 0.0267135 0.0404879 0.733283
0.00812943 0.0209911 9.9973E-05 0.0144162 0.00437935 9.9973E-05 0.235224 0.0295425 9.9973E-05 0.687018
9.9964E-05 9.9964E-05 0.0314058 9.9964E-05 9.9964E-05 0.0981121 0.162559 0.0575687 0.0160019 0.633953
0.0446163 0.0460809 0.0720731 9.9982E-05 9.9982E-05 0.00287223 0.0133823 0.0648047 0.0587949 0.697176
0.0386874 9.9946E-05 9.9946E-05 9.9946E-05 9.9946E-05 0.0422993 0.213252 9.9946E-05 9.9946E-05 0.705161
9.999E-05 0.017274 0.0683459 0.0875631 0.129145 0.029255 0.0954421 0.0232493 0.0659564 0.48367
9.9964E-05 0.0156394 9.9964E-05 0.0090243 0.0690181 0.0277297 9.9964E-05 0.0383165 9.9964E-05 0.839872
0.00469169 9.9982E-05 0.0406531 0.0292386 0.0481942 0.0290891 9.9982E-05 0.0236032 0.125746 0.698585
9.99639E-05 9.99639E-05 9.99639E-05 0.0709564 0.0523967 9.99639E-05 0.182558 0.00721755 0.0363159 0.650156
9.9955E-05 9.9955E-05 0.0602866 9.9955E-05 0.109325 0.106145 9.9955E-05 9.9955E-05 0.0226923 0.701051
9.9973E-05 0.0600064 9.9973E-05 0.0124007 0.133746 0.0268311 9.9973E-05 0.0102067 0.038338 0.718171
9.9946E-05 0.876439 0.0949173 0.0253693 9.9946E-05 9.9946E-05 0.00267503 9.9946E-05 9.9946E-05 9.9946E-05
9.9955E-05 0.489884 0.00673206 9.9955E-05 9.9955E-05 0.405673 9.9955E-05 0.0965475 0.000664277 9.9955E-05
0.0548232 0.755338 0.0611453 9.9964E-05 9.9964E-05 0.0548967 9.9964E-05 0.00887004 9.9964E-05 0.064527
9.9955E-05 0.741924 0.162782 9.9955E-05 9.9955E-05 0.026318 9.9955E-05 0.0096183 9.9955E-05 0.0588573
9.9964E-05 0.464048 0.141346 0.0633155 0.0380529 0.211479 9.9964E-05 9.9964E-05 9.9964E-05 0.0813587
9.9964E-05 0.322744 0.0860214 0.0177955 9.9964E-05 0.420065 0.106678 0.0462957 9.9964E-05 9.9964E-05
9.9955E-05 0.509042 9.9955E-05 0.00058557 0.0574266 0.36741 9.9955E-05 0.0650363 9.9955E-05 9.9955E-05
9.9955E-05 0.632761 0.0273687 0.0225912 9.9955E-05 0.177704 9.9955E-05 9.9955E-05 9.9955E-05 0.139075
9.9946E-05 0.875168 9.9946E-05 9.9946E-05 0.0128854 9.9946E-05 9.9946E-05 9.9946E-05 0.02908 0.0822666
0.0148274 0.508992 0.0524499 9.9973E-05 0.000659785 0.358877 0.0263798 9.9973E-05 0.037514 9.9973E-05
0.0386562 0.296704 9.9982E-05 0.06631 0.0699435 0.428366 0.0431221 0.0344817 0.0222168 9.9982E-05
0.0304968 0.367118 9.9964E-05 0.016145 9.9964E-05 0.48511 0.0449295 9.9964E-05 9.9964E-05 0.0558005
9.9955E-05 0.752869 0.137226 9.9955E-05 0.0563612 0.0274503 9.9955E-05 0.0255929 9.9955E-05 9.9955E-05
9.9946E-05 0.232362 0.059477 9.9946E-05 9.9946E-05 0.571005 9.9946E-05 9.9946E-05 9.9946E-05 0.136556
9.9964E-05 0.412148 0.0863204 9.9964E-05 0.0471215 0.417645 0.00419752 0.0321675 9.9964E-05 9.9964E-05
0.00624187 0.850221 0.0663042 9.9964E-05 0.020552 9.9964E-05 9.9964E-05 0.0533609 9.9964E-05 0.00292007
9.9946E-05 0.791013 0.171784 9.9946E-05 9.9946E-05 9.9946E-05 9.9946E-05 0.0153326 9.9946E-05 0.0212701
0.0506656 0.82239 0.0512977 0.000318797 0.0251333 0.0179738 9.9973E-05 9.9973E-05 9.9973E-05 0.0319212
9.99201E-05 9.99201E-05 9.99201E-05 9.99201E-05 9.99201E-05 9.99201E-05 9.99201E-05 0.999101 9.99201E-05 9.99201E-05
9.99201E-05 9.99201E-05 9.99201E-05 9.99201E-05 9.99201E-05 9.99201E-05 9.99201E-05 0.999101 9.99201E-05 9.99201E-05
9.9973E-05 0.0255823 9.9973E-05 0.00756224 9.9973E-05 0.0347031 0.214889 0.398983 0.0308116 0.28717
9.9964E-05 9.9964E-05 0.0663247 0.0630702 9.9964E-05 0.0585176 0.0706197 0.288622 9.9964E-05 0.452446
9.9964E-05 0.108974 0.0604463 0.257913 9.9964E-05 0.445492 0.0381621 9.9964E-05 0.0886125 9.9964E-05
9.9973E-05 0.155627 0.0227125 0.223971 9.9973E-05 0.470432 0.0227624 9.9973E-05 0.0170704 0.0871239
9.9964E-05 9.9964E-05 0.0312897 0.33373 9.9964E-05 0.537961 0.0163069 0.0378268 0.0424856 9.9964E-05
0.00762155 0.51384 9.9973E-05 9.9973E-05 0.0104301 0.0885481 0.0735318 9.9973E-05 0.248005 0.0577236
0.0229367 9.9964E-05 0.0243955 0.600491 9.9964E-05 0.281233 9.9964E-05 0.040189 0.030355 9.9964E-05
0.0411769 0.0790626 0.0392465 0.157636 0.0409849 0.472971 0.0858196 9.9982E-05 0.0829018 9.9982E-05
9.9964E-05 0.0833423 0.0657421 0.23597 0.0156052 0.519488 0.0794524 9.9964E-05 9.9964E-05 9.9964E-05
9.9964E-05 9.9964E-05 9.9964E-05 0.0392412 0.120664 0.567407 9.9964E-05 0.0470854 0.143449 0.0817535
0.0459823 9.9973E-05 9.9973E-05 0.121905 0.0148089 0.619616 9.9973E-05 0.0605646 0.0320638 0.104759
9.9973E-05 0.187016 0.00748113 0.601711 0.011663 0.0839798 9.9973E-05 0.0347529 0.0730963 9.9973E-05
9.9964E-05 0.0485611 9.9964E-05 0.0173649 0.23082 0.58812 0.0522955 9.9964E-05 9.9964E-05 0.0624379
9.9982E-05 0.179865 0.064493 0.119393 0.0607813 0.481921 0.0125856 0.00116116 9.9982E-05 0.0796006
0.0659148 9.9991E-05 0.0833728 0.170885 0.00779658 0.49319 0.0734288 0.0512803 0.037643 0.0163887
0.0122265 9.9955E-05 9.9955E-05 0.690998 9.9955E-05 0.274105 9.9955E-05 0.0169414 0.00522945 9.9955E-05
0.00573015 9.9964E-05 9.9964E-05 0.260794 0.0284444 0.599356 0.0444706 0.0608051 9.9964E-05 9.9964E-05
0.0808258 0.06217 0.112928 0.151912 0.0482028 0.404779 0.0670218 0.027551 0.0445086 9.9991E-05
9.9955E-05 9.9955E-05 9.9955E-05 0.665214 0.241403 9.9955E-05 0.0713936 0.00842788 0.0130618 9.9955E-05
0.064335 0.323257 9.9964E-05 0.16089 0.0969457 0.128888 9.9964E-05 9.9964E-05 0.225284 9.9964E-05
0.124868 0.419665 0.012339 0.0584011 0.326597 0.00383139 0.0435978 9.9982E-05 0.0105007 9.9982E-05
0.0480349 0.110467 0.16213 0.0723546 9.9973E-05 0.418796 0.0936377 9.9973E-05 0.0942806 9.9973E-05
0.118945 0.202003 0.0578194 9.9973E-05 0.0683468 0.484235 9.9973E-05 0.0580805 9.9973E-05 0.0102698
0.0833646 0.0160057 0.0580036 9.9982E-05 0.0864664 0.626287 9.9982E-05 0.00136904 0.0608493 0.0674543
0.0581793 0.148111 9.9973E-05 0.230547 0.152662 0.151468 9.9973E-05 9.9973E-05 0.159207 0.0995257
0.117516 0.0899519 9.9973E-05 0.0442336 9.9973E-05 0.531923 9.9973E-05 0.0227617 0.191228 0.00208516
9.9982E-05 0.292355 0.0887684 0.0127741 0.120011 0.40477 0.0585459 0.0219587 9.9982E-05 0.000618015
0.0863627 0.330307 9.9973E-05 0.161087 9.9973E-05 0.290787 9.9973E-05 0.0143144 0.00298456 0.113857
9.9991E-05 0.46166 0.016943 0.0796353 0.194352 0.00557788 0.152439 0.0218354 0.01749 0.0499674
9.9973E-05 0.293084 0.0337186 0.0613947 9.9973E-05 0.454026 0.0741479 0.0721282 9.9973E-05 0.0112007
0.134229 0.334995 0.00357334 9.9991E-05 0.099993 0.257376 0.0089833 0.0139126 0.0942949 0.0525418
0.0062281 0.554666 9.9973E-05 0.0766888 0.156106 9.9973E-05 9.9973E-05 0.0631449 0.11899 0.0238765
0.127518 0.414114 9.9964E-05 0.00224348 9.9964E-05 0.442449 9.9964E-05 0.0124563 0.000819623 9.9964E-05
0.138994 0.0840069 0.0651528 0.0336099 0.110643 0.544699 9.9982E-05 9.9982E-05 0.00726677 0.0154275
0.153254 0.131134 0.066561 0.0861448 9.9982E-05 0.410772 0.0468282 0.0323703 0.0727348 9.9982E-05
0.0363176 0.467658 0.0192684 0.0850314 0.0687315 0.187711 0.0443156 9.9991E-05 0.0351217 0.0557449
0.0144331 0.33053 9.9964E-05 0.0822673 0.0737698 0.444946 9.9964E-05 0.0536543 9.9964E-05 9.9964E-05
0.0507744 0.0713861 0.0471985 0.0122167 0.0491674 0.517907 0.021619 0.06422 0.165411 9.9991E-05
0.141358 0.498524 9.9982E-05 0.00305056 0.0674717 0.0765873 0.00536692 0.0964919 0.110949 9.9982E-05
9.9946E-05 9.9946E-05 9.9946E-05 0.351324 9.9946E-05 0.551571 9.9946E-05 0.00951138 0.0869943 9.9946E-05
9.9955E-05 0.237605 9.9955E-05 0.608888 9.9955E-05 0.147516 0.0016056 0.00388636 9.9955E-05 9.9955E-05
0.0600181 0.046938 0.0391154 0.164258 0.0309025 0.516078 0.0536881 9.9982E-05 9.9982E-05 0.0888019
9.9937E-05 9.9937E-05 9.9937E-05 0.851813 0.107698 9.9937E-05 0.0397897 9.9937E-05 9.9937E-05 9.9937E-05
0.0619713 0.0733782 9.9946E-05 0.819626 0.0444249 9.9946E-05 9.9946E-05 9.9946E-05 9.9946E-05 9.9946E-05
9.9955E-05 9.9955E-05 0.011524 0.688358 9.9955E-05 0.250359 0.0355693 9.9955E-05 0.0136895 9.9955E-05
9.9973E-05 0.000572964 9.9973E-05 0.437544 9.9973E-05 0.441082 0.00473497 0.0366812 0.0567676 0.0223175
0.0229131 0.131838 0.0504173 0.0599975 0.0448156 0.490646 0.0705845 0.062201 9.9991E-05 0.0664863
9.9964E-05 0.101907 0.0670095 0.460762 9.9964E-05 0.299529 9.9964E-05 0.0647049 9.9964E-05 0.0056874
9.9964E-05 0.268138 0.0304152 0.572855 9.9964E-05 0.0533875 9.9964E-05 9.9964E-05 0.0350687 0.0397359
9.9964E-05 0.0696935 9.9964E-05 0.513741 9.9964E-05 0.194318 0.0214109 9.9964E-05 0.137245 0.0631917
0.0238227 0.0212814 0.106092 0.247221 9.9982E-05 0.487478 9.9982E-05 0.0261259 0.0232423 0.0645376
9.9964E-05 0.169592 0.00709281 0.516977 9.9964E-05 0.249943 9.9964E-05 0.000491029 9.9964E-05 0.0555043
9.99722E-05 0.0819496 9.99722E-05 0.42237 9.99722E-05 0.355596 0.0742571 0.0633493 9.99722E-05 0.0020786
0.0237252 9.9955E-05 9.9955E-05 0.591153 0.0136332 0.366025 9.9955E-05 9.9955E-05 9.9955E-05 0.00496322
0.047651 0.0551249 9.9946E-05 0.693133 0.203491 9.9946E-05 9.9946E-05 9.9946E-05 9.9946E-05 9.9946E-05
9.9964E-05 9.9964E-05 0.0367601 0.219069 0.033963 0.623363 0.0278711 9.9964E-05 0.0585742 9.9964E-05
9.9964E-05 0.103571 0.0308307 9.9964E-05 9.9964E-05 0.0666315 0.11999 0.0478303 9.9964E-05 0.630748
9.9946E-05 9.9946E-05 9.9946E-05 9.9946E-05 9.9946E-05 0.064393 0.186068 0.0879788 9.9946E-05 0.66096
9.9955E-05 9.9955E-05 0.0497947 9.9955E-05 9.9955E-05 0.0555013 0.197508 0.100194 9.9955E-05 0.596502
9.9955E-05 9.9955E-05 9.9955E-05 9.9955E-05 0.0347076 0.032753 0.244765 0.112912 9.9955E-05 0.574362
9.9964E-05 0.0105139 0.0184725 9.9964E-05 9.9964E-05 0.0709725 0.0670755 0.0809718 9.9964E-05 0.751594
9.9964E-05 9.9964E-05 0.028061 9.9964E-05 0.019623 0.0393807 0.198508 0.0284953 9.9964E-05 0.685533
9.9955E-05 9.9955E-05 0.000332123 9.9955E-05 9.9955E-05 0.0648185 0.139015 0.0454298 9.9955E-05 0.749905
9.9973E-05 0.0155885 0.139995 0.275749 0.0728403 0.383759 0.00226671 9.9973E-05 9.9973E-05 0.109501
9.9982E-05 0.163067 0.0611864 0.0744503 0.0620838 0.501407 0.0444825 0.0147728 0.0783494 9.9982E-05
9.9955E-05 0.18108 9.9955E-05 0.723219 9.9955E-05 0.0276308 0.0367986 9.9955E-05 9.9955E-05 0.0307713
9.9964E-05 9.9964E-05 0.0712134 0.179288 0.110593 0.490122 0.0324568 9.9964E-05 0.115927 9.9964E-05
9.9964E-05 0.182256 9.9964E-05 0.324436 9.9964E-05 0.376959 9.9964E-05 0.0176547 0.0100708 0.0882234
0.0435373 9.9955E-05 9.9955E-05 0.307134 9.9955E-05 0.564105 9.9955E-05 0.0415933 9.9955E-05 0.043131
0.105758 0.0958272 9.9964E-05 0.270091 0.0259903 0.483728 9.9964E-05 9.9964E-05 9.9964E-05 0.018205
9.9946E-05 9.9946E-05 0.0655647 0.450013 9.9946E-05 0.463154 9.9946E-05 0.0206687 9.9946E-05 9.9946E-05
9.9955E-05 0.185461 9.9955E-05 0.701082 9.9955E-05 9.9955E-05 0.0186731 9.9955E-05 0.0513933 0.0428906
9.9982E-05 9.9982E-05 0.091795 0.266776 0.0702213 0.402708 0.0651866 0.0532893 0.0198261 0.0299983
9.9973E-05 0.0693797 0.0100221 0.159695 0.0479091 0.655204 0.0279733 0.0295166 9.9973E-05 9.9973E-05
0.0161909 0.342333 0.00198403 0.0276299 9.9982E-05 0.522936 0.0112666 0.00808425 9.9982E-05 0.0693751
0.0325385 0.0367963 0.071018 0.534021 0.0754058 0.235626 9.9973E-05 0.014294 9.9973E-05 9.9973E-05
0.0191051 9.9964E-05 9.9964E-05 0.458016 0.015698 0.475893 0.00883315 0.0220551 9.9964E-05 9.9964E-05
9.9964E-05 0.0912271 9.9964E-05 0.439138 0.0666051 0.347901 9.9964E-05 0.0334124 0.0213165 9.9964E-05
9.9946E-05 9.9946E-05 0.12567 0.637828 9.9946E-05 0.23501 9.9946E-05 0.000892018 9.9946E-05 9.9946E-05
0.00504539 0.0681818 9.9973E-05 0.335176 9.9973E-05 0.439926 9.9973E-05 0.00159163 0.0544138 0.0953657
0.00629689 0.0622974 9.9982E-05 0.164553 9.9982E-05 0.559677 0.0186557 0.0481264 0.0508637 0.0893303
0.150607 0.303988 0.0118883 0.0351106 0.160776 0.159855 9.9991E-05 0.00421321 0.137548 0.0359139
9.9991E-05 0.24262 0.0270145 0.0103592 0.0958676 0.35928 0.0375439 0.023221 0.125734 0.0782597
0.0225476 0.0685684 0.0936974 0.0663911 9.9982E-05 0.4951 9.9982E-05 0.00890891 0.157637 0.0869499
9.9973E-05 0.0508378 0.0230703 0.115291 9.9973E-05 0.605836 0.0760738 0.0515851 0.077006 9.9973E-05
0.00321267 0.507118 9.9973E-05 9.9973E-05 0.0355248 0.38822 9.9973E-05 0.0406905 0.017567 0.00736729
0.0186734 0.168803 9.9964E-05 0.0810228 9.9964E-05 0.53109 9.9964E-05 9.9964E-05 0.136285 0.0637265
0.0729917 0.229662 9.9964E-05 9.9964E-05 9.9964E-05 0.468842 0.00572375 9.9964E-05 0.170202 0.052178
0.0089293 0.0367411 0.0936768 0.0558543 0.0721816 0.494438 9.9991E-05 0.0600968 0.149491 0.0284905
0.0766926 0.0825794 0.0366716 9.9982E-05 0.0462275 0.55557 0.0749046 9.9982E-05 0.108781 0.0183738
0.116822 0.247721 9.9964E-05 9.9964E-05 9.9964E-05 0.505838 0.0174963 0.0379947 0.0737284 9.9964E-05
0.0637131 0.143911 9.9964E-05 0.130777 9.9964E-05 0.438655 0.00517546 9.9964E-05 0.217369 9.9964E-05
0.0463529 9.9973E-05 0.0728088 0.0118998 0.0905422 0.588061 0.0575342 9.9973E-05 0.132501 9.9973E-05
0.0914325 0.0203132 0.0299643 0.0349662 0.0269191 0.50601 0.05329 0.0191501 0.109046 0.108909
0.0311773 0.288498 9.9964E-05 0.0107406 9.9964E-05 0.575557 0.00887054 9.9964E-05 0.0847557 9.9964E-05
9.9982E-05 0.0911783 0.0733569 0.0174736 0.158372 0.462255 0.0843829 0.00748882 0.105293 9.9982E-05
0.0410967 0.101053 0.100718 0.0367769 0.0301087 0.512352 0.00396491 0.0595992 0.114231 9.9991E-05
9.9973E-05 0.278842 9.9973E-05 0.00278685 0.170353 0.328434 0.0758094 0.03201 0.111465 9.9973E-05
0.0212454 0.0342596 9.9973E-05 0.0198246 0.0855168 0.658066 9.9973E-05 0.0392869 0.141501 9.9973E-05
0.0888702 0.0943917 9.9964E-05 9.9964E-05 0.0029983 0.684467 9.9964E-05 0.0492535 0.0796199 9.9964E-05
0.04717 0.307055 0.0547841 0.156378 9.9973E-05 0.195437 0.0270681 9.9973E-05 0.211808 9.9973E-05
0.247224 0.257264 9.9964E-05 9.9964E-05 0.171553 0.123247 0.0964141 9.9964E-05 0.103899 9.9964E-05
0.0653338 0.0458103 0.0177938 0.0738282 9.9982E-05 0.531751 0.0470651 9.9982E-05 0.2032 0.015018
0.126732 0.0797294 0.0991889 0.243928 0.132961 0.0210598 9.9982E-05 0.0044968 0.291704 9.9982E-05
0.107789 0.345474 9.9991E-05 0.0468197 0.051502 0.22914 0.000609138 0.00451556 0.172185 0.041865
0.104347 0.177383 9.9964E-05 0.104644 9.9964E-05 0.367221 9.9964E-05 9.9964E-05 0.187426 0.0585795
0.0226282 0.345274 9.9964E-05 0.103487 9.9964E-05 0.288612 9.9964E-05 0.0328981 0.206702 9.9964E-05
0.008126 0.460294 9.9973E-05 0.0928632 9.9973E-05 0.204487 0.0349206 9.9973E-05 0.197569 0.00144047
0.0527353 0.126018 9.9982E-05 0.0412594 0.0562184 0.607213 0.00951257 0.0733916 9.9982E-05 0.0334521
0.043606 9.9964E-05 0.0372231 0.15306 9.9964E-05 0.550846 0.106139 9.9964E-05 0.108726 9.9964E-05
0.0802604 0.171815 9.9973E-05 0.0508693 0.0175564 0.502783 0.0771615 9.9973E-05 0.0992542 9.9973E-05
0.0967202 0.207214 0.0772917 0.223612 0.158537 0.0467115 9.9982E-05 0.00834924 0.181365 9.9982E-05
0.0440908 0.0442256 0.0357599 9.9982E-05 0.109206 0.530548 0.0293233 9.9982E-05 0.0800519 0.126595
0.0484761 0.10513 0.0361538 0.046577 0.187327 0.489353 0.0350954 9.9982E-05 9.9982E-05 0.051688
0.112117 9.9964E-05 9.9964E-05 0.222931 0.474337 9.9964E-05 0.128188 0.0265927 0.0354337 9.9964E-05
0.128149 9.9973E-05 9.9973E-05 0.115683 0.0113243 0.587437 0.0143206 0.0193793 9.9973E-05 0.123407
0.00999282 0.0354151 9.9964E-05 0.188079 0.305387 0.360715 9.9964E-05 9.9964E-05 9.9964E-05 0.100011
0.149934 0.0242275 0.0663407 0.132932 0.0621769 0.430182 0.0131853 0.0148297 9.9991E-05 0.106092
0.0258649 0.0112765 9.9982E-05 0.0809984 0.43497 0.279713 9.9982E-05 0.0114334 0.0972275 0.0583164
0.0654237 0.0208535 9.9982E-05 0.131152 0.391726 0.218617 0.093933 0.0111957 0.0668983 9.9982E-05
0.0660077 0.087639 9.9973E-05 0.13529 0.168301 0.40788 9.9973E-05 9.9973E-05 0.0799321 0.0546512
0.0945276 0.00495247 0.057027 0.133497 0.0571904 0.405658 0.0709335 0.0212005 0.134645 0.0203687
0.0498421 0.187562 0.0937622 0.018379 0.157422 0.341743 0.0266578 9.9991E-05 0.0472627 0.077269
0.0574584 0.170038 0.12618 0.243832 0.361791 9.9973E-05 9.9973E-05 9.9973E-05 0.00505571 0.0353451
0.131538 0.0664105 0.0566512 0.15262 9.9973E-05 0.46639 0.0308746 9.9973E-05 9.9973E-05 0.0952155
0.0748804 0.160363 9.9964E-05 0.0821918 0.306966 0.325001 9.9964E-05 9.9964E-05 0.0501977 9.9964E-05
0.0225512 0.223915 9.9955E-05 0.125565 0.18785 0.439619 9.9955E-05 9.9955E-05 9.9955E-05 9.9955E-05
9.9973E-05 0.0739733 0.0327661 0.107738 0.0939286 0.565716 0.0574811 0.0680966 9.9973E-05 9.9973E-05
9.9973E-05 0.0235889 0.21493 9.9973E-05 0.293589 0.179374 0.0373264 0.0415895 9.9973E-05 0.209302
9.9955E-05 9.9955E-05 0.129129 9.9955E-05 0.35054 9.9955E-05 0.006388 0.00747216 9.9955E-05 0.505971
0.0696278 9.9955E-05 0.116522 9.9955E-05 0.377209 9.9955E-05 0.0828004 9.9955E-05 9.9955E-05 0.353341
9.9973E-05 0.00551602 0.292807 9.9973E-05 0.201092 0.137091 0.0911665 0.0322887 9.9973E-05 0.239739
0.0319663 9.9955E-05 9.9955E-05 0.0720064 0.253199 0.617602 9.9955E-05 9.9955E-05 0.0247274 9.9955E-05
0.0712753 0.0930769 0.0608492 9.9973E-05 0.164658 0.546272 0.0388329 9.9973E-05 0.0247359 9.9973E-05
9.9955E-05 0.0475754 0.668773 9.9955E-05 9.9955E-05 0.262003 9.9955E-05 0.00364859 0.0175 9.9955E-05
9.9982E-05 0.0649339 0.361172 0.0305832 9.9982E-05 0.369711 0.0653581 0.0467041 0.0513743 0.0099635
0.0263629 9.9973E-05 0.320439 9.9973E-05 9.9973E-05 0.432318 0.0896169 0.024711 0.0712034 0.035049
0.168845 0.0441172 9.9964E-05 0.0824214 0.348109 0.345698 9.9964E-05 0.0104089 9.9964E-05 9.9964E-05
0.0884189 0.0424173 0.0218355 0.149349 0.161005 0.424239 0.0742728 0.00827408 0.030088 9.9991E-05
0.178269 9.9955E-05 9.9955E-05 0.028698 0.528442 0.260513 9.9955E-05 0.00357928 9.9955E-05 9.9955E-05
0.00147956 0.024964 9.9955E-05 0.0947004 0.296824 0.581532 9.9955E-05 9.9955E-05 9.9955E-05 9.9955E-05
0.204145 0.00554307 9.9973E-05 0.0607028 0.213106 0.472793 9.9973E-05 9.9973E-05 0.0141408 0.02927
0.0400602 0.0137685 9.9973E-05 9.9973E-05 0.292001 0.593837 9.9973E-05 0.0253785 0.0104843 0.0241707
0.130993 0.0796166 9.9964E-05 0.159308 0.4209 0.206591 9.9964E-05 0.00219194 9.9964E-05 9.9964E-05
0.0651105 9.9973E-05 0.082674 0.0251756 0.11457 0.628707 9.9973E-05 9.9973E-05 0.0687834 0.0146799
0.114629 0.0324647 0.0676372 0.0821856 0.116182 0.511308 9.9973E-05 9.9973E-05 9.9973E-05 0.0752937
0.0505191 9.9946E-05 0.929557 9.9946E-05 9.9946E-05 0.00696955 0.012355 9.9946E-05 9.9946E-05 9.9946E-05
0.0161574 0.0105542 0.820956 0.0375445 9.9955E-05 0.114288 9.9955E-05 9.9955E-05 9.9955E-05 9.9955E-05
0.0412754 0.0163898 0.49609 0.0398265 9.9973E-05 0.323441 9.9973E-05 0.00355201 9.9973E-05 0.0791256
9.9937E-05 9.9937E-05 0.684586 9.9937E-05 9.9937E-05 0.274477 9.9937E-05 9.9937E-05 0.040237 9.9937E-05
9.9946E-05 9.9946E-05 0.826227 0.0432882 9.9946E-05 0.122945 9.9946E-05 9.9946E-05 0.00694 9.9946E-05
9.9928E-05 9.9928E-05 0.996824 9.9928E-05 9.9928E-05 9.9928E-05 9.9928E-05 0.00237636 9.9928E-05 9.9928E-05
9.9946E-05 9.9946E-05 0.947302 9.9946E-05 9.9946E-05 9.9946E-05 0.000600907 0.00346613 0.0480317 9.9946E-05
9.9928E-05 9.9928E-05 0.851867 9.9928E-05 9.9928E-05 0.147334 9.9928E-05 9.9928E-05 9.9928E-05 9.9928E-05
0.000415347 0.0351698 0.954851 9.9955E-05 9.9955E-05 0.00443068 9.9955E-05 9.9955E-05 0.00463324 9.9955E-05
9.99201E-05 9.99201E-05 0.999101 9.99201E-05 9.99201E-05 9.99201E-05 9.99201E-05 9.99201E-05 9.99201E-05 9.99201E-05
9.9928E-05 9.9928E-05 0.968045 9.9928E-05 9.9928E-05 9.9928E-05 9.9928E-05 0.0311558 9.9928E-05 9.9928E-05
9.9955E-05 0.0467255 0.678929 9.9955E-05 9.9955E-05 0.191992 9.9955E-05 0.0762312 9.9955E-05 0.00562337
9.9955E-05 0.0109464 0.806394 9.9955E-05 9.9955E-05 0.12145 9.9955E-05 9.9955E-05 0.0308999 0.0298103
9.9946E-05 9.9946E-05 0.958221 0.0267554 9.9946E-05 9.9946E-05 9.9946E-05 0.00519674 9.9946E-05 0.00922755
9.9973E-05 0.078955 0.409153 0.0447275 0.0896968 0.216432 0.0833686 9.9973E-05 0.0773664 9.9973E-05
9.9946E-05 9.9946E-05 0.634097 9.9946E-05 9.9946E-05 0.221389 9.9946E-05 0.0657723 0.0781421 9.9946E-05
9.9973E-05 0.0108357 0.776399 9.9973E-05 9.9973E-05 0.138393 0.0231027 0.0107528 0.0284477 0.0117693
9.9955E-05 0.0461014 0.856427 9.9955E-05 9.9955E-05 0.0869591 9.9955E-05 0.00510323 0.00490987 9.9955E-05
0.00438341 9.9946E-05 0.983486 9.9946E-05 9.9946E-05 0.0105076 0.00102376 9.9946E-05 9.9946E-05 9.9946E-05
9.9955E-05 9.9955E-05 0.872432 9.9955E-05 9.9955E-05 0.0717564 0.0205323 0.0177747 0.0170051 9.9955E-05
9.9928E-05 9.9928E-05 0.993636 9.9928E-05 9.9928E-05 9.9928E-05 9.9928E-05 0.00556469 9.9928E-05 9.9928E-05
0.0283778 0.0510158 0.646977 0.0337625 9.9973E-05 0.185507 0.0448711 9.9973E-05 0.00918853 9.9973E-05
9.9955E-05 0.0499189 0.88133 0.0584771 0.00956213 9.9955E-05 9.9955E-05 9.9955E-05 0.000212085 9.9955E-05
0.0964872 0.00880618 0.0386407 0.00390759 0.545064 9.9973E-05 0.0616441 9.9973E-05 9.9973E-05 0.24515
9.9982E-05 9.9982E-05 0.020073 0.0599272 0.190894 0.376048 0.0337448 0.052029 0.137283 0.129801
0.00678495 0.0129573 0.0793256 0.0278572 0.275052 0.413832 9.9982E-05 0.00496273 9.9982E-05 0.179029
0.0145592 9.9982E-05 0.090526 0.0257422 0.452261 0.181811 9.9982E-05 0.0283486 0.0182901 0.188262
0.0645203 0.0246769 0.175697 0.0757748 0.213754 0.392003 0.0112512 9.9991E-05 0.00977508 0.0324477
0.0208937 9.9973E-05 0.0677901 0.0776107 0.413588 0.155383 9.9973E-05 0.0396548 9.9973E-05 0.22478
0.0861795 0.0472071 0.101412 0.0642337 0.12489 0.369756 0.117886 0.0301065 0.0259064 0.0324223
9.9946E-05 9.9946E-05 0.168035 9.9946E-05 0.376582 0.326151 9.9946E-05 9.9946E-05 9.9946E-05 0.128632
9.9964E-05 9.9964E-05 0.162721 9.9964E-05 0.19496 0.400489 9.9964E-05 0.0875974 0.0789644 0.0748682
0.0066226 9.9973E-05 0.154917 9.9973E-05 0.382509 0.301746 0.0785198 0.0473696 9.9973E-05 0.0280157
9.9955E-05 9.9955E-05 0.126883 9.9955E-05 0.218559 0.454769 9.9955E-05 0.00724497 9.9955E-05 0.192044
9.9955E-05 9.9955E-05 9.9955E-05 9.9955E-05 0.0474949 0.053962 0.00240847 9.9955E-05 0.0607505 0.834884
0.0313604 9.9955E-05 0.0221826 9.9955E-05 9.9955E-05 9.9955E-05 0.0991781 0.112083 9.9955E-05 0.734696
9.9964E-05 9.9964E-05 9.9964E-05 9.9964E-05 0.0057437 0.00834782 0.00537773 0.0394321 0.00651911 0.93418
9.9955E-05 9.9955E-05 9.9955E-05 9.9955E-05 9.9955E-05 0.0374879 0.00938566 0.0234958 0.0193293 0.909802
9.9973E-05 0.00428297 0.00670008 9.9973E-05 0.0453357 0.043956 9.9973E-05 0.0834359 0.0322844 0.783705
0.0298628 9.9955E-05 0.0541139 9.9955E-05 9.9955E-05 9.9955E-05 0.21482 0.0633392 9.9955E-05 0.637365
9.9955E-05 9.9955E-05 0.0886745 0.0132138 9.9955E-05 9.9955E-05 0.169953 0.0783677 9.9955E-05 0.649291
0.0366771 0.0172935 9.9982E-05 0.00452982 0.0311931 9.9982E-05 0.124367 0.0239086 0.00378999 0.758041
9.9955E-05 9.9955E-05 0.0416894 0.0532593 9.9955E-05 9.9955E-05 0.0361429 0.0242398 9.9955E-05 0.844169
9.9955E-05 0.0329642 0.107831 9.9955E-05 9.9955E-05 9.9955E-05 0.170679 0.0217502 9.9955E-05 0.666275
0.0409643 0.232672 9.9964E-05 0.0429368 9.9964E-05 9.9964E-05 9.9964E-05 0.0458103 0.0600419 0.577175
9.9964E-05 0.1629 9.9964E-05 0.0573553 9.9964E-05 9.9964E-05 0.0074489 0.0250234 0.172528 0.574344
0.0426372 0.237495 9.9973E-05 9.9973E-05 0.0902796 9.9973E-05 0.109926 0.04514 0.074016 0.400207
0.0281724 0.212366 9.9964E-05 0.0576231 0.0181399 9.9964E-05 9.9964E-05 9.9964E-05 0.139254 0.544045
0.017248 0.226346 9.9964E-05 0.16606 9.9964E-05 0.50269 9.9964E-05 9.9964E-05 0.0347084 0.052547
0.129546 0.20731 0.0031566 0.0968894 9.9973E-05 0.507669 0.00800709 9.9973E-05 9.9973E-05 0.0471215
9.9964E-05 0.119298 0.0246864 0.153069 9.9964E-05 0.560054 9.9964E-05 9.9964E-05 0.116665 0.0258273
0.050378 0.298342 9.9973E-05 0.140793 0.095872 0.305997 9.9973E-05 0.0330696 0.0752489 9.9973E-05
9.9946E-05 0.368362 9.9946E-05 0.12582 9.9946E-05 0.121933 9.9946E-05 9.9946E-05 0.383286 9.9946E-05
0.127864 0.0330849 0.106086 0.10272 0.0109959 0.547008 9.9973E-05 9.9973E-05 9.9973E-05 0.0719417
0.0503742 0.123956 0.0152586 0.21814 9.9973E-05 0.512858 0.0386712 9.9973E-05 0.0404425 9.9973E-05
0.0607245 9.9964E-05 9.9964E-05 0.29784 0.0421004 0.513838 9.9964E-05 0.0410705 0.0440275 9.9964E-05
0.0146131 9.9964E-05 0.0468337 0.513858 0.0433695 0.362954 9.9964E-05 9.9964E-05 0.0179716 9.9964E-05
0.0570566 0.00551926 0.0609048 0.0497553 0.0716891 0.548827 0.100493 0.00265321 0.103002 9.9991E-05
0.0768361 0.0766491 9.9964E-05 0.344845 9.9964E-05 0.433115 0.00300832 9.9964E-05 0.0651472 9.9964E-05
0.154249 9.9955E-05 9.9955E-05 0.733209 0.0429606 9.9955E-05 0.0435859 9.9955E-05 0.0254959 9.9955E-05
0.0523154 0.153128 0.0192308 0.140195 9.9982E-05 0.501744 0.00929937 0.0315543 0.0923327 9.9982E-05
0.0892216 0.0234987 9.9964E-05 0.555522 0.145765 0.184721 0.000871292 9.9964E-05 9.9964E-05 9.9964E-05
0.0165286 0.0473305 9.9973E-05 0.420131 9.9973E-05 0.468656 0.0174483 0.0144421 0.0151636 9.9973E-05
0.00992007 0.164656 9.9973E-05 0.543323 9.9973E-05 0.0621201 0.0459832 9.9973E-05 0.127927 0.0457704
9.9946E-05 9.9946E-05 0.0109821 9.9946E-05 0.0874585 9.9946E-05 9.9946E-05 9.9946E-05 0.760512 0.140447
9.9955E-05 9.9955E-05 9.9955E-05 9.9955E-05 0.0342949 0.100138 0.0220539 9.9955E-05 0.781595 0.0614192
0.063 9.9955E-05 9.9955E-05 9.9955E-05 9.9955E-05 0.0212096 9.9955E-05 0.00769552 0.89165 0.0159449
0.0124656 9.9955E-05 9.9955E-05 0.0623145 0.0108771 9.9955E-05 9.9955E-05 9.9955E-05 0.814408 0.0994346
0.0170918 0.0627519 0.0444523 0.00390691 0.0504407 0.0323487 0.0116216 0.0118912 0.765395 9.9991E-05
0.012182 9.9955E-05 0.0353373 9.9955E-05 9.9955E-05 0.0823868 0.0507692 9.9955E-05 0.818825 9.9955E-05
9.9964E-05 9.9964E-05 0.00826862 0.00615019 9.9964E-05 0.103272 0.0731239 0.0580083 9.9964E-05 0.750777
9.9955E-05 0.000618698 0.0268533 9.9955E-05 9.9955E-05 0.0948048 9.9955E-05 9.9955E-05 0.0761336 0.80109
9.9955E-05 9.9955E-05 0.131826 9.9955E-05 9.9955E-05 0.102713 0.0772676 0.0798691 9.9955E-05 0.607825
9.9964E-05 0.0885259 0.0889288 9.9964E-05 9.9964E-05 0.0700034 9.9964E-05 0.0231289 0.00266888 0.726344
9.9946E-05 9.9946E-05 0.0498206 9.9946E-05 0.00862751 0.128774 9.9946E-05 9.9946E-05 9.9946E-05 0.812179
9.9973E-05 0.0655592 9.9973E-05 0.0604244 0.05394 9.9973E-05 0.0346349 0.0413496 0.42921 0.314582
0.0483973 9.9964E-05 9.9964E-05 0.0736679 0.00852459 9.9964E-05 9.9964E-05 0.00207636 0.372441 0.494493
9.9946E-05 9.9946E-05 9.9946E-05 0.136862 9.9946E-05 9.9946E-05 0.00161923 9.9946E-05 0.411359 0.44956
9.99201E-05 9.99201E-05 9.99201E-05 9.99201E-05 9.99201E-05 9.99201E-05 9.99201E-05 0.999101 9.99201E-05 9.99201E-05
0.0263048 0.0221888 9.9973E-05 0.0781741 0.0399497 9.9973E-05 9.9973E-05 0.0130343 0.460035 0.360014
0.029825 0.0334417 0.326063 9.9973E-05 0.136936 0.262975 0.0443186 9.9973E-05 9.9973E-05 0.166142
9.9982E-05 0.00339453 0.210173 0.00691261 0.095866 0.541881 0.0461088 9.9982E-05 0.0199463 0.0755183
9.9964E-05 0.0473018 0.228551 9.9964E-05 9.9964E-05 0.522086 0.0581455 0.0473017 9.9964E-05 0.0962142
9.9964E-05 9.9964E-05 0.251741 0.133791 0.0668604 0.324897 0.00747509 9.9964E-05 9.9964E-05 0.214836
0.0702483 0.18816 0.169336 9.9964E-05 9.9964E-05 0.42729 0.0363373 9.9964E-05 9.9964E-05 0.108229
9.9946E-05 9.9946E-05 0.304594 9.9946E-05 0.269082 9.9946E-05 0.1361 9.9946E-05 9.9946E-05 0.289625
0.021942 0.35486 9.9964E-05 9.9964E-05 0.0456649 0.427563 9.9964E-05 9.9964E-05 0.107747 0.0418227
0.207949 0.0829363 9.9982E-05 0.123458 0.0429521 0.379571 0.0146362 9.9982E-05 0.112807 0.0354908
0.0181855 0.53597 9.9973E-05 9.9973E-05 9.9973E-05 0.164093 0.0403445 0.00889346 0.163025 0.0691884
0.299066 0.117121 9.9973E-05 0.020848 0.0703425 0.396864 0.0106356 9.9973E-05 0.0848223 9.9973E-05
0.357968 0.123782 9.9955E-05 0.169334 0.271115 9.9955E-05 9.9955E-05 9.9955E-05 0.077301 9.9955E-05
0.0358017 0.154369 0.136776 0.0262898 0.0485236 0.474339 0.00983676 0.0574297 0.0565344 9.9991E-05
0.105831 0.157774 9.9973E-05 0.119145 0.0537678 0.472239 9.9973E-05 9.9973E-05 0.0545995 0.0363442
0.0507537 0.482174 9.9982E-05 0.0377564 0.00735794 0.245896 0.0174586 0.013663 0.14474 9.9982E-05
0.0269781 0.160052 0.0421104 0.0542604 9.9982E-05 0.524236 9.9982E-05 0.00661829 0.101195 0.0843494
0.139978 0.436733 9.9964E-05 0.0464032 0.284764 0.0643178 9.9964E-05 9.9964E-05 0.0274043 9.9964E-05
0.129001 0.186568 0.0353594 9.9982E-05 0.0803808 0.429361 0.00862823 0.0385991 0.0919021 9.9982E-05
0.0073907 0.249547 0.00941369 9.9973E-05 0.0519438 0.519595 9.9973E-05 0.0143413 0.147468 9.9973E-05
9.9973E-05 0.0474781 0.205812 0.139318 0.0555518 0.354861 9.9973E-05 9.9973E-05 0.0651156 0.131564
0.201247 0.389994 9.9955E-05 9.9955E-05 0.0488113 0.310533 9.9955E-05 9.9955E-05 0.0489155 9.9955E-05
0.162754 0.243608 0.0158852 0.0215077 9.9973E-05 0.379473 9.9973E-05 9.9973E-05 0.10345 0.0730221
0.182361 0.104311 0.0686009 9.9955E-05 0.12158 0.522647 9.9955E-05 9.9955E-05 9.9955E-05 9.9955E-05
0.106983 0.122025 9.9982E-05 0.0335179 0.00957245 0.528513 0.00381153 9.9982E-05 0.176884 0.0184922
0.148446 0.15422 0.0310672 0.00791102 9.9982E-05 0.572227 9.9982E-05 0.0136931 0.0311263 0.0411099
9.9982E-05 0.20131 0.0625164 0.0519964 0.0926283 0.399085 0.121672 9.9982E-05 0.0633268 0.00726433
0.0135272 0.193462 0.0242597 9.9991E-05 0.133694 0.442515 0.0982712 0.0247421 0.0680817 0.00134682
9.99201E-05 9.99201E-05 9.99201E-05 9.99201E-05 9.99201E-05 9.99201E-05 0.999101 9.99201E-05 9.99201E-05 9.99201E-05
9.9928E-05 9.9928E-05 9.9928E-05 9.9928E-05 9.9928E-05 9.9928E-05 0.984254 9.9928E-05 9.9928E-05 0.0149465
9.9964E-05 0.0441375 9.9964E-05 9.9964E-05 0.00576862 0.0340546 0.527979 9.9964E-05 0.0268629 0.360797
9.9928E-05 9.9928E-05 9.9928E-05 9.9928E-05 9.9928E-05 9.9928E-05 0.991356 0.00784424 9.9928E-05 9.9928E-05
9.9946E-05 9.9946E-05 9.9946E-05 9.9946E-05 9.9946E-05 0.0365775 0.803744 0.062167 9.9946E-05 0.0969122
9.9955E-05 0.601952 9.9955E-05 9.9955E-05 0.0564244 0.123228 0.043906 9.9955E-05 0.17399 9.9955E-05
0.1405 0.199677 0.0931673 0.0289219 9.9982E-05 0.345984 0.128009 9.9982E-05 0.0619155 0.00162635
0.0953744 9.9973E-05 0.140736 0.0256709 0.091083 0.47879 0.00749467 9.9973E-05 9.9973E-05 0.16055
0.0578623 0.197626 0.00544035 0.041039 9.9982E-05 0.615638 0.0238173 0.0230742 0.0353031 9.9982E-05
9.9955E-05 0.15031 9.9955E-05 0.156013 9.9955E-05 0.459564 0.125931 9.9955E-05 0.107683 9.9955E-05
0.178481 0.138802 0.0294954 9.9973E-05 0.212473 0.184476 9.9973E-05 0.0206673 0.235304 9.9973E-05
9.9946E-05 0.392312 9.9946E-05 9.9946E-05 0.124342 9.9946E-05 0.238108 9.9946E-05 0.244638 9.9946E-05
0.0204028 0.14172 9.9982E-05 0.00419882 0.0738708 0.477628 0.0113929 0.0429901 0.227597 9.9982E-05
0.165246 0.417978 9.9973E-05 0.0134782 9.9973E-05 0.109561 9.9973E-05 0.00432666 0.179705 0.109405
0.0988878 9.9973E-05 0.00272914 0.132536 0.0495481 0.465015 9.9973E-05 9.9973E-05 0.167082 0.0839016
0.107708 0.467043 0.00563039 0.0533585 9.9982E-05 9.9982E-05 0.0586543 0.0201076 0.216788 0.0705097
0.0604774 0.072335 0.00448928 9.9973E-05 9.9973E-05 0.594018 0.133329 0.0152683 0.119783 9.9973E-05
0.0202641 0.566166 0.0106924 0.0188135 0.0346732 0.101705 9.9991E-05 0.0159302 0.181428 0.0502273
0.0980177 0.242492 9.9973E-05 9.9973E-05 0.110813 0.309335 0.0971268 0.0113352 0.130581 9.9973E-05
0.031562 0.09581 0.0463022 9.9973E-05 0.251369 0.476523 0.0365586 9.9973E-05 0.0615755 9.9973E-05
0.0721431 0.0309298 9.9964E-05 9.9964E-05 0.498125 0.323735 0.0118799 9.9964E-05 0.0627871 9.9964E-05
9.9982E-05 0.0815615 0.0325867 0.0515684 0.207723 0.538094 0.0270053 9.9982E-05 0.0369869 0.0242742
0.00523643 9.9973E-05 9.9973E-05 0.0289265 0.15383 0.603375 0.0921404 9.9973E-05 0.0496903 0.0665023
0.0955021 9.99459E-05 9.99459E-05 9.99459E-05 0.412502 0.370155 9.99459E-05 9.99459E-05 0.121241 9.99459E-05
0.0969068 0.100102 0.0742039 0.00534378 0.0908534 0.576585 0.0213228 9.9991E-05 0.00155459 0.0330276
0.139824 9.9973E-05 9.9973E-05 0.0302938 0.22736 0.543346 0.0228524 0.0248532 0.0111704 9.9973E-05
0.0912342 9.9955E-05 9.9955E-05 0.111051 0.579224 0.110419 9.9955E-05 9.9955E-05 0.107572 9.9955E-05
0.0438771 9.9955E-05 9.9955E-05 0.075861 0.574718 0.294889 9.9955E-05 9.9955E-05 0.0101554 9.9955E-05
0.0850533 9.9955E-05 9.9955E-05 9.9955E-05 0.318145 0.526618 9.9955E-05 0.01074 0.0589433 9.9955E-05
0.0679281 9.9964E-05 9.9964E-05 0.13912 0.494271 0.201791 9.9964E-05 0.00330409 0.093186 9.9964E-05
9.9955E-05 0.0319304 9.9955E-05 0.0931117 0.352958 0.418234 9.9955E-05 9.9955E-05 0.103266 9.9955E-05
9.9982E-05 0.496966 0.0145268 0.0791073 9.9982E-05 0.0381116 0.0336264 0.0197944 0.297206 0.0204619
0.266084 0.372448 9.9964E-05 0.0119195 0.0583307 0.185588 9.9964E-05 9.9964E-05 0.10523 9.9964E-05
0.059438 0.351726 0.00371896 0.0245215 9.9982E-05 0.300992 0.0705624 0.00854339 0.180297 9.9982E-05
0.00263418 0.140117 0.0546156 0.00576514 0.00919192 0.60776 9.9991E-05 0.0251094 0.142129 0.0125776
0.0173226 0.404851 9.9964E-05 0.0846084 9.9964E-05 0.240425 0.00567368 9.9964E-05 0.246719 9.9964E-05
0.16799 0.0312668 0.0680905 0.0634817 0.0117248 0.440376 9.9991E-05 0.0397156 0.106716 0.0705389
9.9973E-05 0.17932 0.0908883 9.9973E-05 0.0308646 0.528141 0.0507238 0.0366566 0.0831052 9.9973E-05
0.0844944 0.25059 0.089828 0.0172357 0.058098 0.346999 9.9991E-05 0.0101897 0.13791 0.00455541
0.058187 0.211672 0.0468128 9.9964E-05 9.9964E-05 0.471519 9.9964E-05 0.0509241 0.160486 9.9964E-05
9.9982E-05 0.138349 0.00105489 0.155954 9.9982E-05 0.449946 0.0185983 0.0374493 0.168858 0.0295907
0.00194586 0.397301 0.065681 0.0857773 9.9973E-05 0.171304 0.00295989 9.9973E-05 0.274731 9.9973E-05
0.0624947 0.241562 0.07319 9.9964E-05 9.9964E-05 0.312367 0.0195815 9.9964E-05 0.290406 9.9964E-05
0.095839 0.150344 0.0831504 0.00376419 0.0297292 0.512508 0.0227124 0.025031 0.0768213 9.9991E-05
9.9973E-05 0.190467 0.0545333 9.9973E-05 0.0342711 0.592786 0.0182467 0.0477049 0.0616908 9.9973E-05
0.150506 0.140473 0.00330046 9.9991E-05 0.0788096 0.329816 0.10327 0.0527728 0.136225 0.00472763
0.175961 0.183641 0.0677084 9.99551E-05 9.99551E-05 0.460329 9.99551E-05 9.99551E-05 0.111861 9.99551E-05
0.0280895 0.193671 0.0342977 9.9973E-05 0.033344 0.32278 0.151607 9.9973E-05 0.235911 9.9973E-05
0.0255926 0.218617 9.9973E-05 0.0317019 9.9973E-05 0.562524 0.108544 0.0123829 0.0403385 9.9973E-05
0.0603798 0.19354 0.0562632 0.0422897 9.9973E-05 0.489205 9.9973E-05 9.9973E-05 0.00620189 0.15182
0.162311 0.152488 0.0590983 9.9982E-05 9.9982E-05 0.47494 0.0580884 0.00837793 0.0621144 0.0223822
9.9982E-05 0.0415666 0.1052 0.030349 0.0450909 0.390203 0.205087 0.0369214 9.9982E-05 0.145382
0.0158304 9.9973E-05 0.231719 0.119741 0.0429889 0.449596 0.0950104 0.0448137 9.9973E-05 9.9973E-05
0.080041 0.164951 0.124847 0.043254 9.9982E-05 0.391657 0.0714983 0.0504704 9.9982E-05 0.0730813
0.0069664 0.0874416 0.0908193 9.9982E-05 0.0207146 0.606978 9.9982E-05 0.0668464 0.0278828 0.0921512
0.0343394 0.140396 0.223633 0.0757094 9.9982E-05 0.361423 0.132073 0.016593 9.9982E-05 0.0156337
0.124397 0.288669 0.0225669 9.9973E-05 0.157616 0.367588 9.9973E-05 0.00739312 0.0314694 9.9973E-05
0.035403 9.9982E-05 0.105052 0.0472931 0.0998875 0.51479 0.0245658 9.9982E-05 0.049308 0.123501
9.9964E-05 0.0635357 0.13133 0.15951 0.424727 9.9964E-05 0.062681 9.9964E-05 9.9964E-05 0.157816
0.0313563 0.2085 0.228013 0.0311574 0.0227001 0.330169 0.124219 9.9982E-05 0.0236856 9.9982E-05
0.0984804 0.0375093 0.137768 9.9982E-05 0.0261659 0.523562 9.9982E-05 0.0339804 0.0812954 0.0610385
0.0483733 0.0411319 0.243325 0.0391226 9.99922E-05 0.420906 0.00282492 0.0437396 0.118979 0.0414986
9.9991E-05 0.233482 0.138541 0.112109 0.13917 0.177964 0.0139621 0.0473891 0.0141514 0.123131
9.9973E-05 9.9973E-05 0.118905 0.0573867 0.0354694 0.536796 0.0245296 0.0563863 9.9973E-05 0.170227
0.124225 9.9973E-05 0.168397 9.9973E-05 0.0419777 0.479827 0.0725455 0.0950869 9.9973E-05 0.0176403
9.9964E-05 0.0212922 0.188528 9.9964E-05 0.30711 9.9964E-05 0.095868 0.0624659 9.9964E-05 0.324336
0.02659 0.0144035 0.196675 0.0351808 0.038583 0.511203 0.0317615 0.0686411 9.9991E-05 0.0768619
0.0436397 9.9982E-05 0.165353 0.0632171 0.0143036 0.47257 0.0587608 0.0434394 9.9982E-05 0.138517
0.0766606 0.053538 0.119061 0.0633096 0.0572933 0.522426 0.0722493 9.9982E-05 9.9982E-05 0.0352615
9.9955E-05 9.9955E-05 0.173806 9.9955E-05 0.0787197 0.536035 9.9955E-05 0.0520356 9.9955E-05 0.158904
0.0302546 9.9982E-05 0.0838209 0.00533719 0.0589737 0.52707 0.00820358 9.9982E-05 0.0814456 0.204694
0.402321 9.9982E-05 0.0637304 0.0400533 9.9982E-05 0.361305 0.0396906 0.0179059 0.0739177 0.000876464
0.265954 9.9982E-05 9.9982E-05 0.0586449 0.0566958 0.462153 0.00310817 0.0389411 0.0638502 0.0504531
0.793381 0.125427 9.9955E-05 0.0333883 0.0354191 9.9955E-05 9.9955E-05 9.9955E-05 0.0118851 9.9955E-05
0.877439 9.99369E-05 9.99369E-05 0.0466908 9.99369E-05 9.99369E-05 9.99369E-05 9.99369E-05 0.0751702 9.99369E-05
0.341143 0.0489369 0.110023 0.082945 9.9973E-05 0.336162 0.00580478 0.0746847 9.9973E-05 9.9973E-05
9.9955E-05 0.173831 0.290436 9.9955E-05 0.0996196 0.330662 9.9955E-05 9.9955E-05 9.9955E-05 0.104951
0.24371 9.9964E-05 0.327256 9.9964E-05 0.0143533 0.308291 9.9964E-05 0.036847 9.9964E-05 0.0691421
0.139438 0.0923285 0.247832 9.9973E-05 0.155055 0.13821 9.9973E-05 0.0234562 9.9973E-05 0.20338
0.155207 9.9973E-05 0.31554 9.9973E-05 0.0612876 0.26514 0.00567303 0.0488711 9.9973E-05 0.147981
0.61464 9.9955E-05 0.0557703 9.9955E-05 0.192086 0.0521665 0.0848372 9.9955E-05 9.9955E-05 9.9955E-05
0.654475 9.9973E-05 0.0590705 9.9973E-05 0.049785 0.126477 0.0246016 0.0593145 9.9973E-05 0.0259768
0.378722 9.9937E-05 0.160289 9.9937E-05 9.9937E-05 0.460289 9.9937E-05 9.9937E-05 9.9937E-05 9.9937E-05
0.480461 9.9946E-05 0.131277 9.9946E-05 9.9946E-05 0.336011 9.9946E-05 9.9946E-05 9.9946E-05 0.051652
0.695544 9.9964E-05 0.0452515 9.9964E-05 9.9964E-05 0.158395 0.0305513 0.0697071 9.9964E-05 0.000151052
0.201915 0.0877376 0.0684087 9.9973E-05 0.0814628 0.492692 0.0365438 9.9973E-05 9.9973E-05 0.0309397
0.318192 9.9973E-05 0.0955602 9.9973E-05 0.0168541 0.512972 9.9973E-05 0.0117021 0.0204733 0.0239464
0.0821248 9.9973E-05 0.149894 0.0760384 0.0942544 0.374918 9.9973E-05 9.9973E-05 0.125497 0.0969729
0.549937 0.0162624 9.9973E-05 0.0679708 9.9973E-05 0.277727 0.0105054 0.00505291 0.0722454 9.9973E-05
0.449709 0.0688174 9.9973E-05 0.0594706 9.9973E-05 0.334359 9.9973E-05 0.0205456 0.0370354 0.0297627
0.320348 0.0286297 0.0357214 0.00224823 0.0502727 0.466044 0.00310831 0.0238055 0.069722 9.9991E-05
0.342592 0.0837192 0.0347172 0.0450185 0.054027 0.317609 0.000520553 0.0296748 0.0920216 9.9991E-05
0.048007 0.139413 0.128611 0.129141 0.139828 0.289211 9.9991E-05 0.00468644 0.0288251 0.0921762
0.396859 0.0282341 9.9955E-05 0.0245145 0.14481 0.405083 9.9955E-05 9.9955E-05 9.9955E-05 9.9955E-05
0.795646 9.9946E-05 9.9946E-05 9.9946E-05 0.0127896 0.12468 9.9946E-05 9.9946E-05 0.0662843 9.9946E-05
0.308601 9.9964E-05 9.9964E-05 0.0350747 0.0334082 0.565258 9.9964E-05 0.022688 9.9964E-05 0.0345697
0.713577 0.0719529 9.99549E-05 0.0465017 9.99549E-05 0.163065 9.99549E-05 9.99549E-05 0.00440272 9.99549E-05
0.545008 0.0614362 9.9955E-05 9.9955E-05 9.9955E-05 0.35203 9.9955E-05 0.0316833 0.00934211 9.9955E-05
0.200519 9.9991E-05 0.031325 0.0604827 0.00850466 0.501751 0.0479843 0.0644547 0.0629662 0.0219128
0.397644 9.9946E-05 9.9946E-05 9.9946E-05 9.9946E-05 0.480829 9.9946E-05 0.0526723 0.0682548 9.9946E-05
0.0309606 0.0390061 0.165282 9.9973E-05 0.0983686 0.446121 0.134596 9.9973E-05 9.9973E-05 0.0853658
0.106044 0.12142 0.185314 9.9982E-05 0.118961 0.306825 0.0334106 9.9982E-05 0.0372889 0.0905372
9.9991E-05 0.0520037 0.233118 0.0407554 0.115995 0.343624 0.166665 0.00106451 0.0221473 0.0245265
0.112371 0.13622 0.202444 9.9982E-05 0.0779326 0.296074 0.0612086 0.0721793 9.9982E-05 0.0413708
9.9973E-05 0.127439 0.137774 9.9973E-05 0.0697574 0.411375 0.0119692 9.9973E-05 0.109839 0.131545
0.21814 9.9973E-05 0.212938 9.9973E-05 0.0893264 0.337758 9.9973E-05 0.0302722 0.0289822 0.0822833
0.585506 9.9964E-05 0.132091 9.9964E-05 0.0893946 9.9964E-05 0.115416 0.0140515 9.9964E-05 0.0631413
0.0943717 0.0172389 0.13358 9.9991E-05 0.0566612 0.574525 0.0591737 0.0555036 0.00724626 0.00159977
0.454327 9.9955E-05 0.0568131 9.9955E-05 0.0977031 9.9955E-05 9.9955E-05 0.00307165 9.9955E-05 0.387585
0.259931 9.9955E-05 0.163356 9.9955E-05 9.9955E-05 0.487076 0.0390913 9.9955E-05 9.9955E-05 0.0500456
0.766569 9.9946E-05 9.9946E-05 0.210037 9.9946E-05 0.0224674 0.000326917 9.9946E-05 9.9946E-05 9.9946E-05
0.780832 9.9946E-05 9.9946E-05 0.177661 0.00227605 9.9946E-05 9.9946E-05 0.0386309 9.9946E-05 9.9946E-05
0.448042 0.105871 9.9946E-05 9.9946E-05 9.9946E-05 0.437921 9.9946E-05 0.00756641 9.9946E-05 9.9946E-05
